0 0.713045 0.604652 0.0698586 0.0989069
0 0.658595 0.604699 0.0688028 0.0993464
0 0.820058 0.602037 0.0765581 0.101821
0 0.873998 0.601715 0.076516 0.101722
0 0.76712 0.603393 0.0737862 0.101007
0 0.925312 0.601896 0.0836546 0.102171
6 0.298986 0.380457 0.597769 0.760914
0 0.60433 0.605384 0.0645218 0.0986574
6 0.455021 0.399962 0.910041 0.799925
6 0.242046 0.491019 0.483893 0.982038
7 0.215925 0.271989 0.387693 0.30313
0 0.197019 0.397016 0.394038 0.595628
6 0.391188 0.529827 0.782376 0.806284
6 0.145746 0.520085 0.288084 0.631309
7 0.150789 0.269825 0.255622 0.30022
6 0.212204 0.588301 0.42437 0.798206
6 0.568576 0.458005 0.842299 0.916009
7 0.289381 0.27103 0.43611 0.312277
6 0.104903 0.544352 0.209806 0.642343
6 0.0679527 0.530447 0.135428 0.687856
6 0.110253 0.410523 0.219488 0.684367
8 0.752144 0.741333 0.495712 0.517335
0 0.254659 0.417663 0.509318 0.528596
0 0.309938 0.348669 0.619877 0.697339
0 0.139184 0.354977 0.273666 0.616934
6 0.0693345 0.408646 0.13821 0.690823
