0 0.5400780000000001 0.0816355 0.5400780000000001 0.12744775 0.535785 0.1328165 0.5322076671875 0.1562595 0.5765676671875 0.15930175 0.5770446671875 0.13567975000000002 0.5818146671875 0.13084800000000002 0.5853919999999999 0.08646725 0.5808606671875001 0.08253025 0.5827686671875 0.068035 0.5379553328125 0.064449 0.5374546671875 0.064635 0.537693 0.07859325 0.5400780000000001 0.0816355
0 0.785834 0.1378665 0.7731936671875 0.1462775 0.7731936671875 0.15468825 0.7634153328125 0.1611305 0.763177 0.1736575 0.8020516671875001 0.175089 0.80229 0.16399375 0.8137376671875 0.1577305 0.8137376671875 0.15003550000000002 0.8256626671875 0.14090875 0.8323403328125 0.09831775000000001 0.8127836671875001 0.09455975 0.8125453328125 0.08937 0.7720173328125 0.08703525 0.7710473328125 0.10583374999999999 0.7896496671875 0.0949175 0.785834 0.1378665
0 0.8280473328125 0.139835 0.8134993328125001 0.14896175 0.8137376671875 0.15701475 0.8030056671875 0.16417275 0.8020516671875001 0.17455225000000002 0.8425956671874999 0.17634175000000002 0.843788 0.16453075 0.8547589999999999 0.1577305 0.8549973328125 0.151646 0.8685916671875 0.14287725 0.8726459999999999 0.0986755 0.8566670000000001 0.09599125 0.8564283328125001 0.09276999999999999 0.8134626671875 0.08994250000000001 0.8132606671874999 0.0947385 0.832579 0.09831775000000001 0.8280473328125 0.139835
0 0.8685916671875 0.14305625 0.8554743328125 0.151646 0.855236 0.1577305 0.8435496671875 0.16524650000000002 0.8411646671874999 0.1770575 0.8807550000000001 0.17956275 0.8817090000000001 0.16828875000000001 0.8950646671875001 0.16095175 0.896257 0.15236175000000002 0.9088973328125001 0.14484575 0.9155749999999999 0.100823 0.8914873328124999 0.09849675 0.8922026671875001 0.0950965 0.8575916671874999 0.09217875 0.8571440000000001 0.09581225 0.8736 0.09974925 0.8685916671875 0.14305625
0 0.6731743328124999 0.00005550000000000001 0.6725813328125 0.02121625 0.6974916671875 0.02166125 0.699271 0.0009705 0.6731743328124999 0.00005550000000000001
0 0.6989743328125 0.02143875 0.719733 0.02188375 0.7221056671875 0.0009705 0.7001606671875 0.001193 0.6989743328125 0.02143875
0 0.746423 0 0.7232916671875 0.000748 0.72062669375 0.0211853734375 0.7425676671875 0.02321875 0.746423 0
0 0.7458296671875 0.02344125 0.7651056671875 0.0245535 0.7683676671875 0.00030325 0.7461263328125 0.0009705 0.7458296671875 0.02344125
0 0.8158163328124999 0.00030325 0.7914990000000001 0.000748 0.789219375 0.026398821875 0.8116643328125001 0.02789075 0.8158163328124999 0.00030325
0 0.8118126671875 0.0275795 0.8344989999999999 0.0296705 0.8401336671875 0.00030325 0.8158163328124999 0 0.8118126671875 0.0275795
0 0.8362783328125 0.0305605 0.8594093328125 0.0314505 0.8638576671875 0 0.8392440000000001 0.0005255 0.8362783328125 0.0305605
0 0.496595 0.11801325 0.49334466718750003 0.12711699999999998 0.489661 0.14304825000000002 0.48771066718749995 0.15816675 0.5319149999999999 0.1612555 0.534732 0.142723 0.536032 0.13296924999999998 0.5392823328125 0.12516624999999998 0.5414493328125001 0.08387475 0.537549 0.079648 0.537549 0.06989425 0.4913403328125 0.067891 0.49356133281250003 0.08159875 0.4981116671875 0.07493375 0.496595 0.11801325
0 0.6060223328125 0.1340605 0.610573 0.09829625 0.5886873328125 0.09699575 0.5852203328125001 0.0963455 0.5839203328125 0.132435 0.6060223328125 0.1340605
0 0.6315916671874999 0.09910925000000001 0.609706 0.0979565 0.6066723328125 0.13357275 0.627908 0.135361 0.6315916671874999 0.09910925000000001
0 0.6545606671875001 0.10073475000000001 0.632025 0.0989465 0.6283413328125 0.1351985 0.6513103328125001 0.13682425 0.6545606671875001 0.10073475000000001
0 0.6779626671875 0.10106 0.6557523328125 0.09958175 0.6508766671874999 0.1363365 0.672979 0.13861225 0.6779626671875 0.10106
0 0.702232 0.10301075 0.6790463328125 0.10141 0.6740623328125 0.137962 0.6987650000000001 0.140238 0.702232 0.10301075
0 0.7252006671875 0.1225185 0.7095993328125 0.1135775 0.709166 0.10349850000000001 0.7030986671874999 0.10268550000000001 0.6981146671875 0.1392625 0.7217336671875 0.140238 0.7252006671875 0.1225185
0 0.747953 0.105124 0.7440526671875001 0.104799 0.7412356671875 0.11130150000000001 0.743836 0.116341 0.7275303328125 0.12131825 0.7219506671875 0.14040049999999998 0.744486 0.14202625 0.747953 0.105124
5 0.2972303328125 0.634566 0.2746603328125 0.6345850000000001 0.27414299999999997 0.67458275 0.2965933328125 0.67422425 0.2972303328125 0.634566
5 0.31984 0.63468525 0.2975486671875 0.6347342499999999 0.2957973328125 0.67350775 0.31936233281250004 0.6738660000000001 0.31984 0.63468525
5 0.34038 0.634566 0.319243 0.6342865 0.319203 0.67350775 0.3410166671875 0.67314925 0.34038 0.634566
5 0.364104 0.63468525 0.339942 0.63398775 0.34181300000000003 0.67314925 0.3621933328125 0.67302975 0.364104 0.63468525
5 0.408209 0.6331325 0.3859176671875 0.6332415 0.3843256671875 0.67171575 0.4062983328125 0.672313 0.408209 0.6331325
5 0.47751099999999996 0.63307275 0.456573 0.6320472500000001 0.454742 0.67093925 0.475282 0.6715365 0.47751099999999996 0.63307275
5 0.499643 0.63271425 0.4778693328125 0.63234575 0.4762373328125 0.670103 0.49566233281249994 0.6702225 0.499643 0.63271425
5 0.519546 0.63283375 0.4995633328125 0.63279375 0.4964586671875 0.67129775 0.517476 0.67213375 0.519546 0.63283375
5 0.5401653328125 0.63244625 0.5194663328125 0.63234575 0.5180333328125 0.67067125 0.5382546671874999 0.6712684999999999 0.5401653328125 0.63244625
5 0.561183 0.6328045 0.5399663328125001 0.6321964999999999 0.5374586671875 0.6703129999999999 0.558476 0.67102975 0.561183 0.6328045
5 0.5817226671875 0.633402 0.5610636671875 0.632495 0.5589536671875 0.67079075 0.579812 0.67079075 0.5817226671875 0.633402
5 0.598919 0.66063725 0.601944 0.65896475 0.6027403328125 0.657651 0.6041733328125 0.65430625 0.6022626671875 0.6490502499999999 0.6028993328125 0.63232675 0.5815636671875 0.631898 0.5801306671875001 0.67067125 0.598919 0.6715074999999999 0.598919 0.66063725
5 0.7080266671875 0.6588747500000001 0.710256 0.6558885 0.7108926671875 0.654455 0.7108926671875 0.6512297499999999 0.708186 0.6466905 0.7097783328125 0.63199775 0.6912286671875 0.6317487500000001 0.686213 0.668431 0.7062753328125 0.66914775 0.7080266671875 0.6588747500000001
5 0.7120073328125 0.64860175 0.7128033328125001 0.64955725 0.7135996671875 0.6536187499999999 0.7094596671875 0.65720225 0.70739 0.66878925 0.7271336671874999 0.66914775 0.7277703328125 0.660547 0.7272926671875 0.65744125 0.7284073328125 0.654455 0.7312733328125 0.65206575 0.7314326671875 0.64896 0.728885 0.6453765 0.731114 0.6324755 0.7097783328125 0.63175875 0.7091413328125 0.64501825 0.710415 0.64728775 0.7120073328125 0.64860175
5 0.732985 0.64967625 0.7326666671875001 0.65099025 0.7283676671875 0.655649 0.7274123328125001 0.6692665 0.749385 0.669386 0.7497033328125 0.6589935 0.750022 0.6579185 0.7512956671875 0.655649 0.7517733328125 0.6526625 0.750818 0.6488400000000001 0.748748 0.64597325 0.7517733328125 0.63211675 0.7310346671875 0.632495 0.730119 0.6445397500000001 0.7313926671875 0.6468095 0.732985 0.64967625
5 0.7506586671875 0.64704825 0.7519326671875 0.64943725 0.7532063328125 0.65373775 0.7497033328125 0.657799 0.7497033328125 0.669386 0.7673773328125 0.6690277499999999 0.766581 0.66257725 0.7676956671874999 0.6594715 0.7691286671875 0.65600725 0.7702433328125 0.65373775 0.770084 0.6515875 0.7689693328125 0.6475259999999999 0.7702433328125 0.6323555 0.7517336671875 0.6315995 0.7492256671875 0.6439425 0.7498626671874999 0.6454955 0.7506586671875 0.64704825
5 0.771517 0.6488400000000001 0.7718356671875 0.6532597499999999 0.7702433328125 0.65636575 0.7670586671875 0.6585157500000001 0.7662626671874999 0.66866925 0.7868026671874999 0.66878875 0.787121 0.660666 0.787917 0.66006875 0.789191 0.6585157500000001 0.7912606671875 0.65588775 0.792057 0.65385725 0.7911016671875 0.65003475 0.7909423328125 0.6489594999999999 0.7887133328125 0.64465925 0.790624 0.63283325 0.7704423328125001 0.63234575 0.7691286671875 0.6437035 0.7696063328125 0.64477875 0.771517 0.6488400000000001
5 0.79142 0.6475259999999999 0.7931713328125001 0.6513485 0.79349 0.6552905 0.7875986671875 0.6593519999999999 0.7887133328125 0.66890825 0.807183 0.66866925 0.8076606671875 0.66413 0.8078200000000001 0.65863525 0.8094123328125 0.65588775 0.810049 0.6531405 0.8094123328125 0.650632 0.8081383328125 0.6476455 0.8108453328125 0.6325945 0.7909423328125 0.63234575 0.7895093328125 0.64322575 0.7895093328125 0.64489825 0.79142 0.6475259999999999
5 0.811323 0.64836225 0.8124373328125 0.65230425 0.8122783328125 0.6550517499999999 0.8081383328125 0.65756025 0.807024 0.66914725 0.8270860000000001 0.66866925 0.8280413328125 0.6603074999999999 0.8296336671875 0.65767975 0.8299519999999999 0.65361825 0.8301113328125 0.65122925 0.8294743328124999 0.64943725 0.8272453328125 0.645376 0.8304296671875001 0.632475 0.8108453328125 0.63234575 0.8090936671875 0.6450175 0.8097306671875 0.6457342500000001 0.811323 0.64836225
5 0.8318626671875 0.6457342500000001 0.8337733328124999 0.6505124999999999 0.8337733328124999 0.6529015 0.8315443328125 0.655649 0.8280413328125 0.6581575 0.828519 0.66854975 0.8460336671875 0.66878875 0.8465113328125 0.66508575 0.8466706671875001 0.6592325 0.8482626671875 0.65839625 0.8503326671875 0.656485 0.8517656671875 0.654335 0.8522433328125001 0.64943725 0.8495366671875001 0.6468095 0.8474666671875 0.642509 0.8512879999999999 0.632236 0.8301510000000001 0.6321964999999999 0.8297929999999999 0.6426285 0.8309073328125001 0.643823 0.8318626671875 0.6457342500000001
5 0.4628386671875 0.7829205 0.45974466718749996 0.7866785000000001 0.46166 0.79662625 0.479929 0.7971790000000001 0.479929 0.7930895 0.4802236671875 0.78756275 0.482139 0.784689 0.4815496671875 0.779052 0.4788976671875 0.7751835 0.481255 0.7588247499999999 0.46136533281250003 0.7589352500000001 0.45974466718749996 0.7754044999999999 0.462544 0.7793835 0.4628386671875 0.7829205
2 0.4372033328125 0.8083427500000001 0.43823466718750004 0.8002739999999999 0.441181 0.7351712499999999 0.39687133281250003 0.73621975 0.39712933281249996 0.7609250000000001 0.3950666671875 0.80878475 0.4372033328125 0.8083427500000001
5 0.45886066718749996 0.78800525 0.4601866671875 0.78667875 0.46239666718750005 0.78336275 0.46239666718750005 0.7796047500000001 0.4595973328125 0.7754044999999999 0.46166 0.7587145 0.44103366718750003 0.7588250000000001 0.438824 0.79751075 0.4582713328125 0.79740025 0.45886066718749996 0.78800525
1 0.835106 0.7872055 0.8367266671875001 0.7761525 0.8392313328125001 0.77383125 0.8411466671875001 0.7711785 0.8392313328125001 0.76819425 0.8396733328125 0.7550410000000001 0.8386419999999999 0.75271975 0.7616986671875 0.7523799999999999 0.7609986671875 0.75238825 0.7581993328125 0.78786875 0.835106 0.7872055
6 0.2 0.08 0.19866666718749998 0.07725 0.197 0.048 0.1946666671875 0.0465 0.1833333328125 0.04425 0.1816666671875 0.04425 0.1803333328125 0.04625 0.1813333328125 0.0765 0.1856666671875 0.0805 0.1973333328125 0.08149999999999999 0.2 0.08
6 0.2206666671875 0.08325 0.2226666671875 0.08025 0.2216666671875 0.04825 0.2206666671875 0.04575 0.205 0.044 0.2033333328125 0.04675 0.20433333281250002 0.08025 0.20800000000000002 0.08199999999999999 0.2146666671875 0.08149999999999999 0.2206666671875 0.08325
6 0.244 0.08425 0.24533333281249997 0.08025 0.24500000000000002 0.0645 0.2436666671875 0.05175 0.242 0.04825 0.2403333328125 0.047 0.22833333281249998 0.04525 0.22633333281249998 0.0485 0.2256666671875 0.056499999999999995 0.2256666671875 0.073 0.2273333328125 0.08199999999999999 0.2286666671875 0.08375 0.244 0.08425
6 0.2686666671875 0.08775 0.2693333328125 0.07975 0.2686666671875 0.059250000000000004 0.2666666671875 0.05275 0.2633333328125 0.0485 0.25866666718750003 0.0495 0.25166666718749997 0.04725 0.2496666671875 0.05325 0.25 0.08449999999999999 0.25233333281250003 0.08675000000000001 0.2676666671875 0.08825 0.2686666671875 0.08775
6 0.2946666671875 0.09675 0.29533333281249996 0.07225000000000001 0.2936666671875 0.07125000000000001 0.2823333328125 0.06975 0.2796666671875 0.07175000000000001 0.279 0.07525 0.279 0.0985 0.2823333328125 0.10124999999999999 0.29133333281249996 0.10075 0.2946666671875 0.09675
6 0.31766666718750003 0.10049999999999999 0.31966666718750003 0.08725000000000001 0.31966666718750003 0.07775 0.318 0.07275000000000001 0.3066666671875 0.07125000000000001 0.3026666671875 0.072 0.3016666671875 0.08275 0.30133333281249997 0.09575 0.3023333328125 0.1 0.309 0.10124999999999999 0.31766666718750003 0.10049999999999999
6 0.4026666671875 0.1075 0.40433333281249995 0.10049999999999999 0.4046666671875 0.07925 0.40033333281249994 0.07675 0.38933333281250004 0.07675 0.3876666671875 0.07775 0.3866666671875 0.08249999999999999 0.386 0.10375000000000001 0.387 0.10600000000000001 0.3883333328125 0.10774999999999998 0.4026666671875 0.1075
6 0.425 0.10674999999999998 0.4263333328125 0.088 0.42400000000000004 0.0795 0.4216666671875 0.07825 0.4186666671875 0.07825 0.4153333328125 0.07925 0.41166666718749995 0.0785 0.409 0.07975 0.40933333281250006 0.10700000000000001 0.41166666718749995 0.10825 0.42366666718749996 0.1095 0.425 0.10674999999999998
6 0.43099999999999994 0.11025 0.441 0.11000000000000001 0.44299999999999995 0.1095 0.44400000000000006 0.10774999999999998 0.4453333328125 0.09075 0.4493333328125 0.08449999999999999 0.449 0.08 0.44607466718750005 0.08803425000000001 0.439039 0.09331249999999999 0.434265 0.09237 0.4312496671875 0.08935375 0.42798299999999995 0.08087075 0.42800000000000005 0.0915 0.42766666718749996 0.1075 0.43099999999999994 0.11025
6 0.16499999999999998 0.24825 0.1663333328125 0.24025 0.16599999999999998 0.22525 0.1633333328125 0.22400000000000003 0.1503333328125 0.223 0.1483333328125 0.22774999999999998 0.1486666671875 0.24775 0.154 0.24975 0.162 0.25 0.16499999999999998 0.24825
6 0.1873333328125 0.2485 0.1876666671875 0.24075000000000002 0.188 0.23224999999999998 0.1866666671875 0.22675 0.1846666671875 0.22549999999999998 0.17333333281250002 0.22425 0.17099999999999999 0.22475 0.16933333281250001 0.227 0.1696666671875 0.24825 0.17333333281250002 0.25075 0.1856666671875 0.25025 0.1873333328125 0.2485
6 0.205 0.25175000000000003 0.209 0.24775 0.21000000000000002 0.22825 0.20866666718750002 0.22675 0.197 0.225 0.1923333328125 0.22525 0.1906666671875 0.22749999999999998 0.1903333328125 0.24425 0.1913333328125 0.2495 0.1963333328125 0.25175000000000003 0.205 0.25175000000000003
6 0.229 0.25175000000000003 0.2306666671875 0.2455 0.231 0.2285 0.225 0.22574999999999998 0.22000000000000003 0.22675 0.2166666671875 0.22574999999999998 0.21233333281250003 0.22799999999999998 0.21200000000000002 0.24825 0.2133333328125 0.251 0.2166666671875 0.25225 0.229 0.25175000000000003
6 0.25033333281250003 0.24900000000000003 0.2496666671875 0.24375 0.2506666671875 0.2405 0.24900000000000003 0.2285 0.2363333328125 0.22675 0.2336666671875 0.22925 0.2343333328125 0.25125000000000003 0.24 0.25325000000000003 0.2483333328125 0.25275 0.25033333281250003 0.24900000000000003
6 0.2673333328125 0.25425 0.271 0.25175000000000003 0.273 0.23224999999999998 0.2695573328125 0.22936600000000001 0.26675 0.229549 0.264919 0.229549 0.2639423328125 0.2292745 0.2623553328125 0.22936600000000001 0.2586933328125 0.22909125000000002 0.2566183328125 0.22973225 0.25233333281250003 0.23075 0.25433333281250003 0.2515 0.25866666718750003 0.25375000000000003 0.2673333328125 0.25425
6 0.2893333328125 0.2545 0.29133333281249996 0.25125000000000003 0.2906666671875 0.23174999999999998 0.2873333328125 0.2305 0.2786666671875 0.22974999999999998 0.2763333328125 0.23149999999999998 0.2753333328125 0.23475000000000001 0.2756666671875 0.25 0.277 0.25375000000000003 0.282 0.255 0.2893333328125 0.2545
6 0.3116666671875 0.25075 0.3096666671875 0.23349999999999999 0.31 0.22949999999999998 0.31233333281250003 0.22475 0.31033333281250003 0.21749999999999997 0.307 0.21525 0.2983333328125 0.21525 0.2945813328125 0.21530999999999997 0.292 0.21949999999999997 0.2923333328125 0.252 0.2943333328125 0.2535 0.31033333281250003 0.253 0.3116666671875 0.25075
6 0.3916666671875 0.2565 0.3926666671875 0.25575000000000003 0.3926666671875 0.238 0.391 0.22374999999999998 0.388 0.22200000000000003 0.37933333281250003 0.22149999999999997 0.37666666718749997 0.2245 0.37466666718749997 0.23399999999999999 0.37466666718749997 0.256 0.37666666718749997 0.25775000000000003 0.3886666671875 0.2575 0.3916666671875 0.2565
6 0.3953333328125 0.25575000000000003 0.3973333328125 0.257 0.41166666718749995 0.25825 0.413 0.2565 0.4146666671875 0.23625 0.414 0.22425 0.41166666718749995 0.22275 0.397 0.22225 0.3936666671875 0.22400000000000003 0.3936666671875 0.23224999999999998 0.395 0.23424999999999999 0.3956666671875 0.2435 0.3953333328125 0.25575000000000003
6 0.4943333328125 0.23275 0.49066666718749996 0.22799999999999998 0.48266666718750006 0.22625 0.4783333328125 0.22774999999999998 0.47533333281249995 0.24325000000000002 0.475 0.259 0.4903333328125 0.26025 0.493 0.25575000000000003 0.4943333328125 0.23275
6 0.513 0.25575000000000003 0.5143333328125 0.23224999999999998 0.5126666671875 0.22999999999999998 0.5026666671875 0.22675 0.499 0.22799999999999998 0.496 0.24775 0.495 0.2595 0.49800000000000005 0.26075 0.5106666671875 0.26075 0.513 0.25575000000000003
6 0.5323333328125 0.25675 0.5336666671875 0.236 0.5323333328125 0.23174999999999998 0.529 0.22925 0.522 0.22774999999999998 0.5173333328124999 0.2285 0.516 0.24700000000000003 0.5153333328125 0.25975000000000004 0.5173333328124999 0.261 0.5296666671875 0.26125 0.5323333328125 0.25675
6 0.549 0.2625 0.5523333328125 0.26 0.5533333328125 0.23224999999999998 0.5426666671875 0.22949999999999998 0.538 0.22999999999999998 0.5356666671875 0.23224999999999998 0.5346666671875 0.255 0.533 0.26025 0.5366666671875 0.26225 0.549 0.2625
6 0.5693333328125 0.26 0.572 0.25475 0.5730000000000001 0.23475000000000001 0.5743333328125 0.23224999999999998 0.571 0.22974999999999998 0.5603333328125 0.22875 0.5559999999999999 0.23125 0.5549999999999999 0.23875000000000002 0.554 0.26025 0.5563333328125 0.2625 0.5673333328125 0.2615 0.5693333328125 0.26
6 0.6463333328124999 0.266 0.6493333328124999 0.26349999999999996 0.6506666671875 0.26 0.6519999999999999 0.23625 0.6493333328124999 0.23374999999999999 0.6383333328125 0.23174999999999998 0.6336666671875 0.23450000000000001 0.6337166671875 0.24223475 0.6323693328125 0.25009675 0.6305726671875 0.2603175 0.6306666671875 0.26549999999999996 0.6463333328124999 0.266
6 0.6693333328125 0.26375000000000004 0.6703333328125 0.2605 0.6713333328125 0.236 0.6696666671875 0.23349999999999999 0.6643333328125001 0.233 0.6573333328125 0.23325 0.654 0.236 0.651 0.26349999999999996 0.654 0.266 0.665 0.2665 0.6693333328125 0.26375000000000004
6 0.6861146671875 0.265484 0.687 0.26025 0.6896666671875 0.2485 0.6900000000000001 0.23875000000000002 0.6883333328125001 0.23650000000000002 0.6769999999999999 0.23399999999999999 0.675 0.23525000000000001 0.673 0.24 0.6716666671875 0.26075 0.6726666671875 0.26375000000000004 0.6746666671875 0.2645 0.6861146671875 0.265484
6 0.7803333328125001 0.26825 0.7863333328125 0.26949999999999996 0.799 0.26875 0.8009999999999999 0.26625 0.8026666671875 0.25525000000000003 0.8026666671875 0.24175 0.7953333328125 0.23925000000000002 0.7896666671875 0.2395 0.7862083328125 0.24795474999999997 0.7846666671875 0.2525 0.7833333328125 0.2565 0.7825283328125 0.25935775 0.7823686671875001 0.2624785 0.7806666671875 0.26425 0.7815686671875001 0.2665595 0.7803333328125001 0.26825
6 0.8183333328125 0.26875 0.8196666671875 0.26775000000000004 0.8206666671875 0.25475 0.8193333328125 0.24075000000000002 0.8173333328125001 0.23975 0.8116666671875 0.24 0.807 0.24175 0.8043333328125 0.244 0.8046666671875 0.25475 0.8019999999999999 0.26775000000000004 0.8056666671875 0.269 0.8183333328125 0.26875
6 0.8336666671874999 0.267 0.837 0.26375000000000004 0.8380000000000001 0.254 0.837 0.242 0.8353333328125 0.24 0.833 0.2395 0.8236666671874999 0.24075000000000002 0.8213333328125 0.2425 0.8210000000000001 0.26375000000000004 0.8220000000000001 0.26675 0.825 0.26775000000000004 0.8336666671874999 0.267
6 0.8926666671874999 0.2725 0.8908440000000001 0.27076075 0.891964 0.26932025 0.8939999999999999 0.26275 0.8935639999999999 0.25395625 0.894684 0.24807475 0.8938840000000001 0.24363375 0.8886666671875 0.23975 0.8779999999999999 0.2415 0.8758046671875 0.24531424999999998 0.8743646671875 0.25047549999999996 0.870205 0.26884025 0.8710000000000001 0.27375 0.8886666671875 0.274 0.8926666671874999 0.2725
6 0.9043333328125 0.2725 0.909 0.271 0.9109999999999999 0.26925 0.9136666671875 0.26349999999999996 0.914 0.2455 0.9133333328125 0.244 0.9086666671874999 0.24275000000000002 0.9038036671875 0.24231324999999998 0.8963333328124999 0.244 0.8954840000000001 0.248195 0.8960000000000001 0.2515 0.8939999999999999 0.27125 0.8963333328124999 0.27225 0.9043333328125 0.2725
6 0.1923333328125 0.398 0.196 0.39575 0.1973333328125 0.39275000000000004 0.1956666671875 0.3865 0.1953333328125 0.37675000000000003 0.1966666671875 0.37275 0.193 0.36974999999999997 0.18987400000000001 0.36870775 0.186 0.36875 0.182 0.36775 0.179 0.369 0.178 0.3715 0.1776666671875 0.39225 0.179 0.39625 0.1813333328125 0.39849999999999997 0.1923333328125 0.398
6 0.2156666671875 0.39625 0.21633333281249997 0.393 0.21600000000000003 0.369 0.213 0.3675 0.2046666671875 0.3685 0.2006666671875 0.36775 0.19866666718749998 0.3695 0.19766666718749998 0.373 0.19866666718749998 0.39475 0.20099999999999998 0.3975 0.2126666671875 0.39775 0.2156666671875 0.39625
6 0.22433333281249998 0.39849999999999997 0.2323333328125 0.399 0.23566666718749998 0.39525 0.23566666718749998 0.378125 0.23700000000000002 0.37275 0.2323333328125 0.3685 0.2296666671875 0.36924999999999997 0.2206666671875 0.3685 0.2186666671875 0.37174999999999997 0.21833333281249998 0.39275000000000004 0.2193333328125 0.39525 0.221 0.39725 0.22433333281249998 0.39849999999999997
6 0.2553333328125 0.3995 0.2573333328125 0.39675 0.2573333328125 0.37775 0.2596666671875 0.37275 0.256 0.36875 0.24100000000000002 0.36924999999999997 0.23933333281250002 0.371 0.23866666718750001 0.38849999999999996 0.24 0.3975 0.24466666718750002 0.40025000000000005 0.2553333328125 0.3995
6 0.2776666671875 0.398 0.279 0.394 0.2783333328125 0.377 0.2793333328125 0.372 0.27599999999999997 0.372 0.2706666671875 0.369 0.268 0.3705 0.2636666671875 0.37 0.2606666671875 0.3745 0.261 0.398 0.2636666671875 0.40049999999999997 0.2753333328125 0.40025000000000005 0.2776666671875 0.398
6 0.29500000000000004 0.40075000000000005 0.2966666671875 0.39725 0.296 0.37324999999999997 0.2946666671875 0.3715 0.29100000000000004 0.3725 0.2865646671875 0.372075 0.2813333328125 0.37174999999999997 0.27999999999999997 0.37475 0.2796666671875 0.3935 0.2816666671875 0.39975 0.28300000000000003 0.40075000000000005 0.29500000000000004 0.40075000000000005
6 0.317 0.40049999999999997 0.3183333328125 0.37475 0.315 0.37374999999999997 0.302 0.3735 0.3003333328125 0.3835 0.3 0.39649999999999996 0.3023333328125 0.40099999999999997 0.31266666718749997 0.40175 0.317 0.40049999999999997
6 0.3366666671875 0.40199999999999997 0.33799999999999997 0.40099999999999997 0.339 0.39675 0.3403333328125 0.37675000000000003 0.3373333328125 0.3745 0.33166666718750004 0.3735 0.323 0.374 0.3213333328125 0.37625000000000003 0.3206666671875 0.40025000000000005 0.3223333328125 0.40175 0.3293333328125 0.4025 0.3366666671875 0.40199999999999997
6 0.3586666671875 0.39675 0.359 0.37975 0.358 0.3755 0.3543333328125 0.37374999999999997 0.3456666671875 0.37275 0.3413333328125 0.37675000000000003 0.3413333328125 0.40149999999999997 0.3436666671875 0.40275 0.357 0.40275 0.3586666671875 0.39675
6 0.37666666718749997 0.40049999999999997 0.3776666671875 0.39675 0.379 0.3815 0.3776666671875 0.3775 0.373 0.3745 0.3636666671875 0.3745 0.3616666671875 0.377 0.36066666718749996 0.38725 0.3603333328125 0.40025000000000005 0.3613333328125 0.4025 0.3743333328125 0.40275 0.37666666718749997 0.40049999999999997
6 0.396 0.403 0.3973333328125 0.40049999999999997 0.3986666671875 0.38849999999999996 0.399 0.38025000000000003 0.3976666671875 0.37775 0.3963333328125 0.37675000000000003 0.3843333328125 0.375 0.381 0.37725 0.37966666718750003 0.386 0.379 0.39649999999999996 0.3806666671875 0.40225 0.387 0.40325 0.396 0.403
6 0.4166666671875 0.40025000000000005 0.41733333281249996 0.37975 0.4146666671875 0.37725 0.4086666671875 0.37525 0.4023333328125 0.37625000000000003 0.4006666671875 0.379 0.4 0.40199999999999997 0.4073333328125 0.40374999999999994 0.41500000000000004 0.40325 0.4166666671875 0.40025000000000005
6 0.43666666718749997 0.38375 0.4376666671875 0.3805 0.43600000000000005 0.37675000000000003 0.4313333328125 0.37425 0.4233333328125 0.37525 0.42033333281249996 0.37725 0.4193333328125 0.3815 0.4193333328125 0.404 0.4346666671875 0.40374999999999994 0.437 0.397 0.43666666718749997 0.38375
6 0.45499999999999996 0.3975 0.45533333281250005 0.38075000000000003 0.45099999999999996 0.37775 0.4486666671875 0.3775 0.44000000000000006 0.3775 0.4386666671875 0.3795 0.43899999999999995 0.40425000000000005 0.45133333281250004 0.40449999999999997 0.454 0.40175 0.45499999999999996 0.3975
6 0.513 0.4025 0.5133333328125 0.381 0.5053333328125 0.379 0.4996666671875 0.37925 0.496 0.38375 0.4956666671875 0.389 0.4933333328125 0.39425 0.49400000000000005 0.40449999999999997 0.4993333328125 0.40625 0.511 0.40599999999999997 0.513 0.4025
6 0.5309999999999999 0.40449999999999997 0.532 0.398 0.5313333328125001 0.38125 0.5286666671875 0.3795 0.5206666671875 0.37925 0.517 0.38075000000000003 0.5156666671875 0.38375 0.5153333328125 0.40475000000000005 0.5176666671875 0.40675 0.529 0.40675 0.5309999999999999 0.40449999999999997
6 0.5509999999999999 0.403 0.5513333328125001 0.3825 0.545 0.3795 0.5406666671875 0.37925 0.5349999999999999 0.38225 0.5333333328125 0.3875 0.533 0.40499999999999997 0.537 0.40750000000000003 0.5483333328125 0.40725 0.5509999999999999 0.403
6 0.5703333328125 0.40425000000000005 0.5703333328125 0.3835 0.568 0.38125 0.5596666671875 0.38 0.5563333328125 0.38125 0.5546666671875 0.384 0.5533333328125 0.40425000000000005 0.5566666671875 0.40750000000000003 0.568 0.40725 0.5703333328125 0.40425000000000005
6 0.606 0.40800000000000003 0.6083333328125 0.397 0.608 0.38175 0.5996666671875001 0.3795 0.5956666671875 0.38 0.5926666671875 0.38175 0.5896666671874999 0.38475000000000004 0.588 0.3955 0.5876666671875 0.404 0.591 0.40800000000000003 0.5973333328125 0.40875000000000006 0.606 0.40800000000000003
6 0.6273333328125 0.38849999999999996 0.6266666671875 0.38375 0.622 0.382 0.6136666671875 0.38175 0.611 0.385 0.61 0.39425 0.6096666671875 0.40800000000000003 0.6236666671875 0.4085 0.6256666671875 0.40449999999999997 0.6273333328125 0.38849999999999996
6 0.6296666671875 0.40875000000000006 0.6423333328124999 0.4085 0.645 0.4025 0.646 0.38475000000000004 0.641 0.3825 0.6346666671875 0.38125 0.6303333328125 0.3835 0.6286666671875001 0.388 0.6286666671875001 0.394 0.626 0.4035 0.6266666671875 0.40800000000000003 0.6296666671875 0.40875000000000006
6 0.662 0.40750000000000003 0.665 0.3895 0.6643333328125001 0.3865 0.662 0.384 0.658 0.38375 0.6535486671874999 0.3834375 0.6511173328125001 0.3834375 0.646 0.3995 0.6463333328124999 0.40800000000000003 0.6493333328124999 0.409 0.6566666671875 0.409 0.662 0.40750000000000003
6 0.7 0.40625 0.7006666671875 0.386 0.6933333328125 0.38275000000000003 0.689 0.38225 0.6856666671875 0.3845 0.683 0.38849999999999996 0.6813333328125 0.40824999999999995 0.6846666671875 0.4095 0.6980000000000001 0.40925 0.7 0.40625
6 0.7196666671874999 0.38925 0.7173333328125 0.38525 0.709 0.3825 0.7053333328125 0.384 0.7036666671875 0.389 0.7026666671874999 0.40049999999999997 0.7026666671874999 0.4085 0.7116666671874999 0.40975 0.717 0.409 0.7196666671874999 0.38925
6 0.726 0.40975 0.7346666671875 0.409 0.7373333328125 0.40449999999999997 0.7386666671875 0.39325 0.738 0.38625 0.7283333328125 0.38325 0.724 0.3845 0.7216666671875 0.388 0.7203333328125 0.395 0.7206666671875 0.40449999999999997 0.7190000000000001 0.4085 0.7203333328125 0.4095 0.726 0.40975
6 0.7553333328125 0.40800000000000003 0.757 0.39275000000000004 0.7563333328125 0.387 0.7553333328125 0.38575 0.744 0.3835 0.7413333328125 0.38475000000000004 0.74 0.38849999999999996 0.7376666671875001 0.40800000000000003 0.7413333328125 0.41 0.7516666671875 0.41 0.7553333328125 0.40800000000000003
6 0.7713333328124999 0.41 0.773 0.40725 0.7756666671875 0.38825 0.7743333328124999 0.387 0.7643333328125 0.384 0.76 0.38475000000000004 0.7583333328124999 0.3865 0.757 0.38849999999999996 0.757 0.40800000000000003 0.7613333328125 0.40975 0.7713333328124999 0.41
6 0.787 0.41100000000000003 0.79 0.40975 0.7929999999999999 0.40650000000000003 0.7936666671875 0.39425 0.7956666671875 0.38849999999999996 0.7943333328125 0.387 0.7846666671875 0.3845 0.7793333328125 0.385 0.7766666671875 0.38849999999999996 0.7773333328125 0.39575 0.7743333328124999 0.4085 0.7763333328125 0.41025 0.787 0.41100000000000003
6 0.8063333328125 0.41050000000000003 0.8089999999999999 0.40800000000000003 0.8103333328125 0.403 0.8106666671875 0.3875 0.8026666671875 0.38475000000000004 0.798 0.385 0.796 0.38725 0.794 0.39975 0.7936666671875 0.40800000000000003 0.7946666671875 0.40925 0.7976666671875 0.41050000000000003 0.8063333328125 0.41050000000000003
6 0.8223333328125 0.41125 0.8253333328125001 0.41 0.8273333328125 0.40750000000000003 0.8273333328125 0.399 0.8293333328125 0.38849999999999996 0.826 0.38525 0.8186666671875 0.38575 0.8140000000000001 0.3875 0.8123333328125 0.39225 0.8119999999999999 0.4025 0.8103333328125 0.409 0.8143333328125 0.41050000000000003 0.8223333328125 0.41125
6 0.8333333328125001 0.41125 0.8416666671874999 0.41174999999999995 0.8443333328125 0.4095 0.8463333328125 0.40425000000000005 0.8470000000000001 0.389 0.8386666671875 0.386 0.8333333328125001 0.386 0.8296666671875 0.3875 0.829 0.38849999999999996 0.8313333328124999 0.394 0.8293333328125 0.40800000000000003 0.8333333328125001 0.41125
6 0.86 0.41200000000000003 0.8630000000000001 0.40499999999999997 0.8643333328124999 0.389 0.8533333328125 0.38625 0.8480000000000001 0.38849999999999996 0.8486666671875 0.39475 0.8463333328125 0.40824999999999995 0.85 0.41125 0.86 0.41200000000000003
6 0.8720000000000001 0.41325 0.8803333328124999 0.40800000000000003 0.8816666671875 0.38849999999999996 0.8800000000000001 0.38725 0.873 0.38625 0.867 0.38875000000000004 0.8653333328124999 0.39249999999999996 0.8646666671875 0.40099999999999997 0.8623333328125 0.40774999999999995 0.8626666671875001 0.41200000000000003 0.8720000000000001 0.41325
10 0.49391833281249997 0.08966625 0.4676533328125 0.088056 0.46635733281249997 0.13040625 0.49118966718749996 0.1310205 0.49391833281249997 0.08966625
10 0.7427196671875 0.14785225 0.7678246671875 0.14887575 0.7727366671875 0.14027725 0.7751926671875 0.1120255 0.771918 0.10854525 0.749064 0.10749899999999998 0.750633 0.11284449999999999 0.7468126671875 0.139868 0.7427196671875 0.14785225
10 0.7767886671875 0.035667 0.7825876671875001 0.027133249999999998 0.7843720000000001 0.000026 0.7692053328124999 0.000669 0.7640753328125001 0.02612925 0.7605066671875 0.03399375 0.7767886671875 0.035667
5 0.27496333281249996 0.634999 0.2512893328125 0.6351519999999999 0.2511593328125 0.6750174999999999 0.2746156671875 0.674496 0.27496333281249996 0.634999
5 0.3862083328125 0.6333385 0.3644456671875 0.633849 0.3629253328125 0.67179275 0.3846443328125 0.67179275 0.3862083328125 0.6333385