0 0.8293026671874999 0.6122455 0.8434353328125 0.61704275 0.8437720000000001 0.6672877500000001 0.8309850000000001 0.66829775 0.831658 0.6736 0.8208903328125 0.6733475 0.8205536671875 0.68647675 0.873047 0.68849675 0.872374 0.67562 0.8838146671875 0.675115 0.8828053328125 0.66981275 0.898284 0.66880275 0.8986203328125001 0.61729525 0.8834783328125001 0.613003 0.8844876671874999 0.60467075 0.8727103328125001 0.601136 0.8733833328125 0.58699675 0.8229493328125 0.5862915 0.8215633328124999 0.6008835 0.8303119999999999 0.6039135 0.8293026671874999 0.6122455
0 0.777146 0.611488 0.7895963328125 0.6142655 0.7885866671875 0.6660255 0.777819 0.662238 0.7781556671875001 0.6736 0.7700796671875 0.66829775 0.7694066671875001 0.68647675 0.8212266671874999 0.6874867499999999 0.8205536671875 0.6743574999999999 0.8303119999999999 0.6728425 0.8293026671874999 0.66855025 0.8420893328125001 0.66905525 0.844445 0.61704275 0.8303119999999999 0.6132555 0.8313216671875001 0.604166 0.8212266671874999 0.601136 0.8215633328124999 0.58573425 0.770784 0.5847137499999999 0.770416 0.6003784999999999 0.778492 0.6021460000000001 0.777146 0.611488
0 0.8832739999999999 0.6124022499999999 0.8991933328125 0.618049 0.8991933328125 0.66843575 0.8841423328125 0.6693045 0.8844316671874999 0.67560275 0.872854 0.6753855 0.8731433328125 0.6871134999999999 0.9252433328125 0.6886337499999999 0.9252433328125 0.67603725 0.9371106671874999 0.6766887500000001 0.9365316671875 0.67039025 0.9527406671875 0.669956 0.9524513328124999 0.61761475 0.9368213328125 0.61479125 0.9374 0.6056695000000001 0.9249539999999999 0.6032805 0.9249539999999999 0.5885119999999999 0.873254 0.586548 0.8731433328125 0.6019775 0.8841423328125 0.6041492500000001 0.8832739999999999 0.6124022499999999
7 0.20556966718749997 0.04786825 0.0941533328125 0.04511525 0.090484 0.094917 0.20223366718750002 0.09741975 0.20556966718749997 0.04786825
7 0.3165686671875 0.05092925 0.20915566718749998 0.047425499999999995 0.2021503328125 0.09697725 0.3128993328125 0.10348399999999999 0.3165686671875 0.05092925
7 0.42698400000000003 0.051680000000000004 0.3152343328125 0.04822325 0.3105643328125 0.11374474999999999 0.4213133328125 0.117999 0.42698400000000003 0.051680000000000004
7 0.5358983328125 0.055118999999999994 0.427818 0.05211575 0.423148 0.11793450000000001 0.5308946671875 0.12068725 0.5358983328125 0.055118999999999994
7 0.6456466671875 0.056870750000000005 0.535815 0.05541625 0.5328963328125 0.12218875 0.6409766671875 0.1256925 0.6456466671875 0.056870750000000005
7 0.756896 0.057807 0.644646 0.05479075 0.6418106671875 0.10886024999999999 0.7555616671875 0.11236399999999999 0.756896 0.057807
7 0.199315 0.2527015 0.0817273328125 0.24805950000000002 0.0762233328125 0.2997505 0.1939776671875 0.30675775 0.199315 0.2527015
7 0.313066 0.25470375 0.198898 0.2514995 0.1939776671875 0.3217735 0.308396 0.32527724999999996 0.313066 0.25470375
7 0.427151 0.25739225 0.3123156671875 0.25462675 0.308396 0.324462 0.4218136671875 0.32796575 0.427151 0.25739225
7 0.5409023328125 0.25989475 0.427401 0.25587775 0.423148 0.32696475 0.5358983328125 0.330218 0.5409023328125 0.25989475
7 0.6539863328125 0.26271524999999996 0.5412356671875 0.25900500000000004 0.5365656671875 0.33003550000000004 0.649316 0.33454025 0.6539863328125 0.26271524999999996
7 0.7700726671875 0.26477849999999997 0.6542363328125 0.262445 0.650317 0.31608175 0.7684046671875 0.31983575000000003 0.7700726671875 0.26477849999999997
7 0.8858253328125001 0.26703075 0.7709900000000001 0.2643215 0.7690716671875 0.31883475 0.8838236671875 0.32358975 0.8858253328125001 0.26703075
0 0.636885 0.53170425 0.6366343328124999 0.54072375 0.62887 0.5518105 0.6529149999999999 0.5533137499999999 0.6624329999999999 0.54297875 0.6624329999999999 0.53339525 0.6659396671875 0.53208 0.6684443328125 0.48378724999999995 0.6664406671875 0.48265975 0.665689 0.47683475 0.6596776671875 0.4646205 0.6343176671874999 0.46404425 0.6376363328125 0.471761 0.6393896671875 0.482472 0.636885 0.53170425
0 0.667693 0.523812 0.6646873328125 0.5330195 0.665689 0.5414755 0.653416 0.55275 0.676209 0.5550047499999999 0.6894836671875 0.54391825 0.6907363328125 0.536026 0.6944933328125 0.53245575 0.6977493328125 0.48491475 0.6924893328125 0.482472 0.6924893328125 0.47645875000000004 0.686979 0.46537225 0.6594273328125 0.4648085 0.6659396671875 0.4728885 0.6674423328125 0.482472 0.667693 0.523812
0 0.696497 0.48397525 0.697499 0.5296372500000001 0.6924893328125 0.53471075 0.6897343328125001 0.54391825 0.678463 0.5540652500000001 0.7060150000000001 0.554629 0.7177870000000001 0.544482 0.7177870000000001 0.5371535 0.7222956671875 0.534147 0.722546 0.48566624999999997 0.7200413328125 0.48284775 0.721043 0.47739824999999997 0.7140299999999999 0.46537225 0.6872296671875 0.46498350000000005 0.6927399999999999 0.47457975 0.6927399999999999 0.4811565 0.696497 0.48397525
0 0.7255516671875 0.48397525 0.7232973328125001 0.53264375 0.7202916671875 0.536214 0.7175366671875001 0.544482 0.7075176671875 0.5538775 0.7355703328125001 0.554817 0.7440863328125 0.5454215 0.744838 0.53658975 0.749096 0.53471075 0.7505986671875 0.48491475 0.7458396671874999 0.482472 0.747593 0.4770225 0.7393276671875 0.46556 0.7154076671875 0.46545325000000004 0.7195403328125 0.47364025 0.7202916671875 0.48190825000000004 0.7255516671875 0.48397525
0 0.7835983328125 0.48580575000000004 0.781845 0.5339105 0.777587 0.535038 0.7758336671875 0.5440575 0.764312 0.55589575 0.793116 0.55683525 0.8028846671875 0.545373 0.8033853328125 0.53729275 0.8086453328125 0.535038 0.812152 0.48561775 0.8056396671874999 0.48486624999999994 0.8033853328125 0.47697399999999995 0.7963723328125 0.46701475 0.7692586671874999 0.46780150000000004 0.7773363328125 0.47622225 0.778589 0.48373875 0.7835983328125 0.48580575000000004
0 0.8101483328124999 0.5335347500000001 0.8038863328125 0.53729275 0.8033853328125 0.54593675 0.7938676671875 0.5564595 0.8199166671875 0.55721125 0.8316886671875 0.54744 0.8316886671875 0.5380445 0.8392026671874999 0.5352257500000001 0.8407056671875001 0.4884365 0.8329409999999999 0.48542975000000005 0.8326906671875 0.478853 0.823423 0.46814225 0.7971236671875 0.46686225 0.8051386671874999 0.47659825 0.8111499999999999 0.487497 0.8101483328124999 0.5335347500000001
0 0.8414569999999999 0.487497 0.8407056671875001 0.534662 0.8336923328125 0.53823225 0.8336923328125 0.54894325 0.8191649999999999 0.55683525 0.8487206671875 0.557775 0.860493 0.5483795 0.8629976671874999 0.5384202499999999 0.867506 0.5380445 0.8680070000000001 0.4882485 0.8612443328125 0.4859935 0.8607433328124999 0.4779135 0.847218 0.4698335 0.8261783328125001 0.46814225 0.8329409999999999 0.47734975 0.8331916671874999 0.48373875 0.8414569999999999 0.487497
0 0.4306266671875 0.60093525 0.42901233281250006 0.604396 0.4262443328125 0.6575195 0.429704 0.66271075 0.428551 0.67655375 0.4792943328125 0.67793825 0.4797556671875 0.6656522500000001 0.48044766718750004 0.65717325 0.4839073328125 0.5768825 0.43523966718749996 0.5761904999999999 0.4340866671875 0.5891685 0.432472 0.591418 0.4306266671875 0.60093525
0 0.531883 0.68261025 0.533728 0.659596 0.5355733328125 0.6090679999999999 0.535112 0.5808625000000001 0.4850606671875 0.57792075 0.4825233328125 0.6062995 0.4792943328125 0.681053 0.531883 0.68261025
0 0.560501 0.66055675 0.5641133328125 0.6087 0.5583333328125 0.6251425 0.5358746671875 0.62367675 0.5340083328125 0.6679649999999999 0.560501 0.67013325 0.560501 0.66055675
0 0.5619460000000001 0.667423 0.589161 0.6694105 0.5927736671875 0.6097842499999999 0.586271 0.6087 0.586512 0.63020175 0.5684486671875 0.629479 0.5650769999999999 0.61773425 0.563391 0.6549555 0.5612233328125 0.6596535 0.5619460000000001 0.667423
0 0.590847 0.65911125 0.589161 0.66182175 0.5879570000000001 0.6686877499999999 0.6158946671875001 0.66977175 0.6158946671875001 0.66182175 0.618544 0.66055675 0.618544 0.6191448984375 0.612523 0.62731075 0.5975906671875 0.6209867499999999 0.6026483328125 0.61520475 0.5999990000000001 0.6076159999999999 0.5927736671875 0.60832325 0.590847 0.65911125
0 0.6195073328125 0.66922975 0.6443139999999999 0.6706752500000001 0.6443139999999999 0.66200225 0.647686 0.66091825 0.6493716671875001 0.618457 0.6204706671875 0.6148710000000001 0.6209523328125 0.661099 0.617099 0.662725 0.6195073328125 0.66922975
0 0.6484083328125 0.6704945 0.673697 0.670856 0.678032 0.661641 0.6799586671875 0.616831 0.673697 0.6199025 0.6676756671875 0.6227935 0.6650266671875 0.627672 0.661414 0.63128575 0.6578013328125001 0.630563 0.6573196671875 0.61755375 0.6523823328125 0.61780625 0.6493716671875001 0.66037625 0.6481676671875001 0.66182175 0.6484083328125 0.6704945
0 0.6773096671875 0.671398 0.7030796671874999 0.67302425 0.7038023328125 0.6641705 0.7078966671875 0.66236375 0.7083783328125 0.6433917499999999 0.7035613328125 0.64393375 0.6881473328125 0.63616425 0.685498 0.6159275 0.679477 0.61735475 0.6792363328125 0.6612795 0.6773096671875 0.66471275 0.6773096671875 0.671398
0 0.7052473328125 0.6728435 0.730295 0.67302425 0.7307766671875 0.6650739999999999 0.736316 0.66471275 0.736075 0.61141025 0.7305356671875 0.6117717500000001 0.730295 0.6300209999999999 0.7307766671875 0.63959725 0.7252373328124999 0.6435725 0.7095823328125 0.6439980000000001 0.710064 0.66146025 0.7052473328125 0.66489325 0.7052473328125 0.6728435
6 0.1383333328125 0.50175 0.144 0.47874999999999995 0.1433333328125 0.47575 0.1423333328125 0.47450000000000003 0.13233333281249998 0.47350000000000003 0.1246666671875 0.47450000000000003 0.122 0.477 0.1206666671875 0.48224999999999996 0.118 0.502 0.1223333328125 0.505 0.1346666671875 0.50475 0.1383333328125 0.50175
6 0.1603333328125 0.5045 0.16599999999999998 0.487 0.1656666671875 0.47800000000000004 0.1636666671875 0.4755 0.1506666671875 0.47375 0.14566666718750002 0.47474999999999995 0.142 0.49400000000000005 0.141 0.50225 0.143 0.5042500000000001 0.158 0.50575 0.1603333328125 0.5045
6 0.16599999999999998 0.50525 0.184 0.50575 0.1853333328125 0.505 0.1876666671875 0.497 0.1906666671875 0.47824999999999995 0.1853333328125 0.47525000000000006 0.179 0.47450000000000003 0.17099999999999999 0.475 0.16799999999999998 0.47824999999999995 0.1653333328125 0.49824999999999997 0.1636666671875 0.50175 0.1643333328125 0.5035000000000001 0.16599999999999998 0.50525
6 0.209 0.5065000000000001 0.2133333328125 0.49424999999999997 0.21400000000000002 0.47824999999999995 0.2126666671875 0.47725 0.1973333328125 0.4755 0.1933333328125 0.47725 0.1896666671875 0.501 0.1893333328125 0.50575 0.1926666671875 0.508 0.205 0.508 0.209 0.5065000000000001
6 0.2326666671875 0.50625 0.23500000000000001 0.49800000000000005 0.23399999999999999 0.47800000000000004 0.23199999999999998 0.47725 0.22999999999999998 0.479 0.2166666671875 0.47824999999999995 0.215 0.497 0.2146666671875 0.50575 0.21633333281249997 0.50725 0.229 0.508 0.2326666671875 0.50625
6 0.2593333328125 0.5077499999999999 0.2616666671875 0.49824999999999997 0.2613333328125 0.49325 0.2636666671875 0.48674999999999996 0.263 0.47850000000000004 0.25666666718750003 0.47725 0.2476666671875 0.477 0.244 0.477 0.2423333328125 0.47800000000000004 0.2396666671875 0.497 0.23933333281250002 0.50675 0.2403333328125 0.50825 0.256 0.509 0.2593333328125 0.5077499999999999
6 0.2863333328125 0.49424999999999997 0.2873333328125 0.48175 0.2826666671875 0.47874999999999995 0.269 0.47775 0.2666666671875 0.47850000000000004 0.2653333328125 0.48224999999999996 0.2633333328125 0.50825 0.2646666671875 0.50925 0.28300000000000003 0.50975 0.2863333328125 0.49424999999999997
6 0.3086666671875 0.50925 0.31033333281250003 0.50575 0.3116666671875 0.48825 0.3133333328125 0.48250000000000004 0.311 0.47975 0.294 0.47850000000000004 0.2916666671875 0.48 0.28900000000000003 0.49749999999999994 0.2883333328125 0.5065000000000001 0.2903333328125 0.51025 0.3066666671875 0.5105000000000001 0.3086666671875 0.50925
6 0.3333333328125 0.5105000000000001 0.335 0.507 0.337 0.48150000000000004 0.3263333328125 0.4795 0.31766666718750003 0.48 0.3156666671875 0.48200000000000004 0.315 0.491 0.314 0.5095 0.3266666671875 0.51025 0.32999999999999996 0.51125 0.3333333328125 0.5105000000000001
6 0.3456666671875 0.51075 0.3576666671875 0.51075 0.36 0.50725 0.3613333328125 0.49824999999999997 0.363 0.48250000000000004 0.3613333328125 0.48 0.34700000000000003 0.4795 0.343 0.4805 0.3406666671875 0.48250000000000004 0.3393333328125 0.496 0.339 0.5077499999999999 0.33999999999999997 0.5105000000000001 0.3416666671875 0.5117499999999999 0.3456666671875 0.51075
6 0.3823333328125 0.5095 0.3846666671875 0.48375 0.38333333281250004 0.48224999999999996 0.3803333328125 0.48150000000000004 0.369 0.481 0.3656666671875 0.48200000000000004 0.36466666718749996 0.48425 0.3636666671875 0.50975 0.365 0.511 0.381 0.51125 0.3823333328125 0.5095
6 0.40700000000000003 0.5095 0.4073333328125 0.501 0.4103333328125 0.48624999999999996 0.40933333281250006 0.48150000000000004 0.40800000000000003 0.48025 0.40433333281249995 0.4795 0.3926666671875 0.48025 0.3896666671875 0.48224999999999996 0.3883333328125 0.4885 0.38733333281250004 0.5015 0.3883333328125 0.5117499999999999 0.4056666671875 0.51075 0.40700000000000003 0.5095
6 0.42766666718749996 0.51425 0.43 0.5135 0.4313333328125 0.50175 0.429 0.4965 0.4296666671875 0.48624999999999996 0.4273333328125 0.48375 0.4193333328125 0.48224999999999996 0.4143333328125 0.484 0.4126666671875 0.487 0.41100000000000003 0.5015 0.4106666671875 0.51075 0.41200000000000003 0.514 0.4176666671875 0.513 0.42766666718749996 0.51425
6 0.4523333328125 0.5145 0.45499999999999996 0.5155000000000001 0.4566666671875 0.5015 0.45366666718750004 0.49474999999999997 0.45466666718750004 0.49000000000000005 0.45099999999999996 0.4875 0.44733333281250004 0.48724999999999996 0.44299999999999995 0.48550000000000004 0.43933333281250003 0.48575 0.43933333281250003 0.495 0.437 0.50075 0.43666666718749997 0.51125 0.4376666671875 0.51325 0.43899999999999995 0.514 0.4523333328125 0.5145
6 0.4796666671875 0.5015 0.47766666718749995 0.49325 0.475 0.4915 0.46666666718750005 0.49275 0.4613333328125 0.50075 0.4603333328125 0.50975 0.46166666718749994 0.51275 0.4783333328125 0.5155000000000001 0.4796666671875 0.5015
6 0.5046666671875 0.508 0.5043333328124999 0.5015 0.5023333328125 0.49800000000000005 0.5036666671875001 0.49400000000000005 0.502 0.49074999999999996 0.4876666671875 0.49400000000000005 0.48566666718749996 0.49924999999999997 0.48566666718749996 0.51525 0.5026666671875 0.5157499999999999 0.5043333328124999 0.5135 0.5046666671875 0.508
6 0.5133333328125 0.5145 0.5253333328124999 0.5155000000000001 0.5276666671875 0.49524999999999997 0.5266666671875 0.48575 0.5253333328124999 0.4845 0.5173333328124999 0.48274999999999996 0.5103333328125 0.48525 0.5076666671875001 0.48949999999999994 0.507 0.5025000000000001 0.5086666671875 0.515 0.5096666671875 0.516 0.5133333328125 0.5145
6 0.5486666671875 0.517 0.5506666671875 0.51425 0.5519999999999999 0.49450000000000005 0.5506666671875 0.48674999999999996 0.5486666671875 0.48475 0.5366666671875 0.4845 0.5326666671875 0.48575 0.5316666671875 0.4885 0.5316666671875 0.51475 0.533 0.516 0.5429999999999999 0.5155000000000001 0.5486666671875 0.517
6 0.5736666671874999 0.515 0.5740000000000001 0.50725 0.5740000000000001 0.48975 0.5723333328125 0.487 0.5593333328125001 0.48624999999999996 0.5559999999999999 0.4885 0.5549999999999999 0.4955 0.5546666671875 0.514 0.5556666671875 0.5157499999999999 0.572 0.51725 0.5736666671874999 0.515
6 0.5956666671875 0.516 0.5973333328125 0.51425 0.5983333328125 0.5065000000000001 0.5983333328125 0.48975 0.5973333328125 0.48650000000000004 0.5953333328125 0.48475 0.581 0.48475 0.579 0.48624999999999996 0.5786666671875 0.4885 0.5783333328125 0.51375 0.58 0.5155000000000001 0.5863333328125 0.515 0.5956666671875 0.516
6 0.6033333328125 0.51825 0.62 0.5175 0.6213333328124999 0.5145 0.622 0.5035000000000001 0.6203333328125 0.4885 0.6156666671875 0.48575 0.6033333328125 0.48624999999999996 0.601 0.4875 0.6 0.49000000000000005 0.5996666671875001 0.50625 0.6003333328125 0.5135 0.602 0.51725 0.6033333328125 0.51825
6 0.3566666671875 0.6385 0.361 0.6395 0.369 0.6395 0.3723333328125 0.63475 0.37266666718749997 0.6212500000000001 0.37533333281250003 0.612 0.374 0.60475 0.3723333328125 0.603 0.366 0.6012500000000001 0.358 0.6014999999999999 0.3493333328125 0.60325 0.3526666671875 0.61225 0.3516666671875 0.63775 0.3533333328125 0.63925 0.3566666671875 0.6385
6 0.3456666671875 0.6395 0.3476666671875 0.6385 0.3486666671875 0.63575 0.3483333328125 0.6305 0.3503333328125 0.6205 0.3506666671875 0.61075 0.3483333328125 0.6054999999999999 0.3456666671875 0.6035 0.33399999999999996 0.6045 0.32966666718750004 0.607 0.329 0.61025 0.32766666718750004 0.63725 0.32966666718750004 0.639 0.3386666671875 0.63825 0.3456666671875 0.6395
6 0.31966666718750003 0.63825 0.322 0.6375 0.32766666718750004 0.608 0.32599999999999996 0.6035 0.3096666671875 0.6042500000000001 0.3056666671875 0.606 0.3026666671875 0.62675 0.302 0.63475 0.304 0.6375 0.306 0.63825 0.31966666718750003 0.63825
6 0.227 0.631 0.2306666671875 0.61175 0.23033333281249999 0.6035 0.2293333328125 0.60275 0.225 0.6014999999999999 0.21633333281249997 0.6014999999999999 0.20866666718750002 0.60275 0.205 0.62275 0.2046666671875 0.63475 0.2213333328125 0.635 0.225 0.63425 0.227 0.631
6 0.1836666671875 0.63625 0.197 0.63625 0.19966666718749998 0.6335 0.20299999999999999 0.62175 0.205 0.6035 0.20166666718749998 0.602 0.1856666671875 0.6025 0.1806666671875 0.60725 0.179 0.621 0.176 0.6305 0.1766666671875 0.63475 0.1836666671875 0.63625
6 0.1653333328125 0.633 0.1673333328125 0.63125 0.16833333281250001 0.6275000000000001 0.17099999999999999 0.604 0.16999999999999998 0.60075 0.1626666671875 0.59925 0.1586666671875 0.6 0.1463333328125 0.59875 0.1396666671875 0.601 0.1376666671875 0.604 0.1373333328125 0.61175 0.13533333281249998 0.61875 0.134 0.631 0.136 0.63375 0.1593333328125 0.635 0.1653333328125 0.633
6 0.068 0.63075 0.072 0.631 0.0793333328125 0.62775 0.0786666671875 0.62175 0.0813333328125 0.61875 0.08299999999999999 0.608 0.0826666671875 0.603 0.0813333328125 0.6012500000000001 0.076 0.59775 0.063 0.59925 0.05933333281249999 0.60225 0.057999999999999996 0.61025 0.0576666671875 0.628 0.0596666671875 0.63125 0.0643333328125 0.632 0.068 0.63075
6 0.10333333281249998 0.63175 0.10500000000000001 0.62775 0.10433333281249998 0.6214999999999999 0.10600000000000001 0.6184999999999999 0.10466666718749999 0.60275 0.10233333281250001 0.5995 0.1 0.5985 0.087 0.5995 0.0836666671875 0.61375 0.0823333328125 0.6265 0.08299999999999999 0.6315000000000001 0.0863333328125 0.6325000000000001 0.10333333281249998 0.63175
6 0.1183333328125 0.63225 0.1266666671875 0.63325 0.1306666671875 0.63225 0.135 0.61275 0.135 0.602 0.13 0.59975 0.1153333328125 0.5985 0.1116666671875 0.60075 0.10933333281249999 0.61075 0.10833333281249999 0.62575 0.10933333281249999 0.63225 0.11133333281249999 0.633 0.1183333328125 0.63225
6 0.1896666671875 0.8182499999999999 0.1933333328125 0.8147500000000001 0.1973333328125 0.81275 0.20099999999999998 0.799 0.2 0.7955 0.20366666718749998 0.77925 0.20299999999999999 0.7775000000000001 0.20099999999999998 0.77625 0.1933333328125 0.7755 0.1896666671875 0.77675 0.1853333328125 0.77575 0.1813333328125 0.7769999999999999 0.17366666718749998 0.782 0.17133333281250002 0.79025 0.16799999999999998 0.81325 0.16899999999999998 0.8182499999999999 0.1853333328125 0.81975 0.1896666671875 0.8182499999999999
6 0.17099999999999999 0.8029999999999999 0.17333333281250002 0.78175 0.1776666671875 0.778 0.178 0.775 0.1696666671875 0.7747499999999999 0.1633333328125 0.7787499999999999 0.1616666671875 0.78275 0.1613333328125 0.795 0.1596666671875 0.79825 0.158 0.81425 0.1656666671875 0.8147500000000001 0.16833333281250001 0.81125 0.17099999999999999 0.8029999999999999
6 0.1536666671875 0.8085000000000001 0.1556666671875 0.8067500000000001 0.1563333328125 0.7885 0.158 0.78025 0.158 0.77825 0.1543333328125 0.77575 0.1513333328125 0.7775000000000001 0.1413333328125 0.7777499999999999 0.1393333328125 0.779 0.1373333328125 0.7945 0.1373333328125 0.8074999999999999 0.1416666671875 0.8095000000000001 0.151 0.8095000000000001 0.1536666671875 0.8085000000000001
6 0.017333332812499998 0.8095000000000001 0.033 0.8089999999999999 0.0346666671875 0.8067500000000001 0.034999999999999996 0.8002499999999999 0.037 0.79725 0.04 0.77825 0.0433333328125 0.77125 0.0406666671875 0.769 0.037 0.76825 0.025 0.771 0.0166666671875 0.77525 0.0153333328125 0.7785 0.0123333328125 0.8019999999999999 0.0126666671875 0.8077500000000001 0.0136666671875 0.8089999999999999 0.017333332812499998 0.8095000000000001
6 0.0566666671875 0.81075 0.06 0.808 0.0636666671875 0.795 0.0646666671875 0.78175 0.0663333328125 0.77575 0.06933333281250001 0.7715 0.0656666671875 0.76875 0.0596666671875 0.7685 0.053000000000000005 0.7697499999999999 0.044666667187499995 0.7725 0.0423333328125 0.7745 0.0366666671875 0.8022500000000001 0.0366666671875 0.8074999999999999 0.0396666671875 0.80975 0.049 0.8115 0.0566666671875 0.81075
6 0.081 0.8099999999999999 0.08333333281250001 0.8065 0.0886666671875 0.7775000000000001 0.092 0.77175 0.091 0.77025 0.0883333328125 0.76925 0.07566666718750001 0.77 0.0676666671875 0.77425 0.0653333328125 0.779 0.062 0.8022500000000001 0.0616666671875 0.8065 0.0643333328125 0.8102499999999999 0.08 0.81075 0.081 0.8099999999999999
6 0.10800000000000001 0.8102499999999999 0.11133333281249999 0.795 0.11333333281249999 0.7747499999999999 0.11499999999999999 0.77125 0.10700000000000001 0.7695000000000001 0.10033333281250001 0.771 0.0913333328125 0.775 0.089 0.77925 0.086 0.79975 0.0853333328125 0.80725 0.0876666671875 0.8109999999999999 0.10400000000000001 0.8115 0.10800000000000001 0.8102499999999999
6 0.1273333328125 0.81425 0.13133333281249998 0.8105 0.133 0.8067500000000001 0.13633333281249999 0.7809999999999999 0.13533333281249998 0.7715 0.1306666671875 0.7715 0.1176666671875 0.775 0.1153333328125 0.7775000000000001 0.11399999999999999 0.7825 0.1106666671875 0.80375 0.11100000000000002 0.8102499999999999 0.1146666671875 0.81225 0.1273333328125 0.81425
6 0.2916666671875 0.81925 0.294 0.81425 0.29500000000000004 0.8074999999999999 0.29333333281249996 0.7959167500000001 0.2946666671875 0.78275 0.279 0.78275 0.2776666671875 0.78575 0.2746666671875 0.7877500000000001 0.2713333328125 0.80475 0.2716666671875 0.8195 0.2753333328125 0.82125 0.28900000000000003 0.8215 0.2916666671875 0.81925
6 0.2983333328125 0.8220000000000001 0.31066666718749997 0.8215 0.31433333281250003 0.82225 0.318 0.8185 0.32166666718750003 0.8105 0.323 0.80275 0.322 0.791 0.32566666718750004 0.78325 0.3246666671875 0.77925 0.31266666718749997 0.77725 0.3063333328125 0.7747499999999999 0.3023333328125 0.7765 0.2943333328125 0.788 0.294 0.79825 0.2963333328125 0.8095000000000001 0.2956666671875 0.8195 0.2983333328125 0.8220000000000001
6 0.5176666671875 0.826 0.518 0.8140000000000001 0.5213333328124999 0.8065 0.5206666671875 0.78575 0.5173333328124999 0.783 0.5016666671875 0.78225 0.4993333328125 0.7865 0.49800000000000005 0.826 0.5006666671875 0.82675 0.5163333328124999 0.82675 0.5176666671875 0.826
6 0.4926666671875 0.826 0.49366666718749996 0.82225 0.49633333281249997 0.78325 0.49400000000000005 0.78225 0.47800000000000004 0.7815000000000001 0.47533333281249995 0.78275 0.47466666718750006 0.7855000000000001 0.4716666671875 0.8220000000000001 0.4743333328125 0.8262499999999999 0.4903333328125 0.82675 0.4926666671875 0.826
6 0.46966666718749994 0.81075 0.46966666718749994 0.7985 0.47133333281249995 0.7885 0.47066666718750005 0.783 0.4583333328125 0.78175 0.4543333328125 0.78175 0.45099999999999996 0.783 0.44699999999999995 0.8089999999999999 0.44733333281250004 0.8240000000000001 0.4543333328125 0.826 0.46666666718750005 0.826 0.46966666718749994 0.81075
6 0.4443333328125 0.8225 0.4476666671875 0.78725 0.44699999999999995 0.7825 0.43966666718749997 0.7809999999999999 0.4286666671875 0.7815000000000001 0.4263333328125 0.7825 0.42400000000000004 0.7889999999999999 0.422 0.8082499999999999 0.4216666671875 0.82225 0.42300000000000004 0.8242499999999999 0.4403333328125 0.82575 0.4443333328125 0.8225
6 0.4183333328125 0.8220000000000001 0.41966666718749995 0.8150000000000001 0.4223333328125 0.78625 0.4223333328125 0.783 0.42000000000000004 0.78125 0.41200000000000003 0.78 0.40766666718750005 0.78075 0.4046666671875 0.78175 0.4006666671875 0.78575 0.3976666671875 0.8092499999999999 0.3966666671875 0.82225 0.40033333281249994 0.8244999999999999 0.41566666718749995 0.8255000000000001 0.4183333328125 0.8220000000000001
6 0.6186666671875 0.82825 0.621 0.826 0.622 0.8160000000000001 0.6216666671875 0.796 0.6196666671875 0.788 0.6153333328125 0.7849999999999999 0.6076666671875001 0.78425 0.5996666671875001 0.7849999999999999 0.5943333328125 0.791 0.5940000000000001 0.79425 0.5936666671874999 0.8102499999999999 0.5980000000000001 0.8262499999999999 0.6033333328125 0.82875 0.6186666671875 0.82825
6 0.6426666671875 0.8307499999999999 0.6443333328125 0.82975 0.6456666671875 0.8262499999999999 0.646 0.817 0.646 0.7985 0.6433333328125 0.78925 0.6383333328125 0.786 0.63 0.7855000000000001 0.623 0.7875 0.624 0.7965 0.6236666671875 0.827 0.6263333328125 0.8300000000000001 0.6426666671875 0.8307499999999999
6 0.6696666671875 0.83125 0.6713333328125 0.80275 0.6703333328125 0.7935 0.665 0.78725 0.658 0.78675 0.6543333328125 0.7855000000000001 0.6463333328124999 0.7865 0.647 0.8154999999999999 0.649 0.8300000000000001 0.6533333328125 0.8314999999999999 0.6696666671875 0.83125
6 0.8220000000000001 0.8352499999999999 0.8240000000000001 0.834 0.825 0.8305 0.8246666671874999 0.80175 0.8236666671874999 0.79875 0.8143333328125 0.7927500000000001 0.806 0.7929999999999999 0.8029999999999999 0.7917500000000001 0.7946666671875 0.79075 0.7933333328125001 0.79425 0.7923333328125 0.8109999999999999 0.7936666671875 0.826 0.8023333328125 0.8342499999999999 0.8220000000000001 0.8352499999999999
6 0.828 0.8247500000000001 0.8263333328125 0.8300000000000001 0.8276666671875 0.83375 0.8296666671875 0.8352499999999999 0.8383333328125 0.83475 0.8456666671875 0.836 0.8476666671875 0.834 0.8470000000000001 0.8252499999999999 0.8486666671875 0.82225 0.8463333328125 0.79875 0.8433333328125 0.79575 0.834 0.7925 0.8266666671875 0.7927500000000001 0.8223333328125 0.79425 0.8220000000000001 0.79525 0.825 0.7969999999999999 0.8263333328125 0.80175 0.828 0.8247500000000001
6 0.8516666671875001 0.83375 0.8533333328125 0.83625 0.8693333328125 0.8365 0.8720000000000001 0.834 0.8720000000000001 0.8215 0.8706666671875001 0.8022500000000001 0.869 0.7985 0.866 0.79575 0.86 0.7945 0.8483333328124999 0.79475 0.8483333328124999 0.81075 0.8523333328125 0.8252499999999999 0.851 0.82975 0.8516666671875001 0.83375
6 0.9630000000000001 0.84175 0.9746666671875 0.84275 0.9766666671875001 0.84175 0.9763333328125 0.8065 0.975 0.8035 0.9693333328125 0.8009999999999999 0.9626666671875 0.79575 0.9586666671874999 0.79525 0.9470000000000001 0.79825 0.9476666671875 0.8105 0.9516666671875 0.834 0.9573333328125001 0.8390000000000001 0.9630000000000001 0.84175
6 0.9133333328125 0.826 0.9156666671875 0.8295 0.923 0.83575 0.9273333328125 0.83775 0.931 0.837 0.9413333328125001 0.8387499999999999 0.9463333328125 0.8380000000000001 0.9480000000000001 0.83375 0.9480000000000001 0.82125 0.9466666671875 0.8045 0.945 0.8002499999999999 0.9400000000000001 0.7967500000000001 0.9283333328125 0.7935 0.9126666671875 0.7945 0.9116666671875 0.79475 0.9133333328125 0.7983 0.9126666671875 0.8205 0.9133333328125 0.826
6 0.0376666671875 0.9942500000000001 0.04 0.9882500000000001 0.043 0.9702500000000001 0.052000000000000005 0.9545 0.0476666671875 0.95275 0.038333332812499996 0.953 0.034999999999999996 0.9557499999999999 0.0293333328125 0.9574999999999999 0.025333332812499998 0.9605 0.019 0.9705 0.0183333328125 0.97425 0.017 0.99975 0.034999999999999996 0.99975 0.034999999999999996 0.99725 0.0376666671875 0.9942500000000001
6 0.067 0.9744999999999999 0.06899999999999999 0.969 0.077 0.95625 0.0773333328125 0.9550000000000001 0.076 0.954 0.06899999999999999 0.95275 0.063 0.95325 0.0606666671875 0.95375 0.0543333328125 0.958 0.044666667187499995 0.96775 0.0413333328125 0.98225 0.0403333328125 0.99975 0.061 0.99975 0.0643333328125 0.99075 0.067 0.9744999999999999
6 0.09733333281249999 0.96275 0.10066666718749999 0.9592499999999999 0.0993333328125 0.9550000000000001 0.0916666671875 0.95325 0.0843333328125 0.95425 0.075 0.96125 0.071 0.9650000000000001 0.068 0.9702500000000001 0.066 0.9855 0.0656666671875 0.99975 0.0883333328125 0.99975 0.093 0.9705 0.09733333281249999 0.96275
6 0.124 0.96075 0.124 0.9574999999999999 0.11399999999999999 0.9545 0.11100000000000002 0.9545 0.10733333281249999 0.9560000000000001 0.10600000000000001 0.9585000000000001 0.0943333328125 0.9682499999999999 0.0916666671875 0.9782500000000001 0.09066666718750001 0.99975 0.1116666671875 0.99975 0.1186666671875 0.96975 0.124 0.96075
6 0.1493333328125 0.9592499999999999 0.1473333328125 0.9570000000000001 0.1426666671875 0.9560000000000001 0.1306666671875 0.9567500000000001 0.1183333328125 0.9722500000000001 0.11599999999999999 0.9865 0.1153333328125 0.99975 0.1396666671875 0.99975 0.142 0.9705 0.1493333328125 0.9592499999999999
6 0.174 0.96275 0.17433333281250002 0.95875 0.17333333281250002 0.9577500000000001 0.162 0.9560000000000001 0.1563333328125 0.958 0.144 0.9702500000000001 0.1413333328125 0.9875 0.142 0.99975 0.16399999999999998 0.99975 0.1686666671875 0.9724999999999999 0.174 0.96275
6 0.1993333328125 0.96275 0.198 0.95975 0.193 0.958 0.181 0.9585000000000001 0.1706666671875 0.96975 0.16799999999999998 0.9795 0.16699999999999998 0.99975 0.1903333328125 0.99975 0.194 0.9737500000000001 0.1993333328125 0.96275
6 0.22433333281249998 0.96275 0.22433333281249998 0.9585000000000001 0.22033333281249998 0.9574999999999999 0.2093333328125 0.9572499999999999 0.20400000000000001 0.9595 0.1946666671875 0.9734999999999999 0.1933333328125 0.9835 0.1926666671875 0.99975 0.217 0.99975 0.2193333328125 0.9727499999999999 0.22433333281249998 0.96275
6 0.24533333281249997 0.9710000000000001 0.25 0.96325 0.24900000000000003 0.9602499999999999 0.2443333328125 0.9585000000000001 0.23533333281250002 0.9585000000000001 0.2296666671875 0.9605 0.22200000000000003 0.97 0.2193333328125 0.97675 0.21833333281249998 0.99975 0.24100000000000002 0.99975 0.242 0.9865 0.24533333281249997 0.9710000000000001
6 0.2746666671875 0.9630000000000001 0.2726666671875 0.959 0.2663333328125 0.9585000000000001 0.2556666671875 0.9605 0.2536666671875 0.962 0.24666666718750002 0.9727499999999999 0.2443333328125 0.9817500000000001 0.24333333281249997 0.99975 0.2656666671875 0.99975 0.272 0.9672499999999999 0.2746666671875 0.9630000000000001
6 0.29900000000000004 0.9625 0.29500000000000004 0.9605 0.286 0.9602499999999999 0.2793333328125 0.9615 0.2726666671875 0.9720000000000001 0.2703333328125 0.9785 0.2683333328125 0.99975 0.29100000000000004 0.99975 0.2946666671875 0.9734999999999999 0.29900000000000004 0.9625
6 0.3223333328125 0.96675 0.32166666718750003 0.9630000000000001 0.3186666671875 0.96175 0.3076666671875 0.96175 0.3026666671875 0.96275 0.2956666671875 0.97875 0.294 0.99975 0.3163333328125 0.99975 0.31766666718750003 0.98675 0.3223333328125 0.96675
6 0.3483333328125 0.96325 0.3466666671875 0.9615 0.3376666671875 0.9605 0.3283333328125 0.9625 0.322 0.9744999999999999 0.31966666718750003 0.9875 0.3193333328125 0.99975 0.3423333328125 0.99975 0.343 0.985 0.3483333328125 0.96325
6 0.3743333328125 0.96275 0.373 0.96175 0.36666666718749996 0.96125 0.3526666671875 0.96225 0.3506666671875 0.9650000000000001 0.346 0.9804999999999999 0.3443333328125 0.99975 0.37 0.99975 0.37533333281250003 0.967 0.3743333328125 0.96275
6 0.4483333328125 0.9657500000000001 0.44299999999999995 0.96325 0.43833333281250003 0.9635 0.43566666718749997 0.9625 0.4273333328125 0.9630000000000001 0.42433333281249996 0.9662499999999999 0.42300000000000004 0.9792500000000001 0.422 0.9925 0.42300000000000004 0.99975 0.4453333328125 0.99975 0.4483333328125 0.9657500000000001
6 0.4743333328125 0.96675 0.472 0.95875 0.47066666718750005 0.9574999999999999 0.454 0.958 0.4516666671875 0.9595 0.45 0.9657500000000001 0.44800000000000006 0.9925 0.4486666671875 0.99975 0.47000000000000003 0.99975 0.4743333328125 0.96675
10 0.7740400000000001 0.526345 0.774491 0.49405325 0.7720119999999999 0.48745975 0.752406 0.48681025 0.749251 0.53091 0.7715613328125001 0.53175525 0.7740400000000001 0.526345
10 0.741589 0.65716525 0.7711106671875 0.65868675 0.7738146671874999 0.65361475 0.7742653328125 0.6199705 0.7731386671875 0.6121935 0.74542 0.611348 0.7465466671875001 0.61642 0.74542 0.651586 0.741589 0.65716525
10 0.39888 0.6475727499999999 0.4264916671875 0.649166 0.42967766718749995 0.602478 0.40461466718750005 0.6027804999999999 0.40291566718749994 0.607099 0.39888 0.634347 0.39888 0.6475727499999999
6 0.496 0.9672499999999999 0.4783333328125 0.9657500000000001 0.4763333328125 0.9710000000000001 0.47400000000000003 0.9872500000000001 0.47366666718749995 0.99975 0.49533333281249997 0.99975 0.497 0.9737500000000001 0.496 0.9672499999999999
6 0.5216666671875 0.967 0.5096666671875 0.9662499999999999 0.5016666671875 0.9664999999999999 0.5013333328125 0.9675 0.501 0.99975 0.522 0.99975 0.523 0.976 0.5216666671875 0.967
6 0.5723333328125 0.97075 0.5700000000000001 0.968 0.5603333328125 0.9662499999999999 0.5513333328125001 0.967 0.5483333328125 0.986 0.549 0.99975 0.5733333328125 0.99975 0.5743333328125 0.9855 0.5723333328125 0.97075
6 0.596 0.9692500000000001 0.5820000000000001 0.967 0.5766666671875 0.9682499999999999 0.575 0.9705 0.5753333328125 0.99975 0.5980000000000001 0.99975 0.5986666671875 0.984 0.596 0.9692500000000001
6 0.6243333328125 0.97425 0.6213333328124999 0.97 0.6166666671875001 0.968 0.6033333328125 0.9682499999999999 0.601 0.97075 0.6 0.97775 0.5996666671875001 0.99975 0.626 0.99975 0.6256666671875 0.98225 0.6243333328125 0.97425
6 0.6463333328124999 0.9705 0.63 0.96875 0.626 0.97075 0.6276666671875 0.99975 0.6486666671875 0.99975 0.648 0.9744999999999999 0.6463333328124999 0.9705
6 0.6963333328125 0.97475 0.6940000000000001 0.9722500000000001 0.6816666671875 0.97075 0.6743333328125 0.9712500000000001 0.673 0.9855 0.6736666671875 0.99975 0.7016666671875 0.99975 0.7013333328125 0.9872500000000001 0.6963333328125 0.97475
6 0.7266666671875 0.9882500000000001 0.72 0.9744999999999999 0.7166666671875 0.9722500000000001 0.713 0.9717499999999999 0.701 0.9717499999999999 0.7003333328125 0.9727499999999999 0.7 0.9785 0.7036666671875 0.99975 0.7273333328125 0.99975 0.7266666671875 0.9882500000000001
6 0.7526666671875 0.99975 0.7526666671875 0.9894999999999999 0.7446666671875 0.97425 0.7373333328125 0.9724999999999999 0.728 0.9722500000000001 0.7246666671875001 0.9734999999999999 0.7243333328125 0.9785 0.7283333328125 0.9894999999999999 0.729 0.99975 0.7526666671875 0.99975
6 0.7783333328125 0.99975 0.779 0.99 0.77 0.9755 0.7633333328125 0.9727499999999999 0.755 0.9724999999999999 0.7506666671875 0.9737500000000001 0.75 0.9785 0.7536666671875001 0.9890000000000001 0.7546666671875 0.99975 0.7783333328125 0.99975
6 0.8046666671875 0.99975 0.8036666671875 0.9897500000000001 0.795 0.97625 0.79 0.974 0.775 0.97425 0.7746666671875 0.97875 0.7786666671875 0.9877499999999999 0.7803333328125001 0.99975 0.8046666671875 0.99975
6 0.8306666671875 0.99975 0.828 0.9877499999999999 0.8213333328125 0.9785 0.818 0.97575 0.8109999999999999 0.97425 0.8056666671875 0.97425 0.8013333328125001 0.97525 0.7996666671875 0.977 0.7993333328125 0.9789999999999999 0.8039999999999999 0.9887499999999999 0.8063333328125 0.99975 0.8306666671875 0.99975
6 0.8573333328125001 0.99975 0.8546666671875001 0.99 0.8443333328125 0.9772500000000001 0.834 0.97475 0.8296666671875 0.97475 0.8246666671874999 0.9772500000000001 0.8240000000000001 0.9785 0.828 0.98525 0.8316666671874999 0.99975 0.8573333328125001 0.99975
6 0.8573333328125001 0.99975 0.8789999999999999 0.99975 0.8800000000000001 0.994 0.8773333328125 0.9887499999999999 0.8673333328125 0.9782500000000001 0.865 0.97675 0.8586666671875 0.97625 0.8518766671875 0.97561875 0.8485913328124999 0.9763437500000001 0.8516666671875001 0.98525 0.8556666671875 0.992 0.8573333328125001 0.99975
6 0.9053333328125 0.991 0.893 0.9775 0.8876666671875 0.97625 0.8796666671875 0.976 0.873 0.978 0.8783333328125 0.991 0.8789999999999999 0.99975 0.9066666671875 0.99975 0.9053333328125 0.991
6 0.9326666671874999 0.99975 0.9279999999999999 0.98925 0.9189999999999999 0.9785 0.9126666671875 0.9772500000000001 0.8986666671875 0.9782500000000001 0.898 0.98225 0.9036666671875 0.9882500000000001 0.9063333328125 0.99975 0.9326666671874999 0.99975
6 0.9606666671875 0.99975 0.9586666671874999 0.994 0.9403333328124999 0.9785 0.9296666671875 0.9775 0.9218356671875 0.9773585 0.9236666671875 0.98225 0.9276666671875 0.9865 0.9333333328125001 0.99975 0.9606666671875 0.99975