0 0.767836 0.51680025 0.7803016671874999 0.5180475 0.7797476671875 0.568972 0.767559 0.564607 0.766451 0.5781175000000001 0.7598026671875 0.5737525 0.7586946671875 0.5880945 0.8116036671875 0.5889260000000001 0.8104956671875 0.57645475 0.81936 0.575831 0.8210219999999999 0.570219 0.8329336671875 0.5693875 0.8343186671874999 0.51763175 0.8218533328125 0.51472175 0.8221303328125 0.5061997500000001 0.8124346671874999 0.5022504999999999 0.8135429999999999 0.48874000000000006 0.7602446671875 0.48862474999999994 0.7600796671875 0.50474475 0.7681129999999999 0.5037054999999999 0.767836 0.51680025
0 0.8213153328124999 0.513264 0.8343349999999999 0.5167975 0.83295 0.5677220000000001 0.8207613328125 0.57104775 0.8215923328124999 0.57603625 0.8102349999999999 0.5768675 0.8102349999999999 0.58892325 0.861482 0.58933875 0.8628669999999999 0.577699 0.8733936671875 0.576244 0.8728396671875001 0.56959275 0.8880750000000001 0.56876125 0.8902913328125001 0.5180447499999999 0.8758866671875 0.51513475 0.8750556671874999 0.503287 0.8659143328125 0.50100075 0.8659143328125 0.48956875 0.8138363328124999 0.48811375 0.8127280000000001 0.5018320000000001 0.8221466671875 0.5059892500000001 0.8213153328124999 0.513264
0 0.8742246671875 0.50307925 0.8753326671874999 0.5149269999999999 0.8908453328125001 0.519084 0.8886293328124999 0.56938475 0.8742246671875 0.570424 0.8753326671874999 0.577699 0.8631439999999999 0.57603625 0.862313 0.58892325 0.9146683328125 0.5899625000000001 0.9149453328125 0.57811475 0.9271336671875 0.5768675 0.9274106671875 0.57000825 0.9423693328124999 0.57000825 0.9451393328125001 0.516174 0.9279646671874999 0.5140955 0.9296266671875 0.5070285 0.9168843328125 0.5045342500000001 0.9174383328125 0.48998425 0.8655263328125 0.48914425 0.8656373328125 0.49102375 0.8653603328124999 0.50100075 0.8742246671875 0.50307925
0 0.6211223328125001 0.44899425 0.649921 0.44824125 0.6505906671874999 0.4387035 0.655279 0.43569175 0.6572883328125 0.38373650000000004 0.6522653328125 0.373195 0.6455676671874999 0.36441025 0.6233726671875 0.3654615 0.629829 0.38499150000000004 0.62782 0.43544075 0.6204526671874999 0.43343275 0.6211223328125001 0.44899425
0 0.683073 0.38047375 0.6767106671875001 0.36792425 0.649921 0.36742225 0.6589626671875 0.38448950000000004 0.6566183328124999 0.43468775 0.6485816671875 0.4384525 0.6509256671875 0.44849225 0.6776083328125 0.4479445 0.6787196671875 0.4374485 0.6840776671875 0.43544075 0.6864216671875 0.38423850000000004 0.683073 0.38047375
0 0.7098623328125 0.38298375 0.7098623328125 0.373697 0.7028303328125001 0.36742225 0.6770453328125 0.36666925 0.6844123328125 0.375454 0.6837426671875 0.38323475 0.6837426671875 0.43493875 0.6813986671875 0.44673525 0.7082413328125 0.4460615 0.7128763328125001 0.44573124999999997 0.7138806671875 0.38423850000000004 0.7098623328125 0.38298375
0 0.7165596671875 0.38499150000000004 0.711202 0.44548025 0.733973 0.44472725 0.7343076671875 0.43594275 0.741005 0.43594275 0.7446886671875 0.38499150000000004 0.7379913328125001 0.38273275 0.7373216671875 0.374952 0.7292846671875 0.36692025 0.7082413328125 0.36583825000000003 0.710867 0.374952 0.7095276671875 0.38172875 0.7165596671875 0.38499150000000004
0 0.7731523328125001 0.4387035 0.7661203328124999 0.43518975 0.7661203328124999 0.45627300000000004 0.7962583328124999 0.45752775 0.7955886671875 0.4369465 0.8022859999999999 0.43518975 0.8063043328124999 0.3859955 0.7986023328125 0.38172875 0.799607 0.374952 0.7888913328125 0.36390825000000004 0.76097 0.363955 0.7701386671875 0.374952 0.7718130000000001 0.3890075 0.774492 0.41360450000000004 0.7731523328125001 0.4387035
0 0.8357726671875 0.3862465 0.827401 0.38323475 0.827736 0.372944 0.819364 0.36441025 0.7898956671875 0.36491225 0.7979326671875 0.375203 0.7982673328125001 0.38323475 0.8056346671875 0.3854935 0.8022859999999999 0.4369465 0.7952536671875 0.4387035 0.7969280000000001 0.45602200000000004 0.825249 0.455854 0.8257266671875 0.4387035 0.832759 0.4376995 0.8357726671875 0.3862465
0 0.8649063328125 0.38474050000000004 0.857874 0.37997175 0.8582090000000001 0.373195 0.847493 0.36365725000000004 0.8183596671875 0.36441025 0.8284056671875 0.373697 0.829745 0.38197975 0.8361076671875001 0.3862465 0.8344333328125 0.4371975 0.8243873328125 0.4374485 0.8240523328125 0.44824125 0.8573886671875 0.44681475 0.8555300000000001 0.4392055 0.8639016671874999 0.4376995 0.8649063328125 0.38474050000000004
0 0.41506999999999994 0.51133475 0.41179 0.51307175 0.4129476671875 0.56286625 0.4142983328125 0.5661955 0.41391233281249995 0.5696695 0.41526300000000005 0.5721302500000001 0.41526300000000005 0.58515775 0.4662 0.5858814999999999 0.46774366718750005 0.48556925 0.41506999999999994 0.48571400000000003 0.4166136671875 0.49859675000000003 0.4142983328125 0.4998995 0.41506999999999994 0.51133475
0 0.5188736671874999 0.5887765 0.520996 0.51813825 0.5196453328125 0.48687199999999997 0.468853 0.486435 0.4681293328125 0.5074265 0.46697166718750005 0.588487 0.5188736671874999 0.5887765
0 0.5193559999999999 0.573683 0.5475256671875 0.57542 0.549648 0.5658665 0.550613 0.5162169999999999 0.5473326671875001 0.5095585 0.543281 0.5332975 0.522395 0.5280385 0.5208996671875 0.5603659999999999 0.5180053328125 0.5641295000000001 0.5193559999999999 0.573683
0 0.5762743328125 0.5745515 0.5764673328125001 0.567314 0.5783966671874999 0.56687975 0.5797473328125 0.51433525 0.5726083328125 0.51433525 0.5714506671875 0.536048 0.5550506671875 0.5354687499999999 0.5513363328125 0.52460175 0.5508056671875 0.565577 0.5484903328125 0.5742619999999999 0.5762743328125 0.5745515
0 0.5762743328125 0.57498575 0.6034793328125 0.575999 0.604444 0.5676034999999999 0.6063736671875 0.56543225 0.6073383328124999 0.52041475 0.6021286671875 0.53344225 0.5822556671875 0.5266390000000001 0.5870793328125 0.52359925 0.5892016671875 0.51448 0.580519 0.5137484999999999 0.5799403328125 0.56659025 0.5762743328125 0.5681825 0.5762743328125 0.57498575
0 0.6324693328125 0.574843 0.633241 0.5681845 0.6357493328125 0.5668817500000001 0.6384503328125 0.5228775 0.609702 0.52012725 0.6094606671875 0.56511975 0.6066146671875 0.56890825 0.606229 0.574843 0.6324693328125 0.574843
0 0.6349773328125 0.57469825 0.6623753328124999 0.5764352500000001 0.6625683328124999 0.5687635 0.667199 0.5660132499999999 0.6668133328125 0.52389075 0.6621826671875 0.52302225 0.6457823328125001 0.5367735 0.646361 0.52244325 0.6403316671875 0.522431 0.6403800000000001 0.56485525 0.6357493328125 0.56659225 0.6349773328125 0.57469825
0 0.6648836671875 0.5757114999999999 0.690738 0.57658 0.6899663328125001 0.5687635 0.6972983328125 0.566737 0.6971053328125 0.54835375 0.6795473328125 0.54212925 0.674724 0.5199825 0.6685496671875 0.52070625 0.6700933328125 0.56543425 0.6648836671875 0.569053 0.6648836671875 0.5757114999999999
0 0.6928606671875001 0.5693425000000001 0.6932463328125 0.575422 0.7204516671875 0.5757114999999999 0.7208373328125 0.569632 0.7262396671875 0.567316 0.7281693328125 0.51462675 0.7208373328125 0.515061 0.7198726671875 0.522588 0.718908 0.53518125 0.7212233328125001 0.5443005000000001 0.701736 0.5484985 0.697877 0.54864325 0.7003853328125 0.5661579999999999 0.6928606671875001 0.5693425000000001
7 0.140246 0.19529275 0.1385923328125 0.13512525 0.011265 0.13388450000000002 0.0054776671875 0.132644 0.006304332812500001 0.19219150000000002 0.140246 0.19529275
7 0.265713 0.136052 0.1400393328125 0.13533675 0.140866 0.21358749999999999 0.2644726671875 0.21637875 0.265713 0.136052
7 0.3949003328125 0.1379095 0.266643 0.13727475 0.26633300000000004 0.21606550000000002 0.39242 0.21792625000000002 0.3949003328125 0.1379095
7 0.5139596671875 0.13915 0.3937636671875 0.136887 0.3920066671875 0.2182365 0.5135463328125 0.22009725000000002 0.5139596671875 0.13915
7 0.6400466671875 0.14031275 0.5131326671875 0.13804975 0.514373 0.21846875 0.6375663328125001 0.22157 0.6400466671875 0.14031275
7 0.768614 0.14434475 0.6392196671875 0.13921250000000002 0.6400466671875 0.1986195 0.7632396671875 0.202031 0.768614 0.14434475
7 0.8872596671874999 0.20668324999999999 0.8872596671874999 0.14434475 0.7735746671875 0.14217375000000002 0.7657203328125 0.1418635 0.7619996671875 0.2007905 0.8872596671874999 0.20668324999999999
6 0.1 0.41224999999999995 0.101 0.38475000000000004 0.099 0.38375 0.0846666671875 0.38325 0.0813333328125 0.38475000000000004 0.08 0.38725 0.0796666671875 0.41325 0.08399999999999999 0.41525 0.0966666671875 0.41475 0.1 0.41224999999999995
6 0.1223333328125 0.4135 0.124 0.41200000000000003 0.1243333328125 0.3845 0.11299999999999999 0.383 0.10300000000000001 0.38375 0.10166666718749999 0.3845 0.10266666718749999 0.41200000000000003 0.10733333281249999 0.41425 0.1223333328125 0.4135
6 0.1513333328125 0.41200000000000003 0.1533333328125 0.38475000000000004 0.147 0.3835 0.13233333281249998 0.383 0.127 0.38525 0.1276666671875 0.41224999999999995 0.1316666671875 0.4145 0.15 0.41475 0.1513333328125 0.41200000000000003
6 0.17633333281250002 0.41275000000000006 0.176 0.40700000000000003 0.1776666671875 0.40374999999999994 0.1776666671875 0.38375 0.17433333281250002 0.383 0.16699999999999998 0.38375 0.158 0.38325 0.1546666671875 0.38475000000000004 0.1543333328125 0.3875 0.1543333328125 0.41375 0.1573333328125 0.41550000000000004 0.17433333281250002 0.41574999999999995 0.17633333281250002 0.41275000000000006
6 0.20233333281250002 0.40449999999999997 0.20166666718749998 0.39496425 0.20299999999999999 0.38849999999999996 0.20099999999999998 0.3845 0.1923333328125 0.38425 0.189 0.3855 0.1863333328125 0.384 0.1836666671875 0.384 0.1813333328125 0.38475000000000004 0.18 0.388 0.1806666671875 0.41425 0.1853333328125 0.41574999999999995 0.2 0.41574999999999995 0.20233333281250002 0.40449999999999997
6 0.217 0.4165 0.225 0.4175 0.22799999999999998 0.41675000000000006 0.2306666671875 0.38775 0.22433333281249998 0.38525 0.209 0.38425 0.20633333281250002 0.38725 0.20633333281250002 0.41200000000000003 0.2073333328125 0.41600000000000004 0.20866666718750002 0.417 0.217 0.4165
6 0.23500000000000001 0.4175 0.2443333328125 0.417 0.2513333328125 0.41825 0.2533333328125 0.41775 0.255 0.41600000000000004 0.25666666718750003 0.39375 0.25833333281250004 0.38875000000000004 0.2573333328125 0.38675000000000004 0.254 0.385 0.236 0.3845 0.23199999999999998 0.38725 0.231 0.38849999999999996 0.23199999999999998 0.391 0.2323333328125 0.4165 0.23500000000000001 0.4175
6 0.333 0.41825 0.3343333328125 0.41624999999999995 0.33399999999999996 0.40449999999999997 0.335 0.392 0.3363333328125 0.389 0.3356666671875 0.38725 0.3313333328125 0.3855 0.3153333328125 0.38525 0.3116666671875 0.388 0.3113333328125 0.40449999999999997 0.313 0.41675000000000006 0.3163333328125 0.418 0.333 0.41825
6 0.3063333328125 0.41875 0.3093333328125 0.413 0.3096666671875 0.392 0.312 0.38849999999999996 0.309 0.386 0.3043333328125 0.385 0.2906666671875 0.38475000000000004 0.28700000000000003 0.3855 0.2856666671875 0.387 0.28500000000000003 0.4025 0.286 0.4165 0.28700000000000003 0.41775 0.3063333328125 0.41875
6 0.279 0.41775 0.2813333328125 0.414 0.282 0.39249999999999996 0.2843333328125 0.389 0.2833333328125 0.3865 0.2796666671875 0.385 0.263 0.38425 0.26033333281250004 0.38575 0.259 0.38825 0.25866666718750003 0.395 0.2593333328125 0.41600000000000004 0.2633333328125 0.41875 0.2663333328125 0.41775 0.279 0.41775
6 0.3586666671875 0.41600000000000004 0.359 0.394 0.3603333328125 0.38849999999999996 0.3593333328125 0.387 0.354 0.38525 0.3416666671875 0.385 0.33799999999999997 0.3865 0.337 0.38875000000000004 0.3376666671875 0.4165 0.3413333328125 0.4185 0.3573333328125 0.41775 0.3586666671875 0.41600000000000004
6 0.38333333281250004 0.41825 0.3843333328125 0.41725 0.38533333281250004 0.38849999999999996 0.3806666671875 0.386 0.373 0.3855 0.36466666718749996 0.3855 0.3623333328125 0.388 0.362 0.40675 0.363 0.4165 0.3643333328125 0.4185 0.38333333281250004 0.41825
6 0.4086666671875 0.40675 0.40599999999999997 0.40049999999999997 0.404 0.38849999999999996 0.3963333328125 0.38575 0.3886666671875 0.38849999999999996 0.3883333328125 0.39049999999999996 0.3883333328125 0.41825 0.392 0.41925 0.40800000000000003 0.42000000000000004 0.4086666671875 0.40675
6 0.4351756671875 0.4173425 0.43533333281250003 0.4085 0.4373333328125 0.40099999999999997 0.43566666718749997 0.38875000000000004 0.42800000000000005 0.3875 0.41733333281249996 0.38875000000000004 0.41566666718749995 0.394 0.4153333328125 0.40549999999999997 0.4166666671875 0.41025 0.41561000000000003 0.41816624999999996 0.4351756671875 0.4173425
6 0.45999999999999996 0.41624999999999995 0.45899999999999996 0.399 0.45499999999999996 0.393 0.44299999999999995 0.39849999999999997 0.44000000000000006 0.40675 0.43966666718749997 0.4165 0.442 0.41950000000000004 0.45899999999999996 0.41925 0.45999999999999996 0.41624999999999995
6 0.4756666671875 0.4205 0.4823333328125 0.42175 0.4846666671875 0.41974999999999996 0.4853333328125 0.39575 0.4843333328125 0.394 0.48166666718749995 0.39275000000000004 0.4703333328125 0.395 0.46733333281249995 0.39675 0.46566666718749994 0.39975 0.466613 0.417013 0.46733333281249995 0.422 0.47000000000000003 0.421 0.4756666671875 0.4205
6 0.5096666671875 0.4085 0.5096666671875 0.39175 0.5083333328124999 0.38875000000000004 0.5013333328125 0.38725 0.49400000000000005 0.389 0.4893333328125 0.39249999999999996 0.488 0.39825 0.4876666671875 0.40449999999999997 0.49000000000000005 0.42000000000000004 0.508 0.41974999999999996 0.5096666671875 0.4085
6 0.533 0.4215 0.5343333328125001 0.41025 0.533 0.3895 0.5276666671875 0.388 0.517 0.38725 0.5133333328125 0.38975 0.5133333328125 0.41624999999999995 0.5143333328125 0.41974999999999996 0.5166666671875 0.421 0.533 0.4215
6 0.5843333328125 0.39249999999999996 0.583 0.38849999999999996 0.58 0.387 0.577 0.38775 0.5650000000000001 0.38725 0.563 0.38875000000000004 0.5626666671875 0.39175 0.5623333328125 0.409 0.5643333328125 0.42074999999999996 0.5836666671875 0.42024999999999996 0.5843333328125 0.39249999999999996
6 0.5980000000000001 0.4205 0.6073333328125 0.42074999999999996 0.608 0.40175 0.6066666671875 0.3895 0.6033333328125 0.388 0.6 0.38875000000000004 0.5906666671874999 0.38775 0.5876666671875 0.38849999999999996 0.5866666671874999 0.391 0.5866666671874999 0.4095 0.588 0.42024999999999996 0.5916666671875 0.42300000000000004 0.5980000000000001 0.4205
6 0.3346666671875 0.54625 0.3376666671875 0.54875 0.348 0.54775 0.3533333328125 0.54925 0.3553333328125 0.54525 0.355 0.5291 0.358 0.5215 0.3573333328125 0.517 0.355 0.5135 0.3496666671875 0.51125 0.3346666671875 0.51225 0.32999999999999996 0.5135 0.3366666671875 0.5277499999999999 0.3346666671875 0.53275 0.3346666671875 0.54625
6 0.33199999999999996 0.54525 0.3326666671875 0.53525 0.3343333328125 0.53 0.3343333328125 0.525 0.33166666718750004 0.52125 0.3303333328125 0.516 0.3266666671875 0.514 0.314 0.51475 0.31033333281250003 0.518 0.31033333281250003 0.5469999999999999 0.3133333328125 0.54825 0.32999999999999996 0.5485 0.33199999999999996 0.54525
6 0.304 0.5475 0.3066666671875 0.545 0.306 0.5395 0.308 0.5247499999999999 0.307 0.5157499999999999 0.2906666671875 0.51475 0.2846666671875 0.51725 0.284 0.52025 0.2836666671875 0.54525 0.2846666671875 0.5467500000000001 0.28700000000000003 0.54825 0.304 0.5475
6 0.205 0.548 0.207 0.54525 0.207 0.53625 0.20833333281250002 0.53325 0.2073333328125 0.51625 0.2046666671875 0.51475 0.1873333328125 0.515 0.1836666671875 0.51675 0.183 0.52 0.1826666671875 0.5455 0.1836666671875 0.5469999999999999 0.185 0.54775 0.205 0.548
6 0.1706666671875 0.5485 0.174 0.54925 0.17633333281250002 0.5485 0.1783333328125 0.5455 0.1786666671875 0.5387500000000001 0.181 0.5335 0.1813333328125 0.517 0.1756666671875 0.51525 0.162 0.5155000000000001 0.1576666671875 0.5175 0.1563333328125 0.52125 0.155 0.544 0.1563333328125 0.5475 0.158 0.54875 0.1706666671875 0.5485
6 0.1426666671875 0.546 0.1443333328125 0.54475 0.14566666718750002 0.541 0.1463333328125 0.5247499999999999 0.14466666718750001 0.5135 0.1383333328125 0.51225 0.1206666671875 0.5117499999999999 0.11399999999999999 0.51275 0.11133333281249999 0.51625 0.11100000000000002 0.5455 0.1143333328125 0.5465 0.1346666671875 0.5475 0.1426666671875 0.546
6 0.10700000000000001 0.5465 0.10833333281249999 0.54475 0.1096666671875 0.53025 0.11000000000000001 0.5135 0.0876666671875 0.512 0.0836666671875 0.51375 0.08333333281250001 0.5155000000000001 0.0823333328125 0.54075 0.08333333281250001 0.546 0.0866666671875 0.5469999999999999 0.10700000000000001 0.5465
6 0.0773333328125 0.54525 0.0783333328125 0.54375 0.0796666671875 0.51375 0.060333332812499994 0.5135 0.0576666671875 0.516 0.056999999999999995 0.5207499999999999 0.0566666671875 0.545 0.060333332812499994 0.5469999999999999 0.0726666671875 0.5465 0.0773333328125 0.54525
6 0.05500000000000001 0.53325 0.0546666671875 0.5205 0.053000000000000005 0.51625 0.047333332812500004 0.51475 0.044666667187499995 0.513 0.031333332812499996 0.5135 0.029666667187500002 0.517 0.028999999999999998 0.52425 0.0293333328125 0.5469999999999999 0.041999999999999996 0.54725 0.0526666671875 0.54525 0.05500000000000001 0.53325
6 0.0156666671875 0.72375 0.025333332812499998 0.722 0.0293333328125 0.71825 0.030333332812500002 0.7152499999999999 0.031 0.68575 0.028999999999999998 0.68475 0.0243333328125 0.68475 0.0126666671875 0.6875 0.008 0.69075 0.0066666671875 0.696 0.0063333328125 0.717 0.008 0.722 0.0103333328125 0.72325 0.0156666671875 0.72375
6 0.0516666671875 0.69725 0.0503333328125 0.68675 0.043 0.686 0.0353333328125 0.68825 0.033 0.69025 0.031666667187500004 0.6965 0.0323333328125 0.7212500000000001 0.038666667187499996 0.7222500000000001 0.049 0.721 0.0516666671875 0.69725
6 0.076 0.7212500000000001 0.0783333328125 0.709 0.07766666718750001 0.68525 0.076 0.6845 0.06733333281250001 0.68475 0.058333332812500006 0.688 0.0566666671875 0.6925 0.055333332812500004 0.705 0.0546666671875 0.7175 0.056333332812500005 0.72175 0.0643333328125 0.72325 0.076 0.7212500000000001
6 0.0926666671875 0.7235 0.0956666671875 0.7245 0.10366666718749999 0.7205 0.10533333281249999 0.71375 0.10633333281249999 0.6940000000000001 0.1056666671875 0.6895 0.10300000000000001 0.68625 0.095 0.68525 0.08299999999999999 0.6885 0.0813333328125 0.69225 0.0803333328125 0.7075 0.08 0.72075 0.0823333328125 0.72275 0.087 0.724 0.0926666671875 0.7235
6 0.1193333328125 0.7245 0.1246666671875 0.721 0.1253333328125 0.7195 0.1246666671875 0.7122499999999999 0.1263333328125 0.70875 0.1276666671875 0.69325 0.1273333328125 0.689 0.1253333328125 0.6865 0.1226666671875 0.68575 0.11333333281249999 0.68625 0.10733333281249999 0.68925 0.10600000000000001 0.70475 0.1056666671875 0.71875 0.1066666671875 0.7215 0.11033333281249999 0.7245 0.1193333328125 0.7245
6 0.15 0.72025 0.151 0.71575 0.151 0.68825 0.1463333328125 0.6825 0.1366666671875 0.687 0.1306666671875 0.688 0.13 0.6915 0.13033333281249998 0.72075 0.13433333281249998 0.72275 0.148 0.72175 0.15 0.72025
6 0.1856666671875 0.7255 0.1876666671875 0.72425 0.194 0.7135 0.1956666671875 0.6935 0.1943333328125 0.6872499999999999 0.1856666671875 0.68575 0.17366666718749998 0.6865 0.16799999999999998 0.6900000000000001 0.1656666671875 0.69275 0.1646666671875 0.6965 0.16399999999999998 0.7245 0.1656666671875 0.72575 0.16899999999999998 0.726 0.1856666671875 0.7255
6 0.2833333328125 0.7264999999999999 0.2866666671875 0.7255 0.2886666671875 0.71675 0.2873333328125 0.6965 0.2896666671875 0.68975 0.28900000000000003 0.6872499999999999 0.28700000000000003 0.68575 0.2753333328125 0.68575 0.27 0.68925 0.2666666671875 0.6965 0.2663333328125 0.7152499999999999 0.2676666671875 0.72425 0.271 0.7262500000000001 0.2833333328125 0.7264999999999999
6 0.2943333328125 0.72675 0.31033333281250003 0.726 0.31233333281250003 0.7245 0.3153333328125 0.71675 0.3183333328125 0.68525 0.30533333281249997 0.6837500000000001 0.2986666671875 0.6809999999999999 0.2896666671875 0.6900000000000001 0.2873333328125 0.6952499999999999 0.28700000000000003 0.702 0.2893333328125 0.70875 0.2906666671875 0.72475 0.2943333328125 0.72675
6 0.5116666671875 0.7245 0.511 0.7162499999999999 0.5133333328125 0.7095 0.5136666671875 0.6875 0.502 0.68525 0.49733333281250003 0.68625 0.49366666718749996 0.6855 0.491 0.689 0.49000000000000005 0.7245 0.49400000000000005 0.7264999999999999 0.5096666671875 0.7262500000000001 0.5116666671875 0.7245
6 0.488 0.7135 0.4886666671875 0.68825 0.48600000000000004 0.686 0.477 0.6855 0.47000000000000003 0.686 0.46799999999999997 0.687 0.46699999999999997 0.68925 0.4653333328125 0.7245 0.4693333328125 0.7262500000000001 0.48566666718749996 0.72575 0.488 0.7135
6 0.446 0.7264999999999999 0.45899999999999996 0.726 0.462 0.7245 0.4623333328125 0.7230000000000001 0.46333333281250005 0.6885 0.461 0.6865 0.454 0.68575 0.4453333328125 0.6865 0.44266666718750003 0.68875 0.4403333328125 0.712 0.44066666718749997 0.7245 0.44299999999999995 0.7262500000000001 0.446 0.7264999999999999
6 0.4373333328125 0.7235 0.4403333328125 0.6900000000000001 0.43933333281250003 0.68675 0.4313333328125 0.68525 0.41966666718749995 0.687 0.4166666671875 0.697 0.4166666671875 0.7245 0.41966666718749995 0.72675 0.43499999999999994 0.7264999999999999 0.4373333328125 0.7235
6 0.41166666718749995 0.72425 0.4126666671875 0.7212500000000001 0.41600000000000004 0.69025 0.41500000000000004 0.68675 0.41 0.6855 0.396 0.6865 0.393 0.6900000000000001 0.3916666671875 0.701 0.3913333328125 0.7245 0.395 0.7264999999999999 0.40833333281249995 0.726 0.41166666718749995 0.72425
6 0.6106666671875 0.7252500000000001 0.6116666671875 0.7245 0.6126666671875001 0.71375 0.6126666671875001 0.69325 0.6106666671875 0.6885 0.6073333328125 0.686 0.5946666671874999 0.6855 0.589 0.6877500000000001 0.5866666671874999 0.69225 0.5873333328125 0.713 0.5916666671875 0.72475 0.595 0.726 0.6106666671875 0.7252500000000001
6 0.6363333328125 0.7245 0.6373333328124999 0.71275 0.6366666671875 0.69275 0.6353333328125 0.68925 0.631 0.68625 0.6183333328125 0.68675 0.6143333328125 0.68825 0.6143333328125 0.72475 0.619 0.7264999999999999 0.634 0.7262500000000001 0.6363333328125 0.7245
6 0.6573333328125 0.7264999999999999 0.6599999999999999 0.724 0.661 0.7135 0.6599999999999999 0.69325 0.6543333328125 0.68675 0.6423333328124999 0.6865 0.6383333328125 0.68875 0.64 0.70675 0.639 0.7245 0.6423333328124999 0.72725 0.6573333328125 0.7264999999999999
6 0.8539999999999999 0.72825 0.8573333328125001 0.726 0.8583333328125 0.71675 0.858 0.69975 0.8563333328124999 0.69325 0.8536666671875001 0.6917500000000001 0.8493333328125001 0.6917500000000001 0.844 0.69325 0.8406666671874999 0.69725 0.8396666671874999 0.70475 0.8386666671875 0.717 0.8400000000000001 0.72675 0.8436666671875 0.7285 0.8539999999999999 0.72825
6 0.8336666671874999 0.7275 0.8346666671875 0.72475 0.835 0.709 0.8346666671875 0.697 0.8323333328125001 0.6917500000000001 0.8303333328125 0.69025 0.8266666671875 0.69025 0.8226666671875 0.6917500000000001 0.8173333328125001 0.6950000000000001 0.8163333328125001 0.6995 0.8150000000000001 0.72575 0.8176666671874999 0.72825 0.8316666671874999 0.72825 0.8336666671874999 0.7275
6 0.8026666671875 0.7285 0.8099999999999999 0.72725 0.8116666671875 0.72475 0.8126666671875 0.7175 0.8130000000000001 0.70275 0.8126666671875 0.69675 0.8103333328125 0.69275 0.8043333328125 0.69025 0.79 0.689 0.787 0.6910000000000001 0.7826666671875 0.70125 0.7816666671875 0.708 0.7823333328125 0.7162499999999999 0.7903333328125 0.72775 0.8026666671875 0.7285
6 0.9066666671875 0.7252500000000001 0.9116666671875 0.73 0.9156666671875 0.72825 0.9256666671874999 0.7292500000000001 0.9316666671875 0.72825 0.9333333328125001 0.701 0.9326666671874999 0.696 0.9293333328125 0.692 0.9203333328125 0.6900000000000001 0.9086666671874999 0.689 0.9006666671874999 0.6905 0.8986666671875 0.69325 0.897 0.7045 0.8966666671875 0.71575 0.9003333328125 0.72475 0.9039999999999999 0.72575 0.9066666671875 0.7252500000000001
6 0.9436666671875 0.73225 0.9476666671875 0.73375 0.953 0.73475 0.9586666671874999 0.7344999999999999 0.9613333328125 0.7325 0.9616666671875 0.70225 0.9603333328125 0.69775 0.9533333328125 0.69325 0.951 0.68925 0.9476666671875 0.6915 0.9416666671874999 0.6935 0.9369999999999999 0.69825 0.9376666671875 0.710125 0.9366666671875 0.718 0.9403333328124999 0.72875 0.9436666671875 0.73225
6 0.0486666671875 0.9035 0.051000000000000004 0.9005000000000001 0.0516666671875 0.8925000000000001 0.0503333328125 0.869 0.0443333328125 0.8634999999999999 0.037 0.8615 0.031 0.87525 0.030666667187500003 0.89025 0.0323333328125 0.901 0.0366666671875 0.9037499999999999 0.0486666671875 0.9035
6 0.0743333328125 0.90025 0.07466666718750001 0.8859999999999999 0.0786666671875 0.873 0.07766666718750001 0.86875 0.072 0.86525 0.068 0.86525 0.0626666671875 0.86775 0.060333332812499994 0.8675 0.05500000000000001 0.87475 0.0546666671875 0.90075 0.0566666671875 0.9025000000000001 0.072 0.9022500000000001 0.0743333328125 0.90025
6 0.0836666671875 0.9027499999999999 0.0956666671875 0.9032500000000001 0.0996666671875 0.90025 0.099 0.8956250000000001 0.10066666718749999 0.8877499999999999 0.0993333328125 0.8765000000000001 0.10333333281249998 0.873 0.10366666718749999 0.86975 0.10833333281249999 0.86175 0.1076666671875 0.8585 0.099 0.85725 0.0916666671875 0.859 0.0856666671875 0.8632500000000001 0.0796666671875 0.8744999999999999 0.0786666671875 0.87675 0.0786666671875 0.8895 0.08 0.9005000000000001 0.0836666671875 0.9027499999999999
6 0.124 0.9005000000000001 0.124 0.88325 0.1306666671875 0.86 0.127 0.8574999999999999 0.123 0.85725 0.11499999999999999 0.85875 0.10900000000000001 0.8630000000000001 0.10333333281249998 0.8720000000000001 0.10400000000000001 0.9005000000000001 0.10733333281249999 0.9039999999999999 0.1193333328125 0.9035 0.124 0.9005000000000001
6 0.1463333328125 0.9029999999999999 0.149 0.899 0.1493333328125 0.8915 0.1506666671875 0.8885 0.1496666671875 0.87775 0.1523333328125 0.873 0.1526666671875 0.8692500000000001 0.1496666671875 0.8664999999999999 0.1476666671875 0.8612500000000001 0.1463333328125 0.8605 0.14466666718750001 0.8619999999999999 0.1383333328125 0.8612500000000001 0.13433333281249998 0.8632500000000001 0.13033333281249998 0.86775 0.129 0.8717499999999999 0.1286666671875 0.90025 0.1306666671875 0.9025000000000001 0.135 0.9035 0.1463333328125 0.9029999999999999
6 0.173 0.9 0.17366666718749998 0.8965 0.172 0.89275 0.17466666718749999 0.889 0.17366666718749998 0.8852499999999999 0.175 0.87625 0.1776666671875 0.8710000000000001 0.18 0.8615 0.178 0.85725 0.1613333328125 0.858 0.154 0.8685 0.1526666671875 0.88275 0.1523333328125 0.90075 0.1536666671875 0.9025000000000001 0.1706666671875 0.9025000000000001 0.173 0.9
6 0.1953333328125 0.9027499999999999 0.19766666718749998 0.9005000000000001 0.197 0.8925000000000001 0.199 0.8887499999999999 0.19866666718749998 0.877 0.2026666671875 0.8727499999999999 0.2046666671875 0.8619999999999999 0.20366666718749998 0.85925 0.199 0.8574999999999999 0.192 0.85775 0.1873333328125 0.85925 0.1813333328125 0.86575 0.178 0.8744999999999999 0.1776666671875 0.901 0.1796666671875 0.9029999999999999 0.1823333328125 0.9037499999999999 0.1953333328125 0.9027499999999999
6 0.2226666671875 0.90025 0.22433333281249998 0.875 0.22999999999999998 0.8615 0.229 0.858 0.2236666671875 0.857 0.2106666671875 0.85825 0.205 0.86625 0.20366666718749998 0.8702500000000001 0.20366666718749998 0.9005000000000001 0.20833333281250002 0.9027499999999999 0.22033333281249998 0.9029999999999999 0.2226666671875 0.90025
6 0.2483333328125 0.90075 0.24900000000000003 0.89925 0.2496666671875 0.87525 0.254 0.8615 0.2533333328125 0.8585 0.24900000000000003 0.857 0.23900000000000002 0.857 0.23566666718749998 0.858 0.23333333281250002 0.86 0.2296666671875 0.86675 0.2276666671875 0.87575 0.2276666671875 0.90025 0.2323333328125 0.9037499999999999 0.2443333328125 0.9029999999999999 0.2483333328125 0.90075
6 0.2723333328125 0.90025 0.2743333328125 0.8765000000000001 0.2803333328125 0.8574999999999999 0.27799999999999997 0.8564999999999999 0.271 0.85625 0.2613333328125 0.85875 0.256 0.8637499999999999 0.2526666671875 0.8724999999999999 0.2526666671875 0.90025 0.2556666671875 0.9027499999999999 0.2673333328125 0.9032500000000001 0.2723333328125 0.90025
6 0.29500000000000004 0.9022500000000001 0.2966666671875 0.90025 0.2963333328125 0.89225 0.2983333328125 0.8885 0.2976666671875 0.88185 0.3036666671875 0.8615 0.303 0.85725 0.2856666671875 0.8567500000000001 0.2816666671875 0.858 0.2773333328125 0.8717499999999999 0.2766666671875 0.885 0.2763333328125 0.90025 0.2773333328125 0.9019999999999999 0.279 0.9032500000000001 0.29500000000000004 0.9022500000000001
6 0.3213333328125 0.90025 0.3223333328125 0.8965 0.32599999999999996 0.8695 0.32566666718750004 0.85925 0.322 0.85775 0.3083333328125 0.85825 0.3043333328125 0.8634999999999999 0.3016666671875 0.8707499999999999 0.302 0.9012499999999999 0.3063333328125 0.9032500000000001 0.3183333328125 0.9027499999999999 0.3213333328125 0.90025
6 0.3723333328125 0.89875 0.37266666718749997 0.8765000000000001 0.37466666718749997 0.873 0.3756666671875 0.85725 0.37333333281250003 0.85625 0.36466666718749996 0.85625 0.3556666671875 0.8574999999999999 0.3523333328125 0.8644999999999999 0.3506666671875 0.876 0.351 0.9005000000000001 0.357 0.9027499999999999 0.369 0.9032500000000001 0.3723333328125 0.89875
6 0.3443333328125 0.9019999999999999 0.34700000000000003 0.89825 0.3506666671875 0.8574999999999999 0.3496666671875 0.8567500000000001 0.3416666671875 0.8567500000000001 0.33199999999999996 0.85775 0.3263333328125 0.8710000000000001 0.32599999999999996 0.90075 0.32766666718750004 0.9019999999999999 0.33199999999999996 0.9025000000000001 0.3443333328125 0.9019999999999999
6 0.5186666671875 0.90075 0.5196666671875 0.8975 0.5213333328124999 0.85975 0.519 0.85725 0.514 0.8557499999999999 0.5016666671875 0.8560000000000001 0.4993333328125 0.85725 0.49833333281250003 0.8595 0.5003333328124999 0.90025 0.505 0.9027499999999999 0.5163333328124999 0.9022500000000001 0.5186666671875 0.90075
6 0.47766666718749995 0.9025000000000001 0.49000000000000005 0.9027499999999999 0.4933333328125 0.90075 0.49533333281249997 0.89625 0.49733333281250003 0.85725 0.49133333281249997 0.8552500000000001 0.476 0.8560000000000001 0.4743333328125 0.85775 0.47400000000000003 0.867 0.4733333328125 0.8885 0.475 0.89175 0.4743333328125 0.9005000000000001 0.47766666718749995 0.9025000000000001
6 0.46900000000000003 0.90025 0.46900000000000003 0.89125 0.47066666718750005 0.8885 0.47000000000000003 0.87625 0.472 0.8654999999999999 0.472 0.86075 0.4703333328125 0.8574999999999999 0.471 0.8532500000000001 0.46666666718750005 0.85625 0.45366666718750004 0.85625 0.4503333328125 0.8595 0.44966666718750004 0.8627499999999999 0.44966666718750004 0.90025 0.4523333328125 0.9022500000000001 0.46666666718750005 0.9035 0.46900000000000003 0.90025
6 0.446 0.89825 0.44733333281250004 0.889 0.4476666671875 0.85725 0.42766666718749996 0.857 0.426 0.85875 0.425 0.8637499999999999 0.4256666671875 0.90025 0.43 0.9022500000000001 0.44333333281250004 0.90175 0.446 0.89825
6 0.5643333328125 0.9032500000000001 0.5676666671875 0.9005000000000001 0.5686666671875 0.8945000000000001 0.5693333328125 0.86525 0.568 0.8605 0.5646666671875 0.85775 0.5483333328125 0.85725 0.5456666671875 0.861 0.5443333328125 0.8695 0.549 0.9005000000000001 0.5519999999999999 0.9032500000000001 0.5643333328125 0.9032500000000001
6 0.5923333328125 0.9005000000000001 0.593 0.8644999999999999 0.5900000000000001 0.8595 0.584 0.85725 0.5746666671875 0.8585 0.5723333328125 0.8630000000000001 0.5733333328125 0.9005000000000001 0.576 0.9035 0.5883333328125 0.9027499999999999 0.5923333328125 0.9005000000000001
6 0.6176666671875 0.90025 0.6186666671875 0.87375 0.615 0.8585 0.6123333328125 0.85725 0.5986666671875 0.8574999999999999 0.597 0.8595 0.5963333328125 0.86525 0.596 0.90025 0.602 0.9027499999999999 0.615 0.9027499999999999 0.6176666671875 0.90025
6 0.6263333328125 0.9029999999999999 0.6386666671875 0.9029999999999999 0.6416666671875 0.90025 0.6423333328124999 0.8885 0.64 0.859 0.639 0.85725 0.6263333328125 0.857 0.6216666671875 0.8585 0.6203333328125 0.86075 0.62 0.8699999999999999 0.6226666671875 0.88255 0.6226666671875 0.90075 0.6263333328125 0.9029999999999999
6 0.6716666671875 0.8932499999999999 0.6713333328125 0.90025 0.674 0.9035 0.6893333328125 0.9037499999999999 0.6913333328125 0.9005000000000001 0.6916666671875 0.87675 0.688 0.8632500000000001 0.6833333328125 0.8595 0.6726666671875 0.85925 0.669 0.8612500000000001 0.667 0.86875 0.6663333328125 0.8734999999999999 0.6693333328125 0.8789999999999999 0.6686666671875 0.8865000000000001 0.6716666671875 0.8932499999999999
6 0.7706666671875 0.8805 0.7686666671875 0.9039999999999999 0.787 0.90525 0.7893333328125001 0.9029999999999999 0.7903333328125 0.893 0.7903333328125 0.87675 0.7876666671875 0.86825 0.7826666671875 0.8612500000000001 0.7713333328124999 0.85925 0.7656666671875 0.8605 0.7653333328125 0.8692500000000001 0.7663333328124999 0.8727499999999999 0.7703333328124999 0.87675 0.7706666671875 0.8805
6 0.7443333328125 0.8977499999999999 0.745 0.9025000000000001 0.748 0.9045 0.7626666671875 0.9037499999999999 0.7653333328125 0.89975 0.766 0.87675 0.762 0.8644999999999999 0.7576666671875001 0.8605 0.7543333328124999 0.8595 0.7436666671875 0.85975 0.7416666671875001 0.8612500000000001 0.7413333328125 0.86575 0.745 0.876 0.746 0.884 0.7443333328125 0.8977499999999999
6 0.7230000000000001 0.90425 0.7366666671875 0.905 0.7393333328125 0.9035 0.7406666671875 0.90075 0.7416666671875001 0.87675 0.74 0.869 0.7356666671875 0.861 0.7326666671875001 0.85925 0.7203333328125 0.859 0.7173333328125 0.861 0.717 0.86975 0.72 0.88025 0.7176666671875 0.8975 0.7230000000000001 0.90425
6 0.7003333328125 0.9045 0.7126666671875 0.9045 0.7153333328125 0.901 0.716 0.89075 0.7156666671874999 0.8724999999999999 0.713 0.8637499999999999 0.7093333328125 0.86 0.706 0.85925 0.6966666671875 0.86 0.6933333328125 0.8612500000000001 0.693 0.8692500000000001 0.6963333328125 0.8845000000000001 0.6956666671875 0.90075 0.7003333328125 0.9045
6 0.792 0.9039999999999999 0.8023333328125 0.905 0.8133333328125 0.9045 0.8150000000000001 0.901 0.8156666671874999 0.8797499999999999 0.8106666671875 0.86625 0.8083333328125001 0.8630000000000001 0.8016666671875001 0.86 0.792 0.86075 0.79 0.8630000000000001 0.79 0.8675 0.7933333328125001 0.877 0.7933333328125001 0.9005000000000001 0.792 0.9039999999999999
6 0.8193333328125 0.889 0.8173333328125001 0.89625 0.818 0.9027499999999999 0.82 0.90425 0.8256666671874999 0.905 0.8376666671875 0.9045 0.8393333328124999 0.9012499999999999 0.8393333328124999 0.8792500000000001 0.834 0.8637499999999999 0.8300000000000001 0.861 0.818 0.8595 0.8143333328125 0.8615 0.8133333328125 0.8647500000000001 0.8126666671875 0.8692500000000001 0.8136666671875 0.873 0.8193333328125 0.8792500000000001 0.8193333328125 0.889
6 0.861 0.9045 0.8626666671875001 0.90075 0.8646666671875 0.877 0.8630000000000001 0.8717499999999999 0.8613333328125 0.8695 0.8566666671875 0.867 0.852 0.8695 0.8493333328125001 0.8685 0.8446666671875 0.8744999999999999 0.8436666671875 0.9005000000000001 0.845 0.9037499999999999 0.8480000000000001 0.9047499999999999 0.861 0.9045
6 0.8846666671875001 0.9055 0.8873333328124999 0.9025000000000001 0.8883333328124999 0.87675 0.8816666671875 0.8612500000000001 0.8789999999999999 0.8612500000000001 0.875 0.8632500000000001 0.8713333328124999 0.867 0.8686666671875001 0.8724999999999999 0.8696666671875001 0.897 0.8683333328125 0.9039999999999999 0.8720000000000001 0.9055 0.8846666671875001 0.9055
6 0.908 0.9055 0.9113333328125 0.901 0.9106666671875001 0.8957499999999999 0.9123333328125 0.87675 0.9036666671875 0.8634999999999999 0.8966666671875 0.8632500000000001 0.893 0.8664999999999999 0.892 0.876 0.8926666671874999 0.9035 0.8956666671875 0.9055 0.908 0.9055
6 0.9316666671875 0.90525 0.9349999999999999 0.90425 0.9369999999999999 0.9005000000000001 0.9383333328125 0.88025 0.9383333328125 0.87675 0.9353333328125 0.8712500000000001 0.9303333328125 0.8699999999999999 0.9276666671875 0.86825 0.9269999999999999 0.86875 0.9256666671874999 0.8717499999999999 0.9216666671875 0.8744999999999999 0.9206666671875 0.8765000000000001 0.9186666671875001 0.8877499999999999 0.9176666671874999 0.89725 0.9193333328125 0.9039999999999999 0.923 0.90525 0.9316666671875 0.90525
10 0.7659233328124999 0.42914050000000004 0.7669776671874999 0.39433025 0.7635503328125 0.38602349999999996 0.7448323328125 0.38582575 0.7411416671875 0.43349175000000006 0.7635503328125 0.4336895 0.7659233328124999 0.42914050000000004
10 0.3847753328125 0.5572935 0.41237133281249994 0.55710525 0.412873 0.512311 0.3860296671875 0.512297 0.3845246671875 0.5219097500000001 0.3840226671875 0.54374225 0.3847753328125 0.5572935
10 0.7306656671875 0.56034925 0.7610210000000001 0.561102 0.76353 0.55583225 0.7645333328125 0.5238365 0.7602686671875001 0.5138612499999999 0.7331743328125 0.513708 0.7369373328125 0.5202605 0.7356830000000001 0.5526325 0.7306656671875 0.56034925