10 0.4928743328125 0.23683325000000002 0.4932586671875 0.21577449999999998 0.4897986671875 0.21077425 0.47860133281249995 0.209949 0.47698333281250005 0.24116050000000003 0.48967033281249994 0.24221825 0.4928743328125 0.23683325000000002
10 0.47579399999999994 0.32423275 0.4928286671875 0.32423275 0.49480966718749997 0.3211115 0.49381899999999995 0.297777 0.49223466718750003 0.29450725 0.4765076671875 0.29423275000000004 0.47737866718750005 0.298223 0.4775766671875 0.319328 0.47579399999999994 0.32423275
0 0.2708113328125 0.2814525 0.2729046671875 0.27878225 0.2752073328125 0.31318225 0.2726953328125 0.31600975 0.2729046671875 0.32417775 0.2708113328125 0.3255915 0.27122999999999997 0.334702 0.3072366671875 0.33721524999999997 0.3049336671875 0.32700524999999997 0.3078646671875 0.32496325000000004 0.306818 0.31915125 0.3089113328125 0.31742349999999997 0.30912066718750003 0.28365175 0.3061896671875 0.282238 0.3049336671875 0.268258 0.2680523328125 0.2656185 0.2691366671875 0.276426 0.270602 0.27579775 0.2708113328125 0.2814525
0 0.310586 0.31600975 0.3084926671875 0.31820875000000004 0.307446 0.33611575 0.343871 0.338472 0.342615 0.3215075 0.3455456671875 0.3193085 0.3430336671875 0.2852225 0.341359 0.28270925 0.3411496671875 0.26857224999999996 0.3060016671875 0.2669925 0.3061896671875 0.27972475 0.3095393328125 0.28192375 0.310586 0.31600975
0 0.4953986671875 0.2932365 0.502918 0.29068174999999996 0.5026343328125 0.32368325 0.4959663328125 0.32581224999999997 0.497527 0.33081575 0.491568 0.3330515 0.491426 0.34391 0.5209363328125 0.34380350000000004 0.5206526671875 0.33432875 0.5267533328125 0.3326255 0.5266116671875001 0.326451 0.5324283328125 0.32528 0.532854 0.2936625 0.5274626671875 0.2920655 0.5257603328125 0.287488 0.5216459999999999 0.2871685 0.5223553328125 0.2801425 0.49029100000000003 0.2785455 0.4910006671875 0.28780725 0.495115 0.28663625000000004 0.4953986671875 0.2932365
0 0.5268953328125 0.29163975 0.5337053328125 0.29344950000000003 0.5332796671875 0.321767 0.5268953328125 0.32613175 0.5266116671875001 0.33230624999999997 0.521504 0.33454174999999997 0.5217876671874999 0.34369700000000003 0.5515816671875 0.34422925000000004 0.5510143328125 0.3349675 0.5566893328125 0.33358374999999996 0.5569729999999999 0.32708974999999996 0.5643506671875 0.325706 0.563925 0.29408825 0.5582499999999999 0.2932365 0.55598 0.2885525 0.551156 0.2887655 0.55144 0.28163275 0.5227596671875 0.28005749999999996 0.5226390000000001 0.28663625000000004 0.5256183328125 0.287488 0.5268953328125 0.29163975
0 0.5573986671875 0.29302375 0.56506 0.293769 0.564067 0.325493 0.5576823328125 0.326664 0.557257 0.332945 0.5515816671875 0.3353935 0.5521493328125 0.3440165 0.5795313328125 0.34476175 0.5792476671875 0.3349675 0.5861996671874999 0.33400949999999996 0.5861996671874999 0.32762199999999997 0.593861 0.32602525 0.593861 0.2946205 0.581234 0.290043 0.5808083328125 0.28301675 0.5525586671875 0.28152075 0.551156 0.2885525 0.5566893328125 0.28823325 0.5573986671875 0.29302375
0 0.40333566718749997 0.24802624999999998 0.42046900000000004 0.24802624999999998 0.42600433281249994 0.23655474999999998 0.42495000000000005 0.201349 0.42046900000000004 0.19323975 0.40013066718749996 0.19159625 0.40728966718750004 0.20194225000000002 0.40728966718750004 0.23556575 0.40333566718749997 0.24802624999999998
0 0.4215233328125 0.249015 0.437866 0.250004 0.4439286671875 0.23774125000000002 0.4426106671875 0.20372249999999997 0.4394476671875 0.19521775 0.421551 0.193079 0.4265316671875 0.2009535 0.42600433281249994 0.23734575000000002 0.4215233328125 0.249015
0 0.4618526671875 0.20471124999999998 0.4568446671875 0.19699775 0.43973376875000003 0.1958669078125 0.4426106671875 0.20293125 0.4439286671875 0.238137 0.439184 0.250004 0.45552666718749996 0.25020175 0.4602713328125 0.23734575000000002 0.4618526671875 0.20471124999999998
0 0.47793166718749996 0.2064915 0.4729236671875 0.19858 0.45881111875 0.1968300796875 0.46290699999999996 0.20451350000000001 0.4602713328125 0.23833475 0.4563173328125 0.24960849999999998 0.46923333281249996 0.25158625 0.4763503328125 0.239917 0.47793166718749996 0.2064915
0 0.49322 0.2486195 0.508772 0.250004 0.513253 0.240906 0.512462 0.2092605 0.5085083328125 0.20075574999999998 0.49242933281249995 0.19937125 0.49638299999999996 0.206887 0.4953286671875 0.2403125 0.49322 0.2486195
0 0.5303863328125 0.21064500000000003 0.5269596671875 0.20253575000000001 0.509066659375 0.20097913437499998 0.5143073328125001 0.20846925 0.5143073328125001 0.24051024999999998 0.5100896671874999 0.24960849999999998 0.525378 0.252773 0.529859 0.24288375 0.5303863328125 0.21064500000000003
0 0.5274866671875 0.25119075 0.5430386671874999 0.25119075 0.5477833328124999 0.24505925 0.5496283328125 0.21262275000000003 0.5456746671875 0.20490925 0.5282776671875 0.20273349999999998 0.5319676671875 0.21024925 0.5309133328125 0.2430815 0.5274866671875 0.25119075
6 0.0353333328125 0.1975 0.034 0.17675000000000002 0.032 0.175 0.022 0.17325 0.0193333328125 0.17575000000000002 0.0203333328125 0.197 0.0226666671875 0.19824999999999998 0.0333333328125 0.19924999999999998 0.0353333328125 0.1975
6 0.0526666671875 0.20024999999999998 0.0543333328125 0.199 0.055333332812500004 0.19424999999999998 0.054000000000000006 0.17625 0.0526666671875 0.17450000000000002 0.0486666671875 0.17350000000000002 0.0406666671875 0.17350000000000002 0.038666667187499996 0.17525 0.038 0.182 0.039333332812499996 0.19724999999999998 0.040999999999999995 0.19924999999999998 0.0526666671875 0.20024999999999998
6 0.072 0.20074999999999998 0.072 0.1795 0.06833333281250001 0.17675000000000002 0.060333332812499994 0.1755 0.0576666671875 0.17775000000000002 0.0576666671875 0.19175 0.059 0.1985 0.060333332812499994 0.2 0.072 0.20074999999999998
6 0.089 0.20350000000000001 0.0916666671875 0.2045 0.0936666671875 0.20175 0.094 0.19475 0.0923333328125 0.17775000000000002 0.0913333328125 0.1765 0.0836666671875 0.1755 0.0793333328125 0.1765 0.077 0.17975000000000002 0.0773333328125 0.197 0.0786666671875 0.202 0.0816666671875 0.20375000000000001 0.089 0.20350000000000001
6 0.11133333281249999 0.20525000000000002 0.1126666671875 0.20249999999999999 0.1126666671875 0.18525 0.11100000000000002 0.17975000000000002 0.10833333281249999 0.17825 0.1056666671875 0.17825 0.099 0.1795 0.09733333281249999 0.18075000000000002 0.097 0.18975 0.099 0.20299999999999999 0.10333333281249998 0.205 0.11133333281249999 0.20525000000000002
6 0.13233333281249998 0.20575000000000002 0.13333333281249998 0.205 0.1326666671875 0.184 0.1306666671875 0.1825 0.123 0.18125 0.119 0.18125 0.11699999999999999 0.1835 0.1166666671875 0.19325 0.1186666671875 0.205 0.1263333328125 0.20625 0.13233333281249998 0.20575000000000002
6 0.152 0.205 0.151 0.185 0.15 0.18375 0.1393333328125 0.183 0.13633333281249999 0.18475 0.1376666671875 0.20525000000000002 0.1406666671875 0.20725 0.1503333328125 0.20800000000000002 0.152 0.205
6 0.1696666671875 0.20950000000000002 0.1716666671875 0.20525000000000002 0.17033333281250002 0.18725 0.16833333281250001 0.18575 0.1603333328125 0.18475 0.1573333328125 0.185 0.1556666671875 0.18675 0.1553333328125 0.19875 0.1573333328125 0.2085 0.16 0.20975000000000002 0.1696666671875 0.20950000000000002
6 0.2616666671875 0.2165 0.26233333281250004 0.21325 0.262 0.20074999999999998 0.26 0.19475 0.25633333281250004 0.193 0.248 0.19375 0.24866666718750002 0.21425 0.25 0.21575000000000003 0.2596666671875 0.2185 0.2616666671875 0.2165
6 0.2436666671875 0.193 0.24066666718750002 0.191 0.2336666671875 0.19 0.23133333281250001 0.19025 0.22999999999999998 0.19175 0.23199999999999998 0.21425 0.244 0.21575000000000003 0.24533333281249997 0.21225 0.2436666671875 0.193
6 0.22599999999999998 0.21400000000000002 0.2276666671875 0.21275 0.22633333281249998 0.1925 0.22433333281249998 0.1905 0.217 0.18875 0.213 0.189 0.21200000000000002 0.19025 0.2113333328125 0.19424999999999998 0.213 0.21225 0.21633333281249997 0.21400000000000002 0.22599999999999998 0.21400000000000002
6 0.2046666671875 0.21400000000000002 0.20833333281250002 0.21375000000000002 0.2096666671875 0.21275 0.21033333281250002 0.20800000000000002 0.2076666671875 0.1905 0.2046666671875 0.18825 0.198 0.187 0.194 0.18825 0.1943333328125 0.21000000000000002 0.197 0.21325 0.20099999999999998 0.2125 0.2046666671875 0.21400000000000002
6 0.1806666671875 0.21175000000000002 0.1893333328125 0.21200000000000002 0.1906666671875 0.20925 0.1893333328125 0.18775 0.186 0.18625 0.1776666671875 0.18525 0.17466666718749999 0.187 0.17466666718749999 0.20024999999999998 0.1766666671875 0.21150000000000002 0.1776666671875 0.21275 0.1806666671875 0.21175000000000002
6 0.2696666671875 0.2205 0.2743333328125 0.22075 0.2786666671875 0.219 0.281 0.2165 0.2813333328125 0.20299999999999999 0.27999999999999997 0.1975 0.2766666671875 0.195 0.2673333328125 0.19325 0.2656666671875 0.197 0.2663333328125 0.20024999999999998 0.265 0.20525000000000002 0.2666666671875 0.21625 0.2696666671875 0.2205
6 0.2963333328125 0.21800000000000003 0.298 0.2165 0.2976666671875 0.205 0.29500000000000004 0.19924999999999998 0.2906666671875 0.19824999999999998 0.2873333328125 0.1995 0.2843333328125 0.20350000000000001 0.2853333328125 0.217 0.28700000000000003 0.2185 0.2896666671875 0.21875 0.2963333328125 0.21800000000000003
6 0.314 0.21925 0.315 0.217 0.314 0.20074999999999998 0.31 0.19924999999999998 0.305 0.20074999999999998 0.3026666671875 0.20299999999999999 0.3023333328125 0.21349999999999997 0.3036666671875 0.2185 0.3063333328125 0.22000000000000003 0.314 0.21925
6 0.32999999999999996 0.22174999999999997 0.331 0.2205 0.32999999999999996 0.20074999999999998 0.3263333328125 0.19824999999999998 0.3183333328125 0.19875 0.317 0.20224999999999999 0.3186666671875 0.22000000000000003 0.3213333328125 0.22174999999999997 0.32999999999999996 0.22174999999999997
6 0.3473333328125 0.22075 0.3476666671875 0.21475 0.3466666671875 0.20350000000000001 0.3436666671875 0.20049999999999998 0.3413333328125 0.19975 0.3343333328125 0.20049999999999998 0.3353333328125 0.22075 0.3376666671875 0.22174999999999997 0.3456666671875 0.22225 0.3473333328125 0.22075
6 0.3923333328125 0.227 0.3956666671875 0.22425 0.394 0.20525000000000002 0.392 0.20249999999999999 0.3886666671875 0.2015 0.38366666718750003 0.20175 0.382 0.20325000000000001 0.3823333328125 0.2225 0.385 0.22599999999999998 0.3886666671875 0.22725 0.3923333328125 0.227
6 0.38 0.22200000000000003 0.37933333281250003 0.20475 0.37666666718749997 0.20175 0.3696666671875 0.20049999999999998 0.36633333281249997 0.20299999999999999 0.3676666671875 0.221 0.369 0.22400000000000003 0.37733333281250003 0.22425 0.38 0.22200000000000003
6 0 0.2875 0.0035000000000000005 0.288625 0.0056666671875 0.29075 0.014333332812499999 0.29075 0.016 0.2875 0.016 0.28325 0.014000000000000002 0.2665 0.011 0.263 0.0053333328125 0.2605 0 0.26175000000000004 0 0.2875
6 0.0376666671875 0.29125 0.037 0.26725 0.033 0.26475 0.022333332812500002 0.264 0.0203333328125 0.26425 0.0186666671875 0.266 0.019 0.27625 0.0216666671875 0.29025 0.0243333328125 0.2915 0.0376666671875 0.29125
6 0.056333332812500005 0.2925 0.0576666671875 0.29125 0.057999999999999996 0.288 0.0566666671875 0.26675 0.049333332812500005 0.26425 0.040999999999999995 0.26425 0.04 0.26525 0.039333332812499996 0.27175 0.0413333328125 0.29025 0.045 0.2925 0.056333332812500005 0.2925
6 0.078 0.2895 0.0786666671875 0.27949999999999997 0.078 0.271 0.076 0.26725 0.0723333328125 0.26549999999999996 0.064 0.265 0.0606666671875 0.26749999999999996 0.0616666671875 0.29100000000000004 0.064 0.29300000000000004 0.076 0.2925 0.078 0.2895
6 0.10133333281250001 0.298 0.10200000000000001 0.29474999999999996 0.10133333281250001 0.27775 0.0993333328125 0.27599999999999997 0.0916666671875 0.27575 0.0876666671875 0.27575 0.0866666671875 0.27775 0.088 0.29674999999999996 0.091 0.29874999999999996 0.0996666671875 0.29925 0.10133333281250001 0.298
6 0.1223333328125 0.29874999999999996 0.1213333328125 0.279 0.1193333328125 0.277 0.11333333281249999 0.2765 0.10833333281249999 0.27675 0.1066666671875 0.27825 0.10800000000000001 0.2985 0.1106666671875 0.30025 0.119 0.301 0.1223333328125 0.29874999999999996
6 0.196 0.2995 0.1946666671875 0.28175 0.1933333328125 0.28025 0.1856666671875 0.27949999999999997 0.182 0.27999999999999997 0.181 0.2815 0.1823333328125 0.301 0.1853333328125 0.30274999999999996 0.1933333328125 0.30274999999999996 0.196 0.2995
6 0.2126666671875 0.30375 0.2136666671875 0.2975 0.21200000000000002 0.28225 0.209 0.27949999999999997 0.2 0.281 0.199 0.28650000000000003 0.2006666671875 0.30325 0.2046666671875 0.30425 0.2126666671875 0.30375
6 0.2286666671875 0.30474999999999997 0.231 0.3025 0.2306666671875 0.29308325 0.233 0.28525 0.2323333328125 0.2815 0.2286666671875 0.27775 0.22433333281249998 0.27625 0.2166666671875 0.2765 0.2113333328125 0.27875 0.2153333328125 0.28700000000000003 0.2166666671875 0.30274999999999996 0.22000000000000003 0.3045 0.2286666671875 0.30474999999999997
6 0.5993333328125 0.4185 0.602 0.41600000000000004 0.603 0.4125 0.6016666671875 0.40025000000000005 0.5993333328125 0.39825 0.5963333328125 0.39775 0.5923333328125 0.39825 0.5896666671874999 0.40025000000000005 0.589 0.40449999999999997 0.5913333328125 0.4175 0.5953333328125 0.41925 0.5993333328125 0.4185
6 0.575 0.417 0.5766666671875 0.41875 0.5856666671874999 0.41974999999999996 0.5873333328125 0.41875 0.5883333328125 0.41600000000000004 0.5866666671874999 0.40075000000000005 0.581 0.39825 0.5746666671875 0.40025000000000005 0.5723333328125 0.40425000000000005 0.5753333328125 0.40800000000000003 0.5743333328125 0.41200000000000003 0.575 0.417
6 0.548 0.417 0.5473333328125001 0.4 0.5446666671875 0.397 0.541 0.39725 0.5363333328125 0.39975 0.537 0.4175 0.5396666671875 0.41925 0.5466666671875 0.41875 0.548 0.417
6 0.5356666671875 0.41925 0.537 0.41624999999999995 0.537 0.40750000000000003 0.5356666671875 0.4 0.5333333328125 0.39725 0.5283333328125 0.397 0.5246666671875 0.399 0.523 0.40549999999999997 0.5226666671875 0.41675000000000006 0.524 0.41974999999999996 0.5336666671875 0.4205 0.5356666671875 0.41925
6 0.5223333328125 0.41974999999999996 0.5226666671875 0.40700000000000003 0.52 0.40025000000000005 0.5136666671875 0.39825 0.512 0.399 0.507 0.40275 0.5046666671875 0.40800000000000003 0.5046666671875 0.41574999999999995 0.5073333328125 0.41974999999999996 0.517 0.421 0.5223333328125 0.41974999999999996
6 0.4273333328125 0.4205 0.43533333281250003 0.4205 0.4373333328125 0.41725 0.4363333328125 0.40199999999999997 0.43533333281250003 0.40049999999999997 0.4303333328125 0.39925 0.4273333328125 0.399 0.42433333281249996 0.40025000000000005 0.425 0.40916674999999997 0.42400000000000004 0.4165 0.425 0.41950000000000004 0.4273333328125 0.4205
6 0.4206666671875 0.42024999999999996 0.422 0.41950000000000004 0.4226666671875 0.41600000000000004 0.42133333281249996 0.40099999999999997 0.41633333281249996 0.39849999999999997 0.41166666718749995 0.39849999999999997 0.40933333281250006 0.40025000000000005 0.409 0.41600000000000004 0.41 0.41925 0.41200000000000003 0.42024999999999996 0.4206666671875 0.42024999999999996
6 0.4063333328125 0.41974999999999996 0.40766666718750005 0.41200000000000003 0.4056666671875 0.40025000000000005 0.399 0.3975 0.394 0.399 0.3916666671875 0.4025 0.3916666671875 0.41600000000000004 0.393 0.41825 0.3953333328125 0.42000000000000004 0.4063333328125 0.41974999999999996
6 0.3453333328125 0.41974999999999996 0.346 0.417 0.3446666671875 0.39975 0.3416666671875 0.39649999999999996 0.3396666671875 0.39625 0.3353333328125 0.397 0.33199999999999996 0.39925 0.333 0.41950000000000004 0.3376666671875 0.421 0.343 0.42074999999999996 0.3453333328125 0.41974999999999996
6 0.1966666671875 0.42000000000000004 0.1966666671875 0.41125 0.1933333328125 0.397 0.1893333328125 0.396 0.182 0.39825 0.1816666671875 0.41525 0.1826666671875 0.41974999999999996 0.185 0.4205 0.1966666671875 0.42000000000000004
6 0.2153333328125 0.41974999999999996 0.215 0.39975 0.2126666671875 0.39425 0.20099999999999998 0.39325 0.197 0.39525 0.1966666671875 0.40175 0.1993333328125 0.40725 0.20099999999999998 0.42000000000000004 0.2153333328125 0.41974999999999996
6 0.3283333328125 0.42000000000000004 0.3293333328125 0.41950000000000004 0.32999999999999996 0.41375 0.3283333328125 0.4 0.32599999999999996 0.398 0.3223333328125 0.39725 0.3166666671875 0.39925 0.316 0.40475000000000005 0.31766666718750003 0.41974999999999996 0.322 0.4205 0.3283333328125 0.42000000000000004
6 0.312 0.4205 0.3136666671875 0.41974999999999996 0.314 0.41475 0.313 0.40025000000000005 0.31033333281250003 0.39875 0.3023333328125 0.39849999999999997 0.3 0.3995 0.29933333281249996 0.40475000000000005 0.30133333281249997 0.41974999999999996 0.3063333328125 0.42074999999999996 0.312 0.4205
6 0.29733333281249996 0.41974999999999996 0.298 0.41275000000000006 0.29700000000000004 0.40025000000000005 0.29500000000000004 0.39825 0.2873333328125 0.39725 0.28300000000000003 0.39925 0.2836666671875 0.418 0.28700000000000003 0.4205 0.296 0.42024999999999996 0.29733333281249996 0.41974999999999996
6 0.281 0.41675000000000006 0.2793333328125 0.39875 0.2756666671875 0.39725 0.2713333328125 0.397 0.2683333328125 0.39775 0.267 0.39925 0.268 0.41775 0.271 0.42000000000000004 0.279 0.41950000000000004 0.281 0.41675000000000006
6 0.1243333328125 0.4205 0.126 0.41974999999999996 0.125 0.39075000000000004 0.1226666671875 0.38875000000000004 0.11133333281249999 0.38825 0.10900000000000001 0.391 0.10800000000000001 0.40325 0.10933333281249999 0.41974999999999996 0.11200000000000002 0.42125 0.1243333328125 0.4205
6 0.1086666671875 0.41974999999999996 0.10733333281249999 0.40225 0.0963333328125 0.40049999999999997 0.0943333328125 0.40225 0.0956666671875 0.42024999999999996 0.099 0.422 0.10733333281249999 0.42125 0.1086666671875 0.41974999999999996
6 0.0876666671875 0.42125 0.08966666718750001 0.41974999999999996 0.0903333328125 0.41725 0.089 0.40025000000000005 0.0876666671875 0.39875 0.08333333281250001 0.39875 0.0773333328125 0.40125 0.076 0.403 0.0773333328125 0.41925 0.0796666671875 0.421 0.0846666671875 0.4205 0.0876666671875 0.42125
6 0.0723333328125 0.42000000000000004 0.0716666671875 0.40049999999999997 0.06899999999999999 0.39875 0.057333332812500006 0.4 0.0576666671875 0.42000000000000004 0.06 0.42175 0.07033333281250001 0.42125 0.0723333328125 0.42000000000000004
6 0.0546666671875 0.42000000000000004 0.0546666671875 0.40275 0.053666667187499996 0.39975 0.048333332812500004 0.39775 0.0403333328125 0.39825 0.037 0.4 0.038 0.42024999999999996 0.040999999999999995 0.422 0.0533333328125 0.42125 0.0546666671875 0.42000000000000004
6 0 0.422 0.0136666671875 0.4215 0.0156666671875 0.41974999999999996 0.0153333328125 0.4035 0.014000000000000002 0.40049999999999997 0.0016666671875 0.39825 0 0.39825 0 0.422
6 0.031666667187500004 0.42125 0.0336666671875 0.41974999999999996 0.033 0.40125 0.0293333328125 0.39975 0.0213333328125 0.399 0.019 0.39975 0.018 0.40025000000000005 0.019 0.41974999999999996 0.020999999999999998 0.42175 0.031666667187500004 0.42125
6 0.031666667187500004 0.541 0.0323333328125 0.538 0.030666667187500003 0.521 0.0293333328125 0.5195000000000001 0.020999999999999998 0.51925 0.017 0.52025 0.017333332812499998 0.54225 0.019 0.5429999999999999 0.0293333328125 0.5425 0.031666667187500004 0.541
6 0.048333332812500004 0.5417500000000001 0.0503333328125 0.54075 0.0513333328125 0.537 0.051000000000000004 0.518 0.0486666671875 0.516 0.0433333328125 0.51525 0.0363333328125 0.5165 0.0336666671875 0.5197499999999999 0.0333333328125 0.533 0.0346666671875 0.54025 0.037 0.5425 0.048333332812500004 0.5417500000000001
6 0.068 0.541 0.0696666671875 0.537 0.0686666671875 0.5175 0.064 0.51475 0.061 0.516 0.05600000000000001 0.5155000000000001 0.0526666671875 0.51825 0.0533333328125 0.5375 0.055333332812500004 0.541 0.0566666671875 0.5417500000000001 0.068 0.541
6 0.088 0.53725 0.0866666671875 0.51775 0.0796666671875 0.51425 0.0743333328125 0.51475 0.0716666671875 0.517 0.0723333328125 0.5387500000000001 0.0753333328125 0.541 0.08499999999999999 0.54 0.088 0.53725
6 0.10633333281249999 0.537 0.10400000000000001 0.51725 0.1 0.51525 0.0953333328125 0.51525 0.0916666671875 0.516 0.09 0.5175 0.091 0.538 0.0943333328125 0.53975 0.10366666718749999 0.5389999999999999 0.10633333281249999 0.537
6 0.124 0.533 0.1226666671875 0.51625 0.1193333328125 0.514 0.11499999999999999 0.513 0.11033333281249999 0.51425 0.10700000000000001 0.51675 0.10833333281249999 0.5375 0.11100000000000002 0.5395 0.123 0.53825 0.124 0.533
6 0.1416666671875 0.537 0.1406666671875 0.51675 0.1386666671875 0.515 0.1306666671875 0.5145 0.1263333328125 0.51625 0.127 0.537 0.1306666671875 0.53925 0.1396666671875 0.538 0.1416666671875 0.537
6 0.1596666671875 0.51725 0.1586666671875 0.51475 0.1546666671875 0.51325 0.148 0.5135 0.14566666718750002 0.514 0.144 0.516 0.146 0.5377500000000001 0.1583333328125 0.537 0.1596666671875 0.534 0.1596666671875 0.51725
6 0.17733333281250002 0.514 0.1696666671875 0.512 0.162 0.51325 0.1623333328125 0.53625 0.16499999999999998 0.53725 0.177 0.537 0.17733333281250002 0.514
6 0.1916666671875 0.5355000000000001 0.194 0.53325 0.1943333328125 0.5135 0.187 0.51225 0.18 0.513 0.179 0.5135 0.179 0.52025 0.181 0.53675 0.1916666671875 0.5355000000000001
6 0.2113333328125 0.533 0.2106666671875 0.51325 0.20866666718750002 0.512 0.199 0.51225 0.1956666671875 0.51325 0.1973333328125 0.53425 0.2006666671875 0.5355000000000001 0.20866666718750002 0.5349999999999999 0.2113333328125 0.533
6 0.2286666671875 0.53325 0.22799999999999998 0.5135 0.2246666671875 0.5117499999999999 0.217 0.51125 0.2133333328125 0.5117499999999999 0.2116666671875 0.513 0.2136666671875 0.53325 0.21633333281249997 0.5349999999999999 0.2276666671875 0.534 0.2286666671875 0.53325
6 0.24333333281249997 0.5337500000000001 0.24466666718750002 0.533 0.24500000000000002 0.51325 0.2436666671875 0.5115000000000001 0.2403333328125 0.51025 0.2323333328125 0.51125 0.2293333328125 0.5135 0.2306666671875 0.53275 0.23199999999999998 0.53425 0.24333333281249997 0.5337500000000001
6 0.261 0.5315000000000001 0.26 0.51125 0.2553333328125 0.50975 0.248 0.51125 0.24666666718750002 0.51275 0.24700000000000003 0.53275 0.25166666718749997 0.53425 0.2596666671875 0.5337500000000001 0.261 0.5315000000000001
6 0.307 0.532 0.3096666671875 0.5295 0.3096666671875 0.5135 0.3063333328125 0.51025 0.3026666671875 0.50925 0.296 0.50975 0.2943333328125 0.51075 0.29333333281249996 0.51375 0.296 0.53025 0.2986666671875 0.53225 0.307 0.532
6 0.32566666718750004 0.52925 0.3243333328125 0.52125 0.325 0.512 0.322 0.50925 0.314 0.5095 0.31233333281250003 0.51125 0.3116666671875 0.5295 0.31433333281250003 0.53175 0.3226666671875 0.53125 0.32566666718750004 0.52925
6 0.3413333328125 0.529 0.3403333328125 0.51025 0.3376666671875 0.50825 0.32999999999999996 0.5085 0.3266666671875 0.50975 0.3266666671875 0.52925 0.32966666718750004 0.53075 0.3383333328125 0.53075 0.3413333328125 0.529
6 0.354 0.53025 0.3566666671875 0.529 0.356 0.51625 0.3573333328125 0.50925 0.3533333328125 0.50625 0.3453333328125 0.50675 0.34199999999999997 0.5095 0.3423333328125 0.529 0.34500000000000003 0.53025 0.354 0.53025
6 0.386 0.528 0.387 0.52575 0.3866666671875 0.50975 0.3846666671875 0.5077499999999999 0.3756666671875 0.50725 0.37266666718749997 0.508 0.3713333328125 0.5095 0.3696666671875 0.518 0.3693333328125 0.52125 0.37266666718749997 0.5285 0.3846666671875 0.529 0.386 0.528
6 0.40199999999999997 0.50975 0.4 0.5075000000000001 0.3966666671875 0.507 0.39 0.5075000000000001 0.388 0.50925 0.3883333328125 0.5277499999999999 0.40033333281249994 0.528 0.40199999999999997 0.52525 0.40199999999999997 0.50975
6 0.4166666671875 0.5115000000000001 0.41566666718749995 0.508 0.40433333281249995 0.50725 0.403 0.50925 0.4033333328125 0.52675 0.41500000000000004 0.52675 0.41633333281249996 0.5255 0.4166666671875 0.5115000000000001
6 0.4303333328125 0.52525 0.43099999999999994 0.52225 0.43 0.509 0.42766666718749996 0.50725 0.42033333281249996 0.50675 0.4186666671875 0.50875 0.4183333328125 0.52525 0.41966666718749995 0.52675 0.42766666718749996 0.5265 0.4303333328125 0.52525
6 0.45866666718750004 0.52525 0.45999999999999996 0.52025 0.4583333328125 0.506 0.45099999999999996 0.50325 0.44733333281250004 0.5037499999999999 0.4423333328125 0.50575 0.4413333328125 0.50925 0.442 0.52125 0.4453333328125 0.5247499999999999 0.4516666671875 0.526 0.45866666718750004 0.52525
6 0.46966666718749994 0.525 0.47133333281249995 0.52425 0.4726666671875 0.5215 0.47066666718750005 0.507 0.46666666718750005 0.5045 0.4613333328125 0.50475 0.45999999999999996 0.50575 0.45999999999999996 0.52225 0.4623333328125 0.52525 0.46966666718749994 0.525
6 0.485 0.524 0.4863333328125 0.52225 0.48566666718749996 0.50575 0.47800000000000004 0.50325 0.4743333328125 0.5045 0.47300000000000003 0.5075000000000001 0.4726666671875 0.51375 0.4743333328125 0.5237499999999999 0.47766666718749995 0.5247499999999999 0.485 0.524
6 0.5006666671875 0.5215 0.4996666671875 0.50625 0.4943333328125 0.5035000000000001 0.49000000000000005 0.5037499999999999 0.488 0.50575 0.488 0.52125 0.49000000000000005 0.5235000000000001 0.49800000000000005 0.5237499999999999 0.5006666671875 0.5215
6 0.514 0.5215 0.5143333328125 0.50575 0.513 0.5042500000000001 0.506 0.50225 0.5023333328125 0.5045 0.502 0.5215 0.505 0.52325 0.5116666671875 0.52275 0.514 0.5215
6 0.528 0.52125 0.5293333328125 0.5185 0.5296666671875 0.5055 0.526 0.50325 0.5183333328125 0.5015 0.516 0.50225 0.5153333328125 0.504 0.5153333328125 0.52125 0.5176666671875 0.52325 0.5246666671875 0.523 0.528 0.52125
6 0.533 0.522 0.5403333328125 0.52125 0.5413333328125 0.516 0.5389999999999999 0.504 0.5363333328125 0.50225 0.5323333328125 0.50225 0.5303333328125001 0.5037499999999999 0.5293333328125 0.50825 0.53 0.51425 0.529 0.51825 0.53 0.52125 0.533 0.522
6 0.5536666671875 0.51675 0.5523333328125 0.5025000000000001 0.5483333328125 0.5 0.5443333328125 0.502 0.5426666671875 0.5045 0.5429999999999999 0.51875 0.5456666671875 0.5207499999999999 0.5526666671875 0.52125 0.5536666671875 0.51675
6 0.5656666671874999 0.51825 0.5653333328125 0.5037499999999999 0.563 0.502 0.5566666671875 0.5005 0.5546666671875 0.504 0.5549999999999999 0.519 0.5566666671875 0.521 0.564 0.5207499999999999 0.5656666671874999 0.51825
6 0.5793333328125 0.50575 0.577 0.502 0.5723333328125 0.5005 0.5683333328125 0.5015 0.5666666671875 0.507 0.567 0.51925 0.5706666671875 0.5205 0.5786666671875 0.52 0.5793333328125 0.50575
6 0.5916666671875 0.5175 0.5916666671875 0.5045 0.5876666671875 0.5005 0.5856666671874999 0.5002500000000001 0.581 0.50175 0.5806666671875 0.504 0.5803333328125 0.518 0.584 0.5207499999999999 0.5876666671875 0.5205 0.5916666671875 0.5175
7 0.0551046671875 0 0.057955999999999994 0.05076699999999999 0.15291 0.062105 0.150914 0.0015645 0.1409336671875 0 0.0551046671875 0
7 0.2405926671875 0.01327225 0.1518406671875 0.00192475 0.1533376671875 0.060977250000000004 0.243159 0.07167325 0.2405926671875 0.01327225
7 0.32556633281249997 0.024824 0.24130533281250002 0.01261775 0.2445846671875 0.0714595 0.328988 0.080658 0.32556633281249997 0.024824
7 0.4071183328125 0.035622 0.32542366718750004 0.023577999999999998 0.3281326671875 0.080118 0.408829 0.08953075 0.4071183328125 0.035622
7 0.4852483328125 0.046532000000000004 0.4074033328125 0.03560775 0.4074033328125 0.07669525 0.4838226671875 0.08674975 0.4852483328125 0.046532000000000004
7 0.558531 0.055089 0.484393 0.045766 0.4832523328125 0.08653575 0.558531 0.09637625 0.558531 0.055089
10 0.27034600000000003 0.28422675000000003 0.24972733281249998 0.28360799999999997 0.2509283328125 0.315164 0.2709463328125 0.3154645 0.27034600000000003 0.28422675000000003
0 0.3433866671875 0.32723125 0.361446 0.32822625 0.3618543328125 0.32202600000000003 0.3635886671875 0.31980624999999996 0.3628746671875 0.287274 0.36175233281249997 0.28551350000000003 0.3596096671875 0.29753124999999997 0.34542733281250004 0.29431625 0.34624333281249997 0.31896425 0.34348866718750004 0.321184 0.3433866671875 0.32723125
0 0.3616503328125 0.32807325 0.38022 0.32868575 0.38022 0.32248525 0.3824646671875 0.3211075 0.38022 0.2806145 0.3753223328125 0.28023175 0.3757306671875 0.28398249999999997 0.3779753328125 0.28581975000000004 0.377159 0.29347425 0.37777099999999997 0.29998075 0.3757306671875 0.30066975 0.3726696671875 0.29906225000000003 0.3688943328125 0.300287 0.363997 0.2919565 0.364099 0.31896425 0.36175233281249997 0.32217925 0.3616503328125 0.32807325
0 0.380322 0.32883874999999996 0.3981773328125 0.32899175 0.3977693328125 0.3226385 0.4006263328125 0.320189 0.39981 0.29102475 0.3988916671875 0.2904125 0.396953 0.296383 0.39542266718749997 0.29898575 0.3848113328125 0.293857 0.38460733281250004 0.29270874999999996 0.386954 0.2904125 0.386546 0.28681475 0.38542333281249996 0.2848245 0.38685200000000003 0.2829875 0.3896066671875 0.281533 0.380934 0.28099725000000003 0.3828726671875 0.32133725 0.380322 0.322562 0.380322 0.32883874999999996
0 0.397999 0.3289705 0.4165686671875 0.32996575 0.41595633281250005 0.324148 0.418405 0.32192824999999997 0.418201 0.2933 0.40065166718749995 0.29054425 0.40146800000000005 0.31917249999999997 0.398305 0.32284674999999996 0.397999 0.3289705
0 0.417589 0.3298125 0.434628 0.330578 0.43442400000000003 0.32468400000000003 0.437587 0.32269375 0.43707700000000005 0.29253450000000003 0.433914 0.29307025000000003 0.4303426671875 0.29452475 0.4265676671875 0.29950025 0.424221 0.30202625 0.42258833281249997 0.299883 0.42258833281249997 0.29375925 0.41934899999999997 0.29444349999999997 0.4203436671875 0.32123925 0.41697666718750004 0.3239185 0.417589 0.3298125
0 0.434628 0.330425 0.4514633328125 0.3305015 0.4514633328125 0.32453075 0.4549323328125 0.3239185 0.45544266718750004 0.310676 0.4426886671875 0.3058535 0.440546 0.29881125000000003 0.44126000000000004 0.29276399999999997 0.4374593328125 0.2932 0.437995 0.32200475 0.43452599999999997 0.32491349999999997 0.434628 0.330425
0 0.4521776671875 0.3246075 0.4524836671875 0.330578 0.4691146671875 0.332109 0.4691146671875 0.3257555 0.47166566718749997 0.32407149999999996 0.4719716671875 0.29062075 0.46789033281250003 0.29108 0.466972 0.30240900000000004 0.469625 0.30769075 0.4651353328125 0.30960424999999997 0.45697299999999996 0.31041775 0.4560546671875 0.31044625 0.4550343328125 0.32368874999999997 0.4521776671875 0.3246075
1 0.589559 0.77249 0.5316813328125 0.7804274999999999 0.5321053328125 0.808527 0.589559 0.80075425 0.589559 0.77249
2 0.272537 0.797351 0.235533 0.801702 0.23862933281249998 0.86123675 0.275014 0.855545 0.272537 0.797351
5 0.29085700000000003 0.81466075 0.273494 0.8162302499999999 0.27485366718750004 0.8465982500000001 0.29211200000000004 0.8447935 0.29085700000000003 0.81466075
5 0.30727866718749997 0.8122282500000001 0.2909093328125 0.8145982500000001 0.2920073328125 0.84447975 0.3079063328125 0.84283175 0.30727866718749997 0.8122282500000001
5 0.12109333281250001 0.730661 0.100963 0.732552 0.10311666718750001 0.7653139999999999 0.12309066718749999 0.76344075 0.12109333281250001 0.730661
5 0.1408176671875 0.72878775 0.12109333281250001 0.73067925 0.12309066718749999 0.7632535 0.1428153328125 0.76128675 0.1408176671875 0.72878775
5 0.16129133281250002 0.7264465 0.14091133281249998 0.72857275 0.14294 0.760912 0.16229 0.7594135 0.16129133281250002 0.7264465
5 0.1813903328125 0.75679125 0.17976733281249999 0.724386 0.161978 0.726349 0.161541 0.726259 0.1625396671875 0.75866425 0.1813903328125 0.75679125
5 0.19999133281249998 0.72223175 0.17976733281249999 0.72419875 0.18164 0.75651025 0.20024099999999997 0.7548245 0.19999133281249998 0.72223175
5 0.217968 0.7204075 0.20036566718749999 0.72213575 0.20099 0.753562 0.219466 0.7524379999999999 0.217968 0.7204075
5 0.23656899999999997 0.71825325 0.217843 0.719912 0.21996533281250003 0.751595 0.2375676671875 0.749722 0.23656899999999997 0.71825325
5 0.2978956671875 0.7123554999999999 0.2801063328125 0.7134750000000001 0.2789203328125 0.7448545 0.2980206671875 0.74354325 0.2978956671875 0.7123554999999999
5 0.3144993328125 0.7108570000000001 0.2974276671875 0.7119535 0.29764599999999997 0.7431687499999999 0.31499866718749997 0.7415765000000001 0.3144993328125 0.7108570000000001
5 0.3318516671875 0.7087030000000001 0.314749 0.71054925 0.314624 0.7414827500000001 0.3319766671875 0.740359 0.3318516671875 0.7087030000000001
5 0.349329 0.7072045 0.3320703328125 0.70879375 0.3322263328125 0.73970325 0.34920433281249996 0.73820475 0.349329 0.7072045
5 0.366432 0.7055685 0.34939166718750003 0.707155 0.3489546671875 0.7382547500000001 0.3663073328125 0.7363815 0.366432 0.7055685
5 0.3821616671875 0.70341425 0.36640066718750003 0.7051655 0.3661823328125 0.7363815 0.3824113328125 0.7348830000000001 0.3821616671875 0.70341425
5 0.399015 0.70154125 0.38247366718750003 0.70341 0.381912 0.73329075 0.39926466718750003 0.73226075 0.399015 0.70154125
5 0.48583999999999994 0.6932794999999999 0.46923633281250005 0.69474925 0.469611 0.7228749999999999 0.48471633281250004 0.72221925 0.48583999999999994 0.6932794999999999
5 0.49944733281250003 0.6919682500000001 0.4860896671875 0.69311075 0.4838426671875 0.722313 0.4991976671875 0.7213765000000001 0.49944733281250003 0.6919682500000001
5 0.5149273328125 0.6896267500000001 0.499822 0.69147225 0.4995723328125 0.7199715 0.5165503328125001 0.718754 0.5149273328125 0.6896267500000001
5 0.5301576671875 0.68812825 0.5157386671874999 0.6888975 0.5168 0.71828575 0.5309066671875 0.7166 0.5301576671875 0.68812825
5 0.545388 0.68653625 0.529783 0.68784425 0.5307816671875 0.71678725 0.545263 0.71528875 0.545388 0.68653625
5 0.5612736671875 0.685345 0.545232 0.6859715 0.5456686671875 0.71503425 0.559526 0.7135357499999999 0.5612736671875 0.685345
5 0.576379 0.6841275 0.5613046671874999 0.6856205 0.5600253328125 0.71325475 0.5755053328125 0.711569 0.576379 0.6841275
5 0.5899863328125 0.68253525 0.5767536671875 0.683748 0.5751306671874999 0.71213075 0.5891126671875 0.7111942499999999 0.5899863328125 0.68253525