8 0.12346399999999999 0.2230756671875 0.12295175 0.23833733281249997 0.13012375 0.2852616671875 0.14036949999999998 0.291412 0.142077 0.3280856671875 0.16734975000000002 0.3292243328125 0.16632525 0.2918673328125 0.15590874999999998 0.2854893328125 0.15146900000000002 0.197108 0.16069 0.196197 0.16017775 0.1604343328125 0.13370975000000002 0.1588396671875 0.13507575 0.1946023328125 0.12465949999999999 0.19483 0.12346399999999999 0.2230756671875
8 0.15692699999999998 0.2855046671875 0.16681200000000002 0.291043 0.16760275 0.3292826671875 0.1940945 0.328755 0.19271075 0.290779 0.18262799999999998 0.2828673328125 0.17986025 0.1982126671875 0.18875675 0.20295966718749997 0.18796575 0.1605003328125 0.161449 0.1602296671875 0.16206725 0.19478433281250002 0.15218225000000002 0.19689399999999999 0.15692699999999998 0.2855046671875
8 0.205977 0.2295276671875 0.20241825000000002 0.24113166718749998 0.20933775 0.2878103328125 0.21823425 0.2915026671875 0.21942050000000002 0.331061 0.2457145 0.330797 0.2451215 0.29203 0.23820199999999997 0.2870193328125 0.23227099999999998 0.199991 0.23938825000000002 0.1947163328125 0.23820199999999997 0.1617513328125 0.21014075000000002 0.1612183328125 0.21329175 0.1976173328125 0.20498850000000002 0.1997273328125 0.205977 0.2295276671875
8 0.23780649999999998 0.2859643328125 0.24492375000000002 0.292821 0.24551699999999999 0.327105 0.27042725 0.3278963328125 0.27003175 0.2857006671875 0.2609375 0.282536 0.2569835 0.188387 0.2668685 0.1868046671875 0.26568225 0.1604326671875 0.23881199999999997 0.1589113328125 0.24037674999999997 0.1939253328125 0.2332595 0.19867233281250002 0.23780649999999998 0.2859643328125
8 0.2609375 0.2817446671875 0.27042725 0.2864916671875 0.2708225 0.3273686671875 0.29474425000000004 0.32816 0.29632575 0.287283 0.28545224999999996 0.2791076671875 0.2840685 0.186541 0.293558 0.197881 0.29296500000000003 0.1509386671875 0.26550575 0.1506723328125 0.26647325 0.186541 0.25757675 0.18865099999999999 0.2609375 0.2817446671875
8 0.54754825 0.271138 0.5441874999999999 0.2801043328125 0.5439897499999999 0.3223 0.56969075 0.3223 0.5687022500000001 0.281423 0.573447 0.2756213328125 0.57502875 0.18305466718750002 0.57107475 0.1819996671875 0.57206325 0.1463973328125 0.5460395 0.1453996671875 0.54557125 0.18437333281249998 0.5487345 0.1822636671875 0.54754825 0.271138
8 0.71867725 0.180524 0.717577 0.2688926671875 0.7103142499999999 0.2747643328125 0.7078932499999999 0.3126366671875 0.732983 0.31293000000000004 0.7340832500000001 0.2753513328125 0.74002575 0.270654 0.7426667499999999 0.24247000000000002 0.743767 0.2374793328125 0.74640825 0.22837800000000003 0.745968 0.22103866718749998 0.74420725 0.2128183328125 0.7446475 0.1837536671875 0.7365042500000001 0.1787626671875 0.73760475 0.1455876671875 0.7118742499999999 0.144987 0.71185475 0.1450006671875 0.7111945000000001 0.1858086671875 0.71867725 0.180524
8 0.7446475 0.2128183328125 0.7457480000000001 0.21869 0.7475085 0.2269103328125 0.74420725 0.23836 0.74046575 0.2694796671875 0.7343035 0.2753513328125 0.7332029999999999 0.3126366671875 0.7576324999999999 0.31204933281249997 0.758733 0.2732963328125 0.76621575 0.2718283328125 0.7679765 0.24746100000000001 0.7708375000000001 0.23718566718749998 0.77391875 0.2225063328125 0.7706175 0.21634133281249998 0.77127775 0.1822856671875 0.7626945 0.1808176671875 0.76357475 0.146762 0.738045 0.146175 0.7369445 0.177882 0.74552775 0.18346 0.7446475 0.2128183328125
8 0.77105775 0.21516700000000002 0.774139 0.224268 0.771718 0.2336626671875 0.7677565000000001 0.2477546671875 0.7677565000000001 0.2694796671875 0.758733 0.2732963328125 0.7582927500000001 0.31204933281249997 0.7827222500000001 0.310875 0.7831625 0.2744706671875 0.7935065 0.2718283328125 0.7952670000000001 0.24364433281250003 0.79724775 0.2365983328125 0.800109 0.232782 0.7998890000000001 0.2225063328125 0.79702775 0.2134053328125 0.7974680000000001 0.1808176671875 0.78932475 0.1787626671875 0.79042525 0.1455876671875 0.7644285 0.144987 0.7626945 0.1793496671875 0.771718 0.18140499999999998 0.77105775 0.21516700000000002
8 0.79570725 0.2125246671875 0.7985685 0.21634133281249998 0.7998890000000001 0.22368066718750002 0.800109 0.2310203328125 0.79570725 0.24247000000000002 0.79416675 0.2694796671875 0.7836025 0.27505799999999997 0.7825022500000001 0.3105813328125 0.8075917499999999 0.309407 0.8089124999999999 0.2724156671875 0.81749575 0.268599 0.8194765 0.24746100000000001 0.8216772499999999 0.23689200000000002 0.8245385000000001 0.22837800000000003 0.826079 0.21604766718750001 0.823438 0.2092953328125 0.8238782499999999 0.1790563328125 0.81375425 0.177882 0.81529475 0.144707 0.790568 0.145354 0.7899849999999999 0.1787626671875 0.79724775 0.1811113328125 0.79570725 0.2125246671875
8 0.8243294999999999 0.20878133281250003 0.82609025 0.2149466671875 0.8267504999999999 0.22111200000000003 0.8256500000000001 0.227277 0.8214684999999999 0.24048833281249998 0.8194877500000001 0.2669106671875 0.8093637499999999 0.2739566671875 0.807603 0.309774 0.83247275 0.3094803328125 0.833353 0.2719016671875 0.8432567499999999 0.2692596671875 0.8474385 0.24371766718750001 0.8478787499999999 0.2354973328125 0.8518402500000001 0.22757066718750002 0.8518402500000001 0.22081833281250002 0.8525005 0.21524033281250002 0.8491992500000001 0.20966200000000002 0.8505197499999999 0.17678066718750002 0.8403957500000001 0.17501933281249998 0.8421565 0.1438993328125 0.81596625 0.1444866671875 0.8137655 0.177368 0.82366925 0.1803036671875 0.8243294999999999 0.20878133281250003
8 0.8538209999999999 0.224635 0.8480987499999999 0.2346166671875 0.843917 0.2680853328125 0.833573 0.2719016671875 0.8322525000000001 0.306838 0.85844275 0.306251 0.86218425 0.26603 0.874729 0.258397 0.8782505 0.2475343328125 0.8804512499999999 0.24019466718750002 0.8815517500000001 0.2313873328125 0.8793507500000001 0.216121 0.8804512499999999 0.16914766718750002 0.8657055 0.16738599999999998 0.8670260000000001 0.1347983328125 0.8421565 0.1339176671875 0.84193625 0.1776616671875 0.85470125 0.168267 0.8538209999999999 0.224635
1 0.74060325 0.735748 0.738263 0.8093746671875 0.73163175 0.7979273328125001 0.7306565 0.8291473328125001 0.819787 0.8249846671875 0.8203720000000001 0.8046916671875 0.8297337499999999 0.8041713328125001 0.8336345 0.7354876671875 0.82407775 0.7211786671875 0.82407775 0.6868366671875 0.73325325 0.690599 0.7331920000000001 0.6912596671875 0.733387 0.7253413328125 0.74060325 0.735748
1 0.8344735 0.731487 0.831743 0.8004306671875 0.82160125 0.8038130000000001 0.8206260000000001 0.8225446671875 0.9099515 0.8191626671875 0.9119020000000001 0.7986096671875 0.92243375 0.7986096671875 0.9275045000000001 0.7281046671875 0.91677775 0.7163973328125001 0.91638775 0.6838766671875 0.8251120000000001 0.6854376671875 0.8256970000000001 0.6854376671875 0.8251120000000001 0.7189989999999999 0.8344735 0.731487
10 0.3680065 0.0967043328125 0.37011975 0.0290633328125 0.35997650000000003 0.008770667187500001 0.185007 0.010462 0.180358 0.07077533281250001 0.1934595 0.09895899999999999 0.3680065 0.0967043328125
10 0.38356975000000004 0.0947376671875 0.86767325 0.0778276671875 0.871477 0.0626083328125 0.8744355 0.016386667187500002 0.874858 0.0011673328125 0.37561374999999997 0.005776 0.37596250000000003 0.0079316671875 0.37596250000000003 0.0727543328125 0.38356975000000004 0.0947376671875
2 0.57627825 0.271887 0.571645 0.280918 0.571645 0.323222 0.6197575 0.32037 0.6208265 0.27901666718749996 0.62474675 0.274739 0.62831075 0.187279 0.62296475 0.1815753328125 0.62047025 0.1454506671875 0.571556 0.1474256671875 0.57128875 0.179674 0.57770375 0.1844273328125 0.57627825 0.271887
8 0.41277274999999997 0.19168766718750002 0.41427525000000004 0.21894333281249997 0.41427525000000004 0.2349763328125 0.415778 0.259827 0.41998525000000003 0.32435933281249996 0.44402725 0.3255616671875 0.44312575 0.28708300000000003 0.440421 0.1556136671875 0.415778 0.1556136671875 0.415778 0.157217 0.41517675 0.1852743328125 0.41277274999999997 0.19168766718750002
8 0.444929 0.32476 0.469572 0.3259626671875 0.4674685 0.157217 0.4406465 0.155372 0.44252475 0.186076 0.4395195 0.19609666718750002 0.444929 0.32476
8 0.46897099999999997 0.2273606671875 0.4686705 0.24980666718750003 0.47017325000000004 0.32476 0.49511675000000005 0.3259626671875 0.49361425 0.2606286671875 0.49541725000000003 0.2522116671875 0.49541725000000003 0.2453976671875 0.49481624999999996 0.2361786671875 0.49451575 0.1556136671875 0.46731825000000005 0.155372 0.4674685 0.1848736671875 0.4680695 0.2117286671875 0.46897099999999997 0.2273606671875
8 0.4966195 0.2361786671875 0.49601850000000003 0.24700099999999997 0.49331375 0.2610296671875 0.49692 0.325161 0.51855775 0.3267643328125 0.5191589999999999 0.2678436671875 0.5191589999999999 0.2586246671875 0.52276525 0.24700099999999997 0.5203610000000001 0.2349763328125 0.5200605 0.1924893328125 0.5206615 0.154812 0.49511675000000005 0.155372 0.49571775 0.2169393328125 0.49571775 0.2249556671875 0.4966195 0.2361786671875
8 0.5236667500000001 0.24700099999999997 0.5200605 0.2570213328125 0.5191589999999999 0.273856 0.51976 0.323157 0.5441024999999999 0.3223553328125 0.5429005 0.2854796671875 0.5474085 0.2726533328125 0.54650675 0.1924893328125 0.54620625 0.1536096671875 0.5206615 0.15386933281249998 0.5224647499999999 0.1912866671875 0.5212625 0.2273606671875 0.5236667500000001 0.24700099999999997
9 0.54345175 0.4821753328125 0.5440565 0.5576123328125 0.5413344999999999 0.5555950000000001 0.54163675 0.5866573328125 0.6335857500000001 0.585447 0.6341907499999999 0.5588223328125 0.63812275 0.5551916671875 0.6384252499999999 0.47935166718750005 0.6335857500000001 0.47330066718749997 0.63449325 0.439011 0.54677875 0.4426416671875 0.5401245 0.44143166718750004 0.540427 0.47612433281250005 0.54345175 0.4821753328125
9 0.63751775 0.5555950000000001 0.63479575 0.5604359999999999 0.632981 0.5838336671875 0.727652 0.5810096671875 0.727047 0.5555950000000001 0.7358184999999999 0.552368 0.7391457499999999 0.47572099999999995 0.7309792500000001 0.4684596671875 0.731584 0.43457366718749996 0.6332832500000001 0.4386733328125 0.632981 0.4720903328125 0.6393325 0.47975500000000004 0.63751775 0.5555950000000001
9 0.7387675 0.5120353328125 0.735138 0.5523756671875 0.72787875 0.5568133328125 0.7269715 0.5798073328125 0.8216424999999999 0.5781936671875 0.82375975 0.5499553328125 0.8325312500000001 0.5483416671875 0.834346 0.52091 0.8364632500000001 0.5164726671875 0.8397905 0.5080013328125 0.8358585 0.493882 0.836161 0.470888 0.825877 0.4644333328125 0.8261795 0.430144 0.731584 0.4351443328125 0.7309034999999999 0.466854 0.7384649999999999 0.47572866718749995 0.7387675 0.5120353328125
9 0.836161 0.49468866718750004 0.8391854999999999 0.5023536671875 0.838883 0.5124386671875001 0.834951 0.5205066671874999 0.8310190000000001 0.5479383328125 0.8240622500000001 0.550762 0.8228525 0.5769833328125 0.914499 0.5713356671875001 0.91601125 0.5443076671875 0.92901725 0.5418873328125 0.9311345 0.5172796671875 0.9329492500000001 0.5120353328125 0.9350664999999999 0.50074 0.9314370000000001 0.4902513328125 0.930227 0.466047 0.91994325 0.45878566718749997 0.91994325 0.425303 0.82534775 0.4295993328125 0.8267844999999999 0.46160966718749996 0.8352535 0.46887100000000004 0.836161 0.49468866718750004
8 0.1626775 0.568719 0.17111125 0.569422 0.17190175000000002 0.5982456671875 0.22118600000000002 0.5975426671874999 0.2185505 0.5690703328125 0.21248874999999998 0.5666100000000001 0.2074815 0.49209033281250003 0.21696925 0.484357 0.21459725000000002 0.4485033328125 0.16636725000000002 0.448855 0.16610375 0.484357 0.1568795 0.4889266671875 0.1626775 0.568719
8 0.21196175 0.5641493328125 0.21907775 0.5690703328125 0.2209225 0.5982456671875 0.269416 0.5975426671874999 0.26783475 0.568016 0.2609825 0.5648523328125 0.258874 0.4899813328125 0.26519925 0.481545 0.26493574999999997 0.44709733281249997 0.21413600000000002 0.44812633281250003 0.21776 0.482951 0.20906275000000002 0.4899813328125 0.21196175 0.5641493328125
8 0.26230025 0.5637976671875 0.26809825 0.5697733328125001 0.27047024999999997 0.597191 0.3192275 0.594379 0.31764625 0.567313 0.311321 0.5666100000000001 0.3092125 0.4875206671875 0.31290225 0.480842 0.3121115 0.44674566718750003 0.26454049999999996 0.4463693328125 0.26572650000000003 0.480842 0.25861049999999997 0.48716933281249997 0.26230025 0.5637976671875
8 0.31290225 0.5655553328125 0.31764625 0.568016 0.3192275 0.595082 0.3669305 0.5933243328125 0.36587625 0.5613373328125 0.36350425 0.5630946671875 0.35902375000000003 0.4903326671875 0.3627135 0.48330266718750003 0.361923 0.4449883328125 0.31230925 0.44593 0.31316575 0.480139 0.30842175 0.4882236671875 0.31290225 0.5655553328125