0 0.5650266671875 0.11484399999999999 0.5612113328125 0.12265224999999999 0.5608643328125 0.133063 0.5573956671875 0.13852875 0.5573956671875 0.15336425 0.6045696671874999 0.154145 0.6049163328125 0.1393095 0.6101193328125001 0.13358350000000002 0.6104663328125 0.12213175000000001 0.616363 0.11614549999999998 0.6187913328125 0.06357075 0.6097726671875 0.060968 0.6097726671875 0.0489955 0.559069 0.04755025 0.5601706671875 0.060187250000000005 0.5664143328125 0.0633105 0.5650266671875 0.11484399999999999
0 0.6153223328124999 0.11614549999999998 0.6101193328125001 0.12109049999999999 0.6094256671875 0.13410424999999998 0.6045696671874999 0.13956975 0.6042226671875001 0.15336425 0.6524373328124999 0.15570675 0.6524373328124999 0.1393095 0.658334 0.13410424999999998 0.6572933328125 0.1247345 0.6666586671875 0.11744675 0.66874 0.06435149999999999 0.6565996671875001 0.06174875 0.6565996671875001 0.051337999999999995 0.6098066671875 0.04950175 0.609079 0.059926999999999994 0.6177506671875 0.06357075 0.6153223328124999 0.11614549999999998
0 0.6676993328124999 0.11640575 0.6597213328125 0.12317275000000001 0.6590276671875 0.1343645 0.6524373328124999 0.141652 0.6524373328124999 0.15466549999999998 0.699958 0.15492575 0.700305 0.14139174999999998 0.707936 0.13566575 0.707589 0.12421374999999998 0.7176483328125001 0.1171865 0.72077 0.06461175 0.7058546671875 0.06200925 0.705508 0.051337999999999995 0.6575086671875 0.050152249999999995 0.6562526671875 0.060968 0.66874 0.06461175 0.6676993328124999 0.11640575
0 0.7176483328125001 0.117707 0.7086296671875 0.12291250000000001 0.7086296671875 0.13462475000000002 0.700305 0.14139174999999998 0.7006516671874999 0.155186 0.744357 0.15440525 0.7464383328124999 0.14191225000000002 0.7564973328125 0.135926 0.757538 0.12421374999999998 0.7675970000000001 0.117707 0.7724533328125001 0.0661735 0.7537223328125 0.06252975 0.7537223328125 0.051858499999999995 0.7069456671875 0.050802749999999994 0.705508 0.06122825 0.7200763328125 0.06539275 0.7176483328125001 0.117707
0 0.7675970000000001 0.11536474999999999 0.7554566671875 0.1247345 0.7568443328125001 0.134885 0.7460913328125 0.1432135 0.744704 0.15492575 0.7922246671875001 0.155967 0.7929183328125 0.14191225000000002 0.8036713328125 0.1354055 0.804365 0.124474 0.8165053328124999 0.11874825 0.8210146671875 0.06695425 0.8022836671875 0.06357075 0.8022836671875 0.05316 0.7533466671875 0.05145324999999999 0.7533756671875 0.06305025 0.7707189999999999 0.06747475 0.7675970000000001 0.11536474999999999
0 0.8171989999999999 0.11744675 0.804712 0.124474 0.8036713328125 0.13514525 0.793959 0.141652 0.7932653328125 0.15466549999999998 0.8393986671875 0.15544625 0.8407859999999999 0.14113150000000002 0.8498046671875 0.13566575 0.8529263328125 0.1218715 0.8650666671874999 0.11822775 0.869229 0.06461175 0.8525796671875 0.06122825 0.8522326671875 0.054201 0.8032170000000001 0.05340475 0.801937 0.06357075 0.8203210000000001 0.0672145 0.8171989999999999 0.11744675
10 0.7565346671875 0.57124575 0.7578826671875001 0.5391297500000001 0.743054 0.5297732500000001 0.3227463328125 0.5355895 0.3166856671875 0.54696925 0.31735966718749997 0.5783265 0.7565346671875 0.57124575
1 0.6343273328125 0.91351275 0.6279133328125 0.909422 0.6288753328125 0.9207317500000001 0.7048806671875 0.91736275 0.705522 0.91351275 0.7122566671875 0.9137532500000001 0.7167466671875 0.8827114999999999 0.7100120000000001 0.8718827499999999 0.7116153328125 0.854557 0.6307993328125 0.8569635 0.630158 0.87356725 0.633365 0.8839145 0.6343273328125 0.91351275
1 0.7138603328124999 0.9108657499999999 0.7045600000000001 0.9127907499999999 0.7042393328125 0.91808475 0.784093 0.9127907499999999 0.7837723328124999 0.907978 0.79179 0.9087 0.796921 0.87621425 0.7889036671875 0.865145 0.79179 0.8519102500000001 0.712549 0.8540604999999999 0.7106533328125 0.8694765 0.7157846671875 0.8810269999999999 0.7138603328124999 0.9108657499999999
2 0.49175966718749997 0.642833 0.49198366718750003 0.68177525 0.48952266718750004 0.681104 0.488628 0.69352525 0.5335923328125001 0.692518 0.5324736671875 0.68244675 0.5365003328125 0.68244675 0.5362766671875 0.642833 0.534487 0.6330975 0.534487 0.612787 0.4910886671875 0.6126192500000001 0.490865 0.6131227499999999 0.48929900000000004 0.6309152499999999 0.49175966718749997 0.642833
8 0.0911496671875 0.66494475 0.0894656671875 0.6720525 0.09241266718749999 0.6783705 0.0938863328125 0.688795 0.0991486671875 0.691954 0.10020133281250002 0.7031685000000001 0.1254613328125 0.70348425 0.12356700000000001 0.6910065000000001 0.1178833328125 0.685952 0.1149363328125 0.651519 0.1212513328125 0.64488525 0.1212513328125 0.6260892499999999 0.0964123328125 0.62656325 0.09746466718749999 0.64298975 0.08967633281250001 0.65088725 0.0911496671875 0.66494475
8 0.1178833328125 0.6872155 0.125251 0.69179625 0.126514 0.70237875 0.149248 0.70237875 0.14840599999999998 0.69290175 0.144196 0.6889529999999999 0.139986 0.67773875 0.1393543328125 0.6530985 0.1465116671875 0.645991 0.1452486671875 0.62656325 0.12190033281249998 0.6257265000000001 0.1216723328125 0.64504325 0.1149363328125 0.65088725 0.1178833328125 0.6872155
8 0.1629306671875 0.6752115 0.1667196671875 0.6905325 0.17156100000000002 0.69321775 0.17219266718749998 0.7022207500000001 0.1966106671875 0.701747 0.1945056671875 0.683109 0.1902956671875 0.6810555 0.18755933281249998 0.6723684999999999 0.18798033281249998 0.65246675 0.1932426671875 0.64504325 0.1921903328125 0.62624725 0.1671656671875 0.62671325 0.1684036671875 0.6440954999999999 0.1637726671875 0.652151 0.1629306671875 0.6752115
8 0.1904686671875 0.69041375 0.1946786671875 0.69167725 0.1961523328125 0.70162825 0.21909700000000001 0.70131225 0.217413 0.6915195 0.21320299999999998 0.690098 0.209835 0.6818845 0.2121503328125 0.6730395 0.209835 0.6506105 0.218676 0.6384485 0.21678133281249998 0.624707 0.1929563328125 0.62513425 0.1936263328125 0.6430290000000001 0.1883636671875 0.652664 0.1904686671875 0.69041375
1 0.21194000000000002 0.674461 0.20899299999999998 0.67983125 0.2117293328125 0.6880445 0.21720233281249998 0.6915195 0.21909700000000001 0.70099625 0.2411996671875 0.70099625 0.24035766718749998 0.69167725 0.23635799999999998 0.68883425 0.2344636671875 0.683622 0.23741066718749998 0.674461 0.2344636671875 0.65045275 0.241831 0.63971225 0.24098899999999998 0.61917875 0.217431 0.6194105000000001 0.2184653328125 0.63750075 0.2108873328125 0.6510845 0.21194000000000002 0.674461
8 0.3486396671875 0.6649065000000001 0.353271 0.685124 0.3539023328125 0.69523275 0.37600500000000003 0.69523275 0.3757943328125 0.6764367499999999 0.373058 0.6680655 0.373479 0.64595275 0.3749523328125 0.63916075 0.3745313328125 0.6179957500000001 0.35112166718750004 0.6184235 0.3513763328125 0.6380552500000001 0.34948166718749996 0.6437412499999999 0.3486396671875 0.6649065000000001
8 0.374321 0.65795675 0.373058 0.66617025 0.375163 0.6740675 0.37663633281250003 0.6950747500000001 0.399581 0.694759 0.4002126671875 0.67390975 0.3976866671875 0.67169825 0.397476 0.6467425 0.3989496671875 0.63647575 0.398739 0.6183115 0.37533333281250003 0.6184235 0.37558400000000003 0.63773925 0.3741103328125 0.6461105 0.374321 0.65795675
8 0.3964236671875 0.6709085 0.40063366718750004 0.6743835 0.399581 0.69491675 0.4208416671875 0.694285 0.42189433281250005 0.67390975 0.42105233281250004 0.66253725 0.42126266718750005 0.6464265 0.42210466718750006 0.6341065 0.4223153328125 0.6179957500000001 0.399808 0.61802875 0.39916 0.635844 0.397476 0.64547875 0.3964236671875 0.6709085
8 0.4208416671875 0.67817425 0.4206313328125 0.694127 0.44336533281249996 0.6931795000000001 0.443997 0.6715405 0.44526000000000004 0.66269525 0.44526000000000004 0.6183115 0.42420966718750003 0.61783775 0.4214733328125 0.644531 0.42210466718750006 0.6683815 0.4208416671875 0.67817425
8 0.444839 0.666328 0.443576 0.6742255 0.44273366718749996 0.6931795000000001 0.46504700000000004 0.694127 0.4665203328125 0.6753312499999999 0.46778333281249995 0.645005 0.46673099999999995 0.6179957500000001 0.446126 0.61822625 0.44441800000000004 0.635686 0.44547033281250004 0.6497435 0.444839 0.666328
8 0.4673623328125 0.67312 0.46588900000000005 0.6803855000000001 0.4648363328125 0.69349525 0.48820199999999997 0.6930215 0.4879916671875 0.68117525 0.49114899999999995 0.68133325 0.49199099999999996 0.6432675 0.48946500000000004 0.632685 0.49009666718749995 0.61309925 0.46841499999999997 0.61325725 0.467152 0.6306315 0.46862533281249996 0.64263575 0.4673623328125 0.67312
8 0.6155983328125 0.66327325 0.611378 0.6705565 0.610112 0.6879730000000001 0.631424 0.6876562500000001 0.632057 0.67546475 0.6371213328125 0.6654899999999999 0.6396533328125 0.65694 0.6392313328125 0.637782 0.633534 0.6300239999999999 0.6348 0.6116575 0.6128736671875 0.61180525 0.611378 0.63065725 0.6164423328125 0.637782 0.6155983328125 0.66327325
8 0.6383873328125 0.65979 0.631635 0.67403975 0.632268 0.6879730000000001 0.6529469999999999 0.6873395 0.657378 0.6672315 0.6615983328125 0.65979 0.6615983328125 0.6388905 0.655901 0.6308155 0.658011 0.61197425 0.6358246671875001 0.61180525 0.6341669999999999 0.6287572499999999 0.6396533328125 0.6380987499999999 0.6383873328125 0.65979
8 0.6622313328125 0.65979 0.6546350000000001 0.67403975 0.652736 0.6873395 0.674048 0.6876562500000001 0.674892 0.67641475 0.6810113328125 0.6665982500000001 0.6833323328125 0.6561485 0.6845983328125 0.6374655 0.678901 0.6298655 0.679956 0.6121325 0.658512 0.61200325 0.655901 0.6297072499999999 0.6611763328125 0.63667375 0.6622313328125 0.65979
8 0.6814333328125 0.66232325 0.676158 0.6729315 0.675103 0.6865479999999999 0.695782 0.6857562500000001 0.696204 0.6724565 0.7008460000000001 0.6677065 0.7059103328125 0.660265 0.7071763328125 0.6361987499999999 0.700635 0.628599 0.7023233328125 0.6118159999999999 0.6809356671875 0.61180525 0.67869 0.629549 0.6839653328125 0.6374655 0.6814333328125 0.66232325
8 0.7073873328125 0.6360405 0.7056993328125001 0.660265 0.696837 0.67182325 0.69536 0.68528125 0.7168826671875 0.6849645 0.717938 0.6745147499999999 0.722791 0.6672315 0.7284883328125 0.6585235 0.7301763328125 0.6361987499999999 0.722791 0.627174 0.7242683328124999 0.6107075 0.703623 0.61101375 0.7031673328125 0.6114992499999999 0.701479 0.628599 0.7073873328125 0.6360405
1 0.7284883328125 0.6586817500000001 0.718993 0.67324825 0.717938 0.6854395 0.740094 0.6865479999999999 0.741993 0.6743565 0.7495893328125 0.6745147499999999 0.7533876671875 0.66707325 0.7514883328125 0.65725675 0.7542316671875 0.6342987499999999 0.744947 0.625749 0.7470573328125 0.60627425 0.7249913328125001 0.606661 0.722791 0.62590725 0.7310203328125 0.6342987499999999 0.7284883328125 0.6586817500000001
0 0.30923 0.11574575000000001 0.3108976671875 0.1310115 0.3128993328125 0.13776850000000002 0.312232 0.150782 0.36327 0.15178324999999998 0.36327 0.135266 0.3612686671875 0.12925975 0.3612686671875 0.121001 0.356265 0.11149125 0.3549306671875 0.059437 0.3599343328125 0.055432749999999996 0.3596006671875 0.044171 0.3225733328125 0.04342025 0.3038926671875 0.077706 0.3045596671875 0.10773725 0.30923 0.11574575000000001
0 0.35893366718749997 0.10723674999999999 0.3619356671875 0.12 0.364271 0.13151200000000002 0.3622693328125 0.152534 0.4123066671875 0.15378525 0.4099713328125 0.056433750000000005 0.398296 0.05293025 0.39162433281250003 0.0454225 0.359434 0.045096000000000004 0.3599343328125 0.05418150000000001 0.354597 0.063191 0.35893366718749997 0.10723674999999999
0 0.45163200000000003 0.11740425000000002 0.4533656671875 0.06424575 0.45054866718750003 0.05384175 0.424167 0.05326475000000001 0.4256296671875 0.0635955 0.427363 0.1165915 0.45163200000000003 0.11740425000000002
0 0.4637906671875 0.11249 0.4621396671875 0.12009924999999999 0.46402666718749996 0.1280625 0.46190366718750003 0.138503 0.4623756671875 0.15248275 0.509315 0.1540755 0.5090790000000001 0.14133425 0.5123813328125 0.13301725 0.5119096671875 0.12328449999999999 0.5154476671875 0.11443650000000001 0.5152116671875 0.06701125 0.5104943328125 0.06170250000000001 0.51073 0.04736875 0.46113733281249997 0.04604 0.461432 0.06294125 0.4637906671875 0.059756 0.4637906671875 0.11249
0 0.5154476671875 0.11355174999999999 0.5104943328125 0.12133799999999999 0.5119096671875 0.13301725 0.509315 0.13814900000000002 0.5104943328125 0.1537215 0.558141 0.15460625 0.558141 0.1411575 0.5614433328125 0.133725 0.5612076671875 0.1234615 0.5652173328125001 0.1140825 0.5663966671875 0.06382600000000001 0.5597923328125 0.060463750000000004 0.5607356671875 0.048961500000000005 0.510966 0.04736675 0.509315 0.05869425 0.5142683328125 0.06329525 0.5154476671875 0.11355174999999999
10 0.2576573328125 0.508029 0.253514 0.47046975 0.09814300000000001 0.46969275 0.08813 0.47772249999999994 0.0884753328125 0.507287 0.089511 0.5113965 0.24868033281250002 0.5129505 0.2576573328125 0.508029
10 0.378933 0.50763925 0.377552 0.46878475000000003 0.33370299999999997 0.46800775000000006 0.3267973328125 0.47707375 0.328524 0.50893425 0.378933 0.50763925
10 0.5185083328125 0.4755225 0.5150556671875 0.46593850000000003 0.460503 0.46553100000000003 0.46015766718749995 0.5058290000000001 0.5174726671875 0.506347 0.5185083328125 0.4755225
10 0.6186363328125 0.469306 0.6138026671875 0.4654205 0.5610626671875 0.46488375 0.5606313328125 0.506347 0.6176006671875001 0.50557 0.6186363328125 0.469306
10 0.665593 0.470083 0.659033 0.46386625 0.6314113328125 0.463589 0.6331376671875 0.5058290000000001 0.6649026671875 0.506347 0.665593 0.470083
10 0.738445 0.50427475 0.742243 0.471119 0.7343016671875 0.46205299999999994 0.6711173328125 0.46261775 0.6780226671875 0.470601 0.671808 0.50427475 0.738445 0.50427475
10 0.145567 0.58217175 0.305004 0.5825607500000001 0.308115 0.5339372499999999 0.15489999999999998 0.53627125 0.1419376671875 0.54891325 0.143234 0.574781 0.145567 0.58217175
9 0.46342533281250003 0.80519525 0.462523 0.8128095 0.5450703328125 0.809764 0.544168 0.8036725 0.5468746671875 0.8033340000000001 0.5482276671874999 0.76949325 0.546198 0.7598485 0.5455213328124999 0.74225125 0.46342533281250003 0.74546625 0.4622976671875 0.76204825 0.4636506671875 0.7689857499999999 0.46342533281250003 0.80519525
9 0.5476639999999999 0.8021934999999999 0.5433786671874999 0.8042239999999999 0.5440553328125 0.8096384999999999 0.6279556671875001 0.8069312500000001 0.6254746671875 0.79999375 0.630211 0.79914775 0.6351726671875 0.766999 0.6286323328125001 0.7570159999999999 0.6304366671875 0.738911 0.5465363328125 0.7433102500000001 0.545634 0.758031 0.5474383328125 0.766999 0.5476639999999999 0.8021934999999999
9 0.6324663328125 0.79779425 0.6279556671875001 0.8005015 0.6275046671875 0.8064235 0.7091493328125 0.8042239999999999 0.7086983328125 0.7972865 0.7145623328124999 0.79542525 0.7179453328125 0.76259975 0.7120813328125 0.7527857499999999 0.7150133328125 0.73704975 0.630662 0.739879 0.6295343328125 0.75566225 0.634045 0.765307 0.6324663328125 0.79779425
9 0.7179453328125 0.7609075 0.715239 0.79457925 0.709826 0.7964405 0.709826 0.8027010000000001 0.78899 0.8016857500000001 0.7901176671875 0.7932254999999999 0.7980116671874999 0.7932254999999999 0.8020713328125 0.757862 0.794403 0.74974 0.7953053328124999 0.733158 0.7165923328125 0.73704975 0.7136603328125 0.7368805 0.7116303328125 0.75160125 0.7179453328125 0.7609075
6 0.0846666671875 0.23525000000000001 0.099 0.23725000000000002 0.10300000000000001 0.23875000000000002 0.10733333281249999 0.23725000000000002 0.1096666671875 0.23275 0.1096666671875 0.22075 0.10400000000000001 0.20099999999999998 0.0836666671875 0.197 0.0773333328125 0.2 0.076 0.20425 0.07566666718750001 0.21325 0.0783333328125 0.229 0.08 0.23149999999999998 0.0846666671875 0.23525000000000001
6 0.154 0.23650000000000002 0.1533333328125 0.2205 0.1503333328125 0.20274999999999999 0.1306666671875 0.1995 0.127 0.2 0.1253333328125 0.20350000000000001 0.127 0.2285 0.13 0.23424999999999999 0.1463333328125 0.2375 0.154 0.23650000000000002
6 0.217 0.23700000000000002 0.2186666671875 0.23325 0.217 0.20475 0.2126666671875 0.2015 0.20099999999999998 0.20049999999999998 0.198 0.20224999999999999 0.197 0.2045 0.1983333328125 0.22974999999999998 0.2 0.23424999999999999 0.202 0.236 0.217 0.23700000000000002
6 0.24266666718750002 0.23475000000000001 0.2416666671875 0.22225 0.2443333328125 0.21675 0.24300000000000002 0.20525000000000002 0.2323333328125 0.2 0.2233333328125 0.20175 0.2213333328125 0.20350000000000001 0.2226666671875 0.236 0.225 0.2375 0.24 0.2375 0.24266666718750002 0.23475000000000001
6 0.2646666671875 0.23975 0.2663333328125 0.23825 0.2673333328125 0.233 0.2646666671875 0.20475 0.263 0.20325000000000001 0.258 0.202 0.2483333328125 0.20224999999999999 0.24500000000000002 0.20475 0.24500000000000002 0.22825 0.24666666718750002 0.23700000000000002 0.248 0.23875000000000002 0.2646666671875 0.23975
6 0.31033333281250003 0.2385 0.312 0.23625 0.3116666671875 0.21200000000000002 0.31033333281250003 0.20475 0.3066666671875 0.20299999999999999 0.2966666671875 0.20299999999999999 0.2936666671875 0.20475 0.29300000000000004 0.20975000000000002 0.2923333328125 0.22149999999999997 0.2946666671875 0.2375 0.307 0.2375 0.31033333281250003 0.2385
6 0.33366666718750004 0.2385 0.33399999999999996 0.2125 0.3306666671875 0.20575000000000002 0.329 0.20425 0.32166666718750003 0.20224999999999999 0.3163333328125 0.20475 0.3156666671875 0.20775000000000002 0.3163333328125 0.23625 0.3183333328125 0.238 0.3235556671875 0.23700000000000002 0.33366666718750004 0.2385
6 0.4216666671875 0.24075000000000002 0.42366666718749996 0.23900000000000002 0.4216666671875 0.2065 0.4193333328125 0.20350000000000001 0.41600000000000004 0.20249999999999999 0.40766666718750005 0.20274999999999999 0.4056666671875 0.20575000000000002 0.40433333281249995 0.21200000000000002 0.40499999999999997 0.23975 0.40766666718750005 0.2415 0.4216666671875 0.24075000000000002
6 0.5536666671875 0.23875000000000002 0.5563333328125 0.2355 0.5566666671875 0.209 0.5526666671875 0.20375000000000001 0.5429999999999999 0.205 0.5393333328125001 0.20825 0.54 0.23650000000000002 0.5413333328125 0.23825 0.5486666671875 0.24 0.5536666671875 0.23875000000000002
6 0.5349999999999999 0.21200000000000002 0.533 0.20600000000000002 0.5306666671875 0.20425 0.521 0.20400000000000001 0.5183333328125 0.20600000000000002 0.5166666671875 0.22075 0.5176666671875 0.2385 0.533 0.24100000000000002 0.5353333328125001 0.2375 0.5349999999999999 0.21200000000000002
6 0.5096666671875 0.24175 0.512 0.238 0.5116666671875 0.21225 0.51 0.20825 0.502 0.20400000000000001 0.5 0.20475 0.496 0.20925 0.49466666718749996 0.2165 0.49533333281249997 0.2405 0.49766666718749997 0.24300000000000002 0.5063333328125 0.24100000000000002 0.5096666671875 0.24175
6 0.47866666718750006 0.23975 0.487 0.24300000000000002 0.49000000000000005 0.24 0.49066666718749996 0.21275 0.4876666671875 0.20725 0.480678 0.20593975000000003 0.4726666671875 0.209 0.4723333328125 0.2325 0.47400000000000003 0.2395 0.4743333328125 0.24025 0.47866666718750006 0.23975
6 0.4646666671875 0.23424999999999999 0.46399999999999997 0.223 0.46266666718750005 0.21549999999999997 0.45899999999999996 0.20975000000000002 0.4573333328125 0.21025 0.4522983328125 0.20821874999999998 0.4516666671875 0.22425 0.45199999999999996 0.23725000000000002 0.4543333328125 0.23825 0.46266666718750005 0.2385 0.4646666671875 0.23424999999999999
6 0.4453333328125 0.24025 0.44566666718750003 0.21349999999999997 0.4436666671875 0.20625 0.43966666718749997 0.20425 0.4313333328125 0.20299999999999999 0.42833333281249997 0.20550000000000002 0.4266666671875 0.211 0.4273333328125 0.24225 0.4336666671875 0.24125000000000002 0.44333333281250004 0.2425 0.4453333328125 0.24025
6 0.6223333328125 0.236 0.623 0.20750000000000002 0.6186666671875 0.20475 0.611 0.20425 0.6073333328125 0.205 0.605 0.21025 0.6053333328125 0.23700000000000002 0.608 0.23975 0.619 0.24025 0.6223333328125 0.236
6 0.5956666671875 0.24075000000000002 0.5993333328125 0.23975 0.6003333328125 0.23700000000000002 0.6003333328125 0.21075 0.5993333328125 0.2085 0.5956666671875 0.2065 0.588 0.20750000000000002 0.5853333328125 0.20975000000000002 0.5820000000000001 0.2245 0.5823333328125 0.24 0.5856666671874999 0.24125000000000002 0.5956666671875 0.24075000000000002
6 0.8573333328125001 0.24100000000000002 0.86 0.23975 0.8613333328125 0.23500000000000001 0.8613333328125 0.20825 0.858 0.20600000000000002 0.8496666671875 0.20575000000000002 0.8416666671874999 0.21175000000000002 0.8413333328125001 0.22925 0.8426666671874999 0.23650000000000002 0.8493333328125001 0.24175 0.8573333328125001 0.24100000000000002
6 0.8376666671875 0.23825 0.8393333328124999 0.23650000000000002 0.841 0.2145 0.841 0.21175000000000002 0.8386666671875 0.2085 0.8336666671874999 0.20750000000000002 0.826 0.2085 0.8246666671874999 0.21974999999999997 0.8243333328125001 0.2325 0.8256666671874999 0.23775 0.829 0.23875000000000002 0.8376666671875 0.23825
6 0.7956666671875 0.23900000000000002 0.7973333328125001 0.23650000000000002 0.7986666671875 0.209 0.7943333328125 0.20525000000000002 0.7823333328125 0.20525000000000002 0.78 0.20725 0.7783333328125 0.21200000000000002 0.7783333328125 0.23700000000000002 0.7806666671875 0.24 0.788 0.24175 0.7956666671875 0.23900000000000002
6 0.7626666671875 0.23925000000000002 0.7733333328125 0.23900000000000002 0.776 0.23625 0.7753333328124999 0.2085 0.7716666671875 0.20675 0.7636666671875 0.20625 0.761 0.207 0.759 0.20950000000000002 0.7586666671875 0.21525 0.7556666671875 0.2205 0.758 0.23650000000000002 0.7626666671875 0.23925000000000002
6 0.7526666671875 0.23975 0.754 0.23700000000000002 0.755 0.2125 0.7516666671875 0.207 0.7393333328125 0.20725 0.7356666671875 0.22799999999999998 0.7353333328125 0.23625 0.7373333328125 0.23875000000000002 0.7416666671875001 0.23975 0.7526666671875 0.23975
6 0.7296666671875001 0.2395 0.7323333328125 0.23650000000000002 0.733 0.21175000000000002 0.731 0.20725 0.7283333328125 0.20575000000000002 0.72 0.20575000000000002 0.7176666671875 0.20675 0.7150000000000001 0.21150000000000002 0.7133333328125 0.22025 0.713 0.2325 0.7143333328125 0.2375 0.7166666671875 0.23925000000000002 0.7296666671875001 0.2395
6 0.71 0.23700000000000002 0.7113333328125 0.21675 0.709 0.20775000000000002 0.6966666671875 0.20675 0.6943333328125 0.20975000000000002 0.6923333328125 0.22025 0.6923333328125 0.23975 0.704 0.24125000000000002 0.7086666671875 0.24 0.71 0.23700000000000002
6 0.6883333328125001 0.23650000000000002 0.688 0.20875 0.6853333328125 0.2065 0.6766666671875 0.20625 0.6736666671875 0.20775000000000002 0.673 0.2105 0.673 0.23700000000000002 0.6763333328125001 0.23900000000000002 0.6863333328125 0.23875000000000002 0.6883333328125001 0.23650000000000002
6 0.07466666718750001 0.3915 0.0773333328125 0.38875000000000004 0.0773333328125 0.365 0.074 0.3635 0.0646666671875 0.3625 0.05933333281249999 0.3645 0.061 0.38925 0.0626666671875 0.391 0.0676666671875 0.39225 0.07466666718750001 0.3915
6 0.0993333328125 0.39425 0.10166666718749999 0.39225 0.10166666718749999 0.36425 0.0993333328125 0.3625 0.0897776671875 0.3625 0.0843333328125 0.36124999999999996 0.081 0.36324999999999996 0.08 0.36475 0.081 0.39049999999999996 0.0836666671875 0.393 0.0993333328125 0.39425
6 0.1246666671875 0.392 0.1246666671875 0.36825 0.1233333328125 0.36425 0.10700000000000001 0.36175 0.10300000000000001 0.36475 0.10333333281249998 0.39275000000000004 0.10733333281249999 0.395 0.123 0.39425 0.1246666671875 0.392
6 0.1413333328125 0.39649999999999996 0.1426666671875 0.398 0.15 0.39775 0.1543333328125 0.39249999999999996 0.154 0.37675000000000003 0.15 0.36150000000000004 0.1296666671875 0.36025 0.1266666671875 0.361 0.1256666671875 0.36375 0.1256666671875 0.39225 0.1306666671875 0.39525 0.13544433281249998 0.395 0.1413333328125 0.39649999999999996
6 0.1823333328125 0.39525 0.1926666671875 0.39775 0.1953333328125 0.397 0.1983333328125 0.39249999999999996 0.1983333328125 0.383 0.19766666718749998 0.36875 0.1943333328125 0.36124999999999996 0.193 0.36075 0.186 0.36324999999999996 0.17366666718749998 0.363 0.1716666671875 0.3675 0.173 0.389 0.17466666718749999 0.394 0.17733333281250002 0.3955 0.1823333328125 0.39525
6 0.25666666718750003 0.39475 0.259 0.39249999999999996 0.2576666671875 0.3875 0.2576666671875 0.36524999999999996 0.25 0.36324999999999996 0.24266666718750002 0.36324999999999996 0.24 0.36524999999999996 0.2396666671875 0.38125 0.242 0.39425 0.2436666671875 0.39575 0.25666666718750003 0.39475
6 0.27799999999999997 0.39425 0.28300000000000003 0.39575 0.28500000000000003 0.39249999999999996 0.2836666671875 0.376 0.2846666671875 0.36524999999999996 0.28300000000000003 0.3625 0.2776856671875 0.3630185 0.2713333328125 0.363 0.269 0.37174999999999997 0.2656666671875 0.37675000000000003 0.2656666671875 0.389 0.2683333328125 0.3935 0.271 0.39525 0.27799999999999997 0.39425
6 0.3066666671875 0.393 0.30533333281249997 0.38925 0.30533333281249997 0.36524999999999996 0.29933333281249996 0.36375 0.2903333328125 0.364 0.2873333328125 0.3645 0.2853333328125 0.36775 0.2853333328125 0.38475000000000004 0.28700000000000003 0.39449999999999996 0.3026666671875 0.39625 0.3066666671875 0.393
6 0.327 0.392 0.3246666671875 0.366 0.3213333328125 0.3645 0.31433333281250003 0.36425 0.31033333281250003 0.365 0.3083333328125 0.3675 0.309 0.39375 0.3116666671875 0.39575 0.32599999999999996 0.39525 0.327 0.392
6 0.34900000000000003 0.39625 0.35 0.39375 0.35 0.365 0.3453333328125 0.362 0.33366666718750004 0.3625 0.3303333328125 0.36524999999999996 0.32999999999999996 0.39249999999999996 0.33399999999999996 0.39675 0.3456666671875 0.39825 0.34900000000000003 0.39625
6 0.36866666718749996 0.39649999999999996 0.372 0.39275000000000004 0.3716666671875 0.3655 0.369 0.36275 0.357 0.36275 0.353 0.365 0.3526666671875 0.381 0.3543333328125 0.394 0.3573333328125 0.39725 0.36866666718749996 0.39649999999999996
6 0.43566666718749997 0.39275000000000004 0.43533333281250003 0.36524999999999996 0.43166666718749996 0.36375 0.42133333281249996 0.36375 0.41966666718749995 0.364 0.4183333328125 0.36625 0.418 0.385 0.41966666718749995 0.395 0.43333333281249997 0.39475 0.43566666718749997 0.39275000000000004
6 0.41600000000000004 0.393 0.41566666718749995 0.3685 0.4143333328125 0.365 0.41233333281249995 0.3635 0.4 0.3635 0.3966666671875 0.36675 0.3966666671875 0.39425 0.3993333328125 0.396 0.41233333281249995 0.39725 0.41600000000000004 0.393
6 0.3913333328125 0.39525 0.393 0.39275000000000004 0.3926666671875 0.36475 0.3886666671875 0.363 0.3803333328125 0.363 0.3763333328125 0.36375 0.3743333328125 0.367 0.37466666718749997 0.393 0.377 0.3955 0.3803333328125 0.39625 0.3913333328125 0.39525
6 0.4573333328125 0.39275000000000004 0.457 0.37625000000000003 0.4583333328125 0.369 0.457 0.3655 0.45466666718750004 0.36324999999999996 0.45133333281250004 0.36425 0.44299999999999995 0.364 0.44000000000000006 0.36625 0.44000000000000006 0.39249999999999996 0.44333333281250004 0.3955 0.45499999999999996 0.39525 0.4573333328125 0.39275000000000004
6 0.47866666718750006 0.393 0.47866666718750006 0.3715 0.4766666671875 0.36524999999999996 0.4743333328125 0.3635 0.46266666718750005 0.365 0.462 0.36675 0.4623333328125 0.39325 0.47000000000000003 0.39449999999999996 0.47766666718749995 0.394 0.47866666718750006 0.393
6 0.5003333328124999 0.39275000000000004 0.501 0.3685 0.49766666718749997 0.36475 0.4943333328125 0.36375 0.48566666718749996 0.367 0.485 0.37 0.49000000000000005 0.39425 0.4943333328125 0.39525 0.5003333328124999 0.39275000000000004
6 0.5216666671875 0.39275000000000004 0.522 0.36875 0.5206666671875 0.365 0.5168433328125001 0.36364225 0.5115000000000001 0.364 0.5056666671875 0.3645 0.5043333328124999 0.3665 0.504 0.39275000000000004 0.5056666671875 0.39425 0.5186666671875 0.39475 0.5216666671875 0.39275000000000004
6 0.5423333328125 0.39225 0.5429999999999999 0.3685 0.542 0.36524999999999996 0.5383333328125001 0.36324999999999996 0.529 0.36425 0.5266666671875 0.36524999999999996 0.526 0.3705 0.5256666671875 0.392 0.532 0.39425 0.5406666671875 0.394 0.5423333328125 0.39225
6 0.5846666671875 0.39175 0.585 0.37 0.5836666671875 0.3655 0.58 0.36150000000000004 0.5716666671875 0.363 0.5673333328125 0.365 0.5660000000000001 0.369 0.5656666671874999 0.39249999999999996 0.5690000000000001 0.39425 0.5803333328125 0.39525 0.5846666671875 0.39175
6 0.5626666671875 0.39275000000000004 0.563 0.36524999999999996 0.5606666671875 0.363 0.5563333328125 0.36225 0.5486666671875 0.363 0.5456666671875 0.366 0.5456666671875 0.39249999999999996 0.5516666671875 0.39449999999999996 0.561 0.39375 0.5626666671875 0.39275000000000004
6 0.6056666671875 0.39249999999999996 0.6063333328125 0.36875 0.6053333328125 0.3655 0.599 0.36225 0.5913333328125 0.36375 0.5893333328125 0.365 0.5883333328125 0.368 0.5883333328125 0.39249999999999996 0.5916666671875 0.394 0.603 0.39449999999999996 0.6056666671875 0.39249999999999996
6 0.6463333328124999 0.39375 0.6483333328125 0.3895 0.6483333328125 0.36875 0.6466666671875 0.3655 0.6423333328124999 0.36324999999999996 0.6346666671875 0.364 0.6313333328125 0.365 0.628 0.369 0.6286666671875001 0.39249999999999996 0.6303333328125 0.39375 0.641 0.39449999999999996 0.6463333328124999 0.39375
6 0.6273333328125 0.392 0.626 0.36575 0.6183333328125 0.36324999999999996 0.611 0.3645 0.6096666671875 0.36775 0.6103333328125 0.39225 0.615 0.39425 0.6263333328125 0.3935 0.6273333328125 0.392
6 0.6676666671875 0.38925 0.6683333328125001 0.38125 0.6679999999999999 0.365 0.662 0.3625 0.6573333328125 0.3635 0.6533333328125 0.36524999999999996 0.6526666671875 0.369 0.6519999999999999 0.38849999999999996 0.653 0.39225 0.6656666671875 0.394 0.6676666671875 0.38925
6 0.8348996671875 0.3882985 0.834 0.36124999999999996 0.8301653328124999 0.361356 0.824905 0.36096175 0.8201706671875 0.361356 0.819 0.366 0.819 0.38875000000000004 0.8242036671875 0.38882425 0.8296393328124999 0.38882425 0.8348996671875 0.3882985
6 0.8130000000000001 0.38875000000000004 0.8130000000000001 0.36475 0.8103333328125 0.36225 0.8056173328125 0.36214475 0.8003333328125001 0.36124999999999996 0.7993333328125 0.365 0.7983333328125 0.38849999999999996 0.8019999999999999 0.39049999999999996 0.8109999999999999 0.39 0.8130000000000001 0.38875000000000004
6 0.7929999999999999 0.38875000000000004 0.7933333328125001 0.36425 0.7923333328125 0.36275 0.7875566671875001 0.3617505 0.7806666671875 0.36124999999999996 0.778 0.365 0.7776666671875 0.37124999999999997 0.7773333328125 0.38875000000000004 0.78 0.39125 0.791 0.392 0.7929999999999999 0.38875000000000004
6 0.773 0.389 0.7736666671875 0.36475 0.7723333328125 0.36275 0.764 0.36025 0.7583333328124999 0.36150000000000004 0.755 0.365 0.7543333328124999 0.37124999999999997 0.7536666671875001 0.38125 0.7553333328125 0.39075000000000004 0.771 0.392 0.773 0.389
6 0.7516666671875 0.389 0.752 0.3715 0.7516666671875 0.3645 0.7493333328125 0.36175 0.74 0.36175 0.7383333328125 0.365 0.7376666671875001 0.3725 0.7366666671875 0.38849999999999996 0.74 0.39125 0.7493333328125 0.39125 0.7516666671875 0.389
8 0.120227 0.8176377499999999 0.1253456671875 0.8178207499999999 0.125833 0.82422075 0.1704383328125 0.8229407500000001 0.1697073328125 0.8163577500000001 0.1648323328125 0.81580925 0.1616636671875 0.7806995 0.1677573328125 0.7711905 0.1677573328125 0.7538185000000001 0.12126300000000001 0.754359 0.1216896671875 0.7724705000000001 0.1168146671875 0.7810652499999999 0.120227 0.8176377499999999
8 0.1648323328125 0.8152604999999999 0.16995100000000002 0.8178207499999999 0.16995100000000002 0.8234895 0.2160186671875 0.82220925 0.2143123328125 0.81507775 0.20919366718750002 0.8136147499999999 0.20724399999999998 0.77978525 0.2121186671875 0.77082475 0.2116313328125 0.7527215 0.1684883328125 0.753902 0.1677573328125 0.7700935 0.1606886671875 0.77960225 0.1648323328125 0.8152604999999999
8 0.2101686671875 0.813432 0.2155313328125 0.8152604999999999 0.2160186671875 0.82166075 0.26013633281250004 0.81964925 0.2591613328125 0.8139805000000001 0.2555053328125 0.81288325 0.2523366671875 0.7779564999999999 0.2562366671875 0.76972775 0.2559926671875 0.75217275 0.211753 0.7525310000000001 0.21187499999999998 0.7691790000000001 0.20724399999999998 0.77813925 0.2101686671875 0.813432
8 0.2555053328125 0.8125175 0.2594053328125 0.8139805000000001 0.2603803328125 0.82019775 0.3023043328125 0.818735 0.3020606671875 0.8084944999999999 0.298892 0.8110547499999999 0.2974293328125 0.7777737499999999 0.2993793328125 0.76972775 0.3001106671875 0.75144125 0.2556273328125 0.7518455 0.25696766718749997 0.7682647499999999 0.252824 0.777408 0.2555053328125 0.8125175