7 0.1292293328125 0.011762749999999999 0.0277673328125 0.01730775 0.0418143328125 0.0835475 0.1423603328125 0.077073 0.1292293328125 0.011762749999999999
7 0.23090099999999997 0.0038805 0.130355 0.01035525 0.143486 0.0767915 0.2432813328125 0.06975375 0.23090099999999997 0.0038805
7 0.3325723328125 0 0.290553 0.000221 0.2318006671875 0.00358825 0.2447823328125 0.06975375 0.3442026671875 0.063842 0.3325723328125 0
7 0.4341836671875 0.000438 0.33217566718749997 0 0.3437673328125 0.0637775 0.44318799999999997 0.058992 0.4341836671875 0.000438
7 0.6322946671875 0.0005835 0.5333946671875001 0.00007025 0.538502 0.037742750000000005 0.6356713328125 0.03352025 0.6322946671875 0.0005835
2 0.348587 0.9827935 0.347051 0.98691 0.35034266718749996 0.9916855 0.3529763328125 0.99185 0.3545123328125 0.9953082500000001 0.392917 0.991356 0.392478 0.987898 0.390064 0.98707475 0.3834803328125 0.9531532500000001 0.3854556671875 0.9460725 0.38260266718749997 0.9238424999999999 0.3428813328125 0.9286179999999999 0.3459536671875 0.9440965 0.34375900000000004 0.95743475 0.348587 0.9827935
0 0.30620433281250004 0.30906875 0.307417 0.31316299999999997 0.3047896671875 0.31407275 0.3112566671875 0.3556215 0.314894 0.35926075 0.3157026671875 0.365023 0.3181276671875 0.36638775 0.31994633281249996 0.38049 0.3601623328125 0.37745725 0.3470263328125 0.2961795 0.3084273328125 0.29860575 0.305598 0.2983025 0.3084273328125 0.30876549999999997 0.30620433281250004 0.30906875
0 0.3882526671875 0.29163025 0.3470263328125 0.29420825 0.3599603328125 0.377154 0.40159066718750003 0.37412125 0.3882526671875 0.29163025
0 0.5844196671875 0.296604 0.5904823328125001 0.2934195 0.5959386671875 0.332542 0.590078 0.338456 0.591897 0.34497625 0.5870466671875 0.34664425 0.587653 0.3599885 0.6276666671875 0.3561975 0.62605 0.34558300000000003 0.6319106671875 0.34209524999999996 0.630294 0.33512 0.636963 0.33163225 0.6317086671875 0.2905385 0.6252416671875001 0.28993199999999997 0.6244333328125 0.28644425 0.6199873328125001 0.28644425 0.618977 0.27643625 0.578963 0.27992374999999997 0.5805796671875 0.29205475000000003 0.5844196671875 0.2884155 0.5844196671875 0.296604
0 0.6254436671875 0.29084175 0.632719 0.291145 0.6359523328125001 0.33057075 0.6296876671875 0.33512 0.6315063328125 0.34209524999999996 0.62605 0.34543124999999997 0.628071 0.35589425 0.6678826671875 0.35255825 0.6672763328125 0.3423985 0.6725306671875 0.3378495 0.6711159999999999 0.33178399999999997 0.677583 0.32738649999999997 0.6739453328125 0.28689925 0.666266 0.285686 0.6654576671875 0.28310825 0.6593946671875 0.28174350000000004 0.659597 0.2729485 0.619053 0.27612575 0.619583 0.28553449999999997 0.6246353328125 0.28644425 0.6254436671875 0.29084175
0 0.6670743328125 0.28598925 0.6751576671875 0.2876575 0.6783913328125 0.32662825 0.6713180000000001 0.33163225 0.6719243328125 0.338001 0.666872 0.342247 0.6672763328125 0.3528615 0.7076943328125 0.3495255 0.7062796671875 0.338001 0.7121403328125 0.3352715 0.711534 0.32738649999999997 0.7192133328125 0.3240505 0.7165863328125 0.28250175 0.7062796671875 0.2821985 0.7064816671874999 0.2796205 0.7010253328125 0.27840750000000003 0.7000149999999999 0.26976425000000004 0.6602356671875 0.27252525 0.6600010000000001 0.28189525 0.6660636671875 0.28310825 0.6670743328125 0.28598925
0 0.4625113328125 0.2422505 0.485363 0.23960949999999998 0.480612 0.19418025 0.45647766718750005 0.19535249999999998 0.4625113328125 0.2422505
0 0.4850813328125 0.24007325000000002 0.5064753328125 0.23935825 0.5027353328124999 0.19267275 0.481059 0.19334275 0.4850813328125 0.24007325000000002
0 0.5083219999999999 0.23873324999999998 0.5302686671875 0.23634225 0.525082 0.19099775000000002 0.503629 0.19166775 0.5083219999999999 0.23873324999999998
0 0.5466896671875 0.18783375 0.5244116671875 0.19032775 0.5311153328125 0.23672325 0.5516743328125 0.23521575 0.5466896671875 0.18783375
0 0.599943 0.22717625 0.592936 0.18381225 0.5726803328125001 0.186308 0.5775963328125 0.23220100000000002 0.597932 0.23236849999999998 0.599943 0.22717625
0 0.620055 0.231196 0.6231836671875 0.22751125 0.6180696671875 0.18305825 0.5952503328125001 0.18362799999999999 0.599943 0.22918599999999997 0.597038 0.232871 0.620055 0.231196
0 0.643072 0.229856 0.6470943328125001 0.22449625 0.6401876671875 0.18079625 0.6182673328125 0.18228824999999999 0.6240773328125 0.22650625 0.620055 0.23169849999999997 0.643072 0.229856
6 0.025333332812499998 0.255 0.028999999999999998 0.2575 0.039 0.2555 0.0403333328125 0.2505 0.0363333328125 0.231 0.028999999999999998 0.22925 0.023 0.22974999999999998 0.0203333328125 0.23125 0.0213333328125 0.242 0.0243333328125 0.2475 0.024 0.25225 0.025333332812499998 0.255
6 0.06 0.2515 0.056333332812500005 0.229 0.0533333328125 0.22749999999999998 0.0443333328125 0.22725 0.0406666671875 0.22825 0.0406666671875 0.2375 0.044666667187499995 0.2545 0.0566666671875 0.25525000000000003 0.06 0.2515
6 0.0726666671875 0.25525000000000003 0.078 0.25375000000000003 0.08 0.2515 0.077 0.22749999999999998 0.072 0.22549999999999998 0.064 0.22549999999999998 0.060333332812499994 0.22749999999999998 0.063 0.25225 0.0653333328125 0.2545 0.068 0.25525000000000003 0.0726666671875 0.25525000000000003
6 0.0996666671875 0.252 0.10200000000000001 0.24874999999999997 0.10200000000000001 0.24525000000000002 0.0983333328125 0.22774999999999998 0.096 0.22574999999999998 0.0926666671875 0.225 0.08399999999999999 0.22475 0.0816666671875 0.22599999999999998 0.081 0.22974999999999998 0.0846666671875 0.25175000000000003 0.0946666671875 0.25275 0.0996666671875 0.252
6 0.12166666718750001 0.25 0.122 0.2455 0.119 0.22825 0.1173333328125 0.22475 0.11499999999999999 0.223 0.1116666671875 0.22325 0.10333333281249998 0.2245 0.10133333281250001 0.2265 0.101 0.22925 0.10600000000000001 0.251 0.119 0.25225 0.12166666718750001 0.25
6 0.141 0.25025 0.1433333328125 0.24825 0.1433333328125 0.24625 0.13999999999999999 0.2245 0.13533333281249998 0.22349999999999998 0.1263333328125 0.22349999999999998 0.124 0.2245 0.1233333328125 0.22599999999999998 0.1236666671875 0.23675000000000002 0.126 0.248 0.13 0.251 0.141 0.25025
6 0.1636666671875 0.24700000000000003 0.16399999999999998 0.2415 0.1623333328125 0.22949999999999998 0.1603333328125 0.2245 0.155 0.22225 0.146 0.22225 0.1436666671875 0.22374999999999998 0.14666666718750002 0.24825 0.1503333328125 0.25025 0.1623333328125 0.24874999999999997 0.1636666671875 0.24700000000000003
6 0.2443333328125 0.2455 0.24733333281249997 0.244 0.2483333328125 0.2405 0.24500000000000002 0.21925 0.24333333281249997 0.21725 0.24 0.21625 0.23133333281250001 0.2165 0.22799999999999998 0.21825 0.2276666671875 0.22349999999999998 0.2316666671875 0.244 0.2323333328125 0.24500000000000002 0.2443333328125 0.2455
6 0.2196666671875 0.246 0.227 0.24500000000000002 0.22799999999999998 0.24025 0.2246666671875 0.21925 0.221 0.21749999999999997 0.211 0.21775000000000003 0.2076666671875 0.219 0.207 0.22275 0.2106666671875 0.24425 0.2126666671875 0.2455 0.2196666671875 0.246
6 0.205 0.24700000000000003 0.207 0.24325000000000002 0.2033333328125 0.22075 0.2013333328125 0.219 0.197 0.21825 0.189 0.21825 0.187 0.21974999999999997 0.1863333328125 0.22749999999999998 0.1886666671875 0.244 0.1926666671875 0.24700000000000003 0.205 0.24700000000000003
6 0.176 0.248 0.1816666671875 0.24874999999999997 0.185 0.248 0.186 0.23825 0.1826666671875 0.22275 0.1803333328125 0.221 0.174 0.22000000000000003 0.1673333328125 0.221 0.1656666671875 0.22225 0.16499999999999998 0.225 0.1676666671875 0.24325000000000002 0.1696666671875 0.2485 0.176 0.248
6 0.4453333328125 0.23125 0.44699999999999995 0.22825 0.44299999999999995 0.20425 0.43933333281250003 0.2 0.43600000000000005 0.20175 0.42933333281249997 0.20224999999999999 0.42699999999999994 0.20400000000000001 0.4266666671875 0.20925 0.4296666671875 0.22875 0.4346666671875 0.23125 0.4453333328125 0.23125
6 0.42833333281249997 0.22799999999999998 0.42366666718749996 0.20350000000000001 0.42000000000000004 0.20249999999999999 0.4126666671875 0.20299999999999999 0.4086666671875 0.205 0.40833333281249995 0.2065 0.41200000000000003 0.2305 0.414 0.23125 0.4266666671875 0.2305 0.42833333281249997 0.22799999999999998
6 0.38533333281250004 0.23475000000000001 0.389 0.23224999999999998 0.3883333328125 0.22025 0.3856666671875 0.20950000000000002 0.3843333328125 0.20775000000000002 0.381 0.20675 0.37266666718749997 0.20725 0.369 0.20875 0.36866666718749996 0.21275 0.3723333328125 0.2325 0.376 0.23525000000000001 0.38533333281250004 0.23475000000000001
6 0.40800000000000003 0.23224999999999998 0.4073333328125 0.2205 0.40366666718750005 0.2085 0.40033333281249994 0.20600000000000002 0.389 0.20825 0.3896666671875 0.22149999999999997 0.3923333328125 0.23275 0.4016666671875 0.23325 0.40800000000000003 0.23224999999999998
6 0.366 0.236 0.368 0.23475000000000001 0.36866666718749996 0.23025 0.3653333328125 0.20975000000000002 0.3623333328125 0.2085 0.3563333328125 0.2085 0.352 0.20925 0.35 0.21125 0.3496666671875 0.2165 0.353 0.23575 0.357 0.23725000000000002 0.366 0.236
6 0.34900000000000003 0.22275 0.346 0.21125 0.3416666671875 0.2105 0.333 0.21725 0.33366666718750004 0.23650000000000002 0.3353333328125 0.23725000000000002 0.3493333328125 0.23650000000000002 0.34900000000000003 0.22275
6 0.32799999999999996 0.23775 0.329 0.23199999999999998 0.32599999999999996 0.21749999999999997 0.322 0.215 0.31433333281250003 0.21800000000000003 0.312 0.22025 0.3113333328125 0.22325 0.311 0.22974999999999998 0.31266666718749997 0.23675000000000002 0.31766666718750003 0.23900000000000002 0.32799999999999996 0.23775
6 0.3063333328125 0.23975 0.3086666671875 0.23675000000000002 0.3066666671875 0.21675 0.303 0.2145 0.29533333281249996 0.21375000000000002 0.29300000000000004 0.21425 0.29100000000000004 0.21675 0.2906666671875 0.225 0.2926666671875 0.2375 0.29500000000000004 0.2395 0.3063333328125 0.23975
6 0.28700000000000003 0.22875 0.28300000000000003 0.2165 0.2713333328125 0.21575000000000003 0.2693333328125 0.21775000000000003 0.2713333328125 0.24100000000000002 0.28300000000000003 0.24225 0.28700000000000003 0.24100000000000002 0.28700000000000003 0.22875
6 0.259 0.24325000000000002 0.2663333328125 0.24275000000000002 0.2676666671875 0.24100000000000002 0.267 0.23149999999999998 0.2636666671875 0.21625 0.26033333281250004 0.21525 0.25233333281250003 0.215 0.2483333328125 0.21749999999999997 0.24866666718750002 0.23025 0.252 0.24225 0.2556666671875 0.2445 0.259 0.24325000000000002
6 0.2483333328125 0.35 0.2513333328125 0.35150000000000003 0.2593333328125 0.35125 0.263 0.35 0.26433333281250004 0.34500000000000003 0.26233333281250004 0.3315 0.264 0.32575 0.261 0.32 0.25666666718750003 0.31775000000000003 0.25033333281250003 0.31675 0.24066666718750002 0.319 0.23700000000000002 0.32125 0.23700000000000002 0.3235 0.2436666671875 0.3295 0.246 0.3335 0.2483333328125 0.35
6 0.23775 0.353 0.244 0.35275 0.24666666718750002 0.34975 0.24733333281249997 0.34525 0.24533333281249997 0.33325 0.24300000000000002 0.32799999999999996 0.2396666671875 0.32475 0.2363333328125 0.3235 0.2273333328125 0.32525 0.2253333328125 0.32799999999999996 0.2266666671875 0.34049999999999997 0.23033333281249999 0.35325 0.2323333328125 0.355 0.23775 0.353
6 0.2246666671875 0.35475 0.2266666671875 0.34875 0.22400000000000003 0.32875 0.2196666671875 0.3265 0.20833333281250002 0.3265 0.2053333328125 0.32799999999999996 0.20566666718749999 0.3375 0.2096666671875 0.3545 0.2153333328125 0.3565 0.2246666671875 0.35475
6 0.13999999999999999 0.3625 0.146 0.35975 0.1476666671875 0.35750000000000004 0.145 0.33399999999999996 0.1416666671875 0.33225 0.127 0.33175 0.1253333328125 0.333 0.1253333328125 0.34550000000000003 0.129 0.36025 0.1306666671875 0.36275 0.13999999999999999 0.3625
6 0.122 0.3605 0.124 0.3585 0.1246666671875 0.35475 0.1226666671875 0.33599999999999997 0.119 0.33425 0.10833333281249999 0.33399999999999996 0.10433333281249998 0.33575 0.10466666718749999 0.35350000000000004 0.10700000000000001 0.35950000000000004 0.119 0.36150000000000004 0.122 0.3605
6 0.0763333328125 0.35825 0.0963333328125 0.358 0.0976666671875 0.3545 0.097 0.34750000000000003 0.0936666671875 0.3325 0.092 0.32975 0.0803333328125 0.32625000000000004 0.068 0.32725 0.066 0.32925 0.06833333281250001 0.35325 0.06999999999999999 0.35625 0.0716666671875 0.35750000000000004 0.0763333328125 0.35825
6 0 0.33575 0.0023333328125 0.339 0.0033333328125 0.35 0.0056666671875 0.35775 0.007666667187499999 0.35975 0.011 0.3605 0.023 0.35950000000000004 0.025333332812499998 0.35775 0.025333332812499998 0.35350000000000004 0.0213333328125 0.335 0.018 0.3335 0.0053333328125 0.33175 0 0.3335 0 0.33575
6 0.028999999999999998 0.35950000000000004 0.0443333328125 0.3585 0.0463333328125 0.35724999999999996 0.0463333328125 0.34875 0.041999999999999996 0.32975 0.039333332812499996 0.32775 0.0326666671875 0.3265 0.0286666671875 0.32625000000000004 0.0256666671875 0.3275 0.022333332812500002 0.32999999999999996 0.022333332812500002 0.335 0.027000000000000003 0.35724999999999996 0.028999999999999998 0.35950000000000004
6 0.0523333328125 0.35825 0.065 0.35724999999999996 0.06733333281250001 0.35350000000000004 0.0666666671875 0.34575 0.0646666671875 0.34225 0.062333332812499996 0.32875 0.06 0.3275 0.048 0.327 0.0443333328125 0.329 0.0436666671875 0.3335 0.0466666671875 0.35375 0.048 0.356 0.0523333328125 0.35825
6 0.0216666671875 0.5085 0.0323333328125 0.5065000000000001 0.0333333328125 0.5025000000000001 0.030666667187500003 0.48224999999999996 0.017333332812499998 0.48250000000000004 0.0136666671875 0.48324999999999996 0.012 0.485 0.012 0.49024999999999996 0.015 0.50575 0.0163333328125 0.5075000000000001 0.0216666671875 0.5085
6 0.0513333328125 0.50125 0.0476666671875 0.48250000000000004 0.045 0.48125 0.033 0.48224999999999996 0.033 0.49074999999999996 0.0366666671875 0.506 0.049 0.50575 0.0513333328125 0.50125
6 0.0716666671875 0.5025000000000001 0.0723333328125 0.50075 0.06899999999999999 0.48224999999999996 0.0676666671875 0.48025 0.0653333328125 0.47925000000000006 0.0586666671875 0.47925000000000006 0.0523333328125 0.481 0.0513333328125 0.48250000000000004 0.056333332812500005 0.5037499999999999 0.0626666671875 0.5042500000000001 0.0716666671875 0.5025000000000001
6 0.09066666718750001 0.50175 0.0923333328125 0.497 0.0886666671875 0.47824999999999995 0.08399999999999999 0.47725 0.072 0.479 0.0716666671875 0.48525 0.075 0.502 0.08 0.503 0.09066666718750001 0.50175
6 0.10733333281249999 0.47725 0.10166666718749999 0.47675 0.0916666671875 0.47824999999999995 0.0956666671875 0.50125 0.10700000000000001 0.5005 0.10900000000000001 0.49850000000000005 0.10733333281249999 0.47725
6 0.13033333281249998 0.493 0.1266666671875 0.47750000000000004 0.123 0.47575 0.1186666671875 0.47575 0.11399999999999999 0.47725 0.1106666671875 0.48125 0.11499999999999999 0.49924999999999997 0.1266666671875 0.49924999999999997 0.129 0.49824999999999997 0.13033333281249998 0.493
6 0.16399999999999998 0.49424999999999997 0.1653333328125 0.4915 0.1653333328125 0.48674999999999996 0.162 0.46875 0.1436666671875 0.46799999999999997 0.13799999999999998 0.47050000000000003 0.137 0.475 0.1393333328125 0.49400000000000005 0.1463333328125 0.4965 0.16399999999999998 0.49424999999999997
6 0.236 0.48775 0.23766666718749999 0.48600000000000004 0.23199999999999998 0.46525 0.22400000000000003 0.46299999999999997 0.22000000000000003 0.46675000000000005 0.2193333328125 0.4805 0.22033333281249998 0.48650000000000004 0.22400000000000003 0.489 0.236 0.48775
6 0.2596666671875 0.487 0.2606666671875 0.48624999999999996 0.2596666671875 0.47000000000000003 0.257 0.46541675 0.257 0.46275000000000005 0.2483333328125 0.46025 0.2396666671875 0.46125 0.23700000000000002 0.46275000000000005 0.2346666671875 0.466 0.2343333328125 0.47474999999999995 0.2396666671875 0.48775 0.2443333328125 0.489 0.2596666671875 0.487
6 0.3303333328125 0.48150000000000004 0.335 0.47850000000000004 0.3306666671875 0.45549999999999996 0.3253333328125 0.45325 0.3183333328125 0.4545 0.3156666671875 0.4575 0.3156666671875 0.465 0.3183333328125 0.4805 0.32166666718750003 0.48250000000000004 0.3303333328125 0.48150000000000004
6 0.353 0.479 0.3543333328125 0.47525000000000006 0.354 0.46624999999999994 0.351 0.45375 0.3466666671875 0.45199999999999996 0.3376666671875 0.4525 0.3346666671875 0.45375 0.333 0.45499999999999996 0.3363333328125 0.47874999999999995 0.3376666671875 0.48 0.353 0.479
6 0.3723333328125 0.477 0.3736666671875 0.47375 0.37033333281249997 0.4525 0.36833333281249997 0.45125000000000004 0.36266666718749996 0.45099999999999996 0.354 0.45275 0.3526666671875 0.45549999999999996 0.3566666671875 0.47824999999999995 0.366 0.47850000000000004 0.3723333328125 0.477
6 0.3883333328125 0.47525000000000006 0.39 0.47424999999999995 0.389 0.45099999999999996 0.38 0.45025000000000004 0.373 0.45149999999999996 0.37533333281250003 0.47424999999999995 0.377 0.47625 0.37933333281250003 0.4765 0.3883333328125 0.47525000000000006
6 0.4106666671875 0.47450000000000003 0.41233333281249995 0.46275000000000005 0.41100000000000003 0.4545 0.40833333281249995 0.4485 0.40599999999999997 0.44749999999999995 0.3996666671875 0.44725000000000004 0.394 0.44825 0.3906666671875 0.45025000000000004 0.3916666671875 0.46449999999999997 0.394 0.47350000000000003 0.396 0.47525000000000006 0.4106666671875 0.47450000000000003
6 0.5176666671875 0.46525 0.5213333328124999 0.46299999999999997 0.5196666671875 0.44325000000000003 0.518 0.43949999999999995 0.5136666671875 0.43775000000000003 0.509 0.43775000000000003 0.5026666671875 0.43949999999999995 0.501 0.4415 0.501 0.449 0.504 0.46299999999999997 0.5056666671875 0.46575 0.5176666671875 0.46525
6 0.5013333328125 0.4665 0.5023333328125 0.461 0.5 0.4425 0.49766666718749997 0.4405 0.4893333328125 0.44075 0.48566666718749996 0.442 0.485 0.44475 0.48733333281249996 0.4655 0.48966666718749996 0.46725000000000005 0.5013333328125 0.4665
6 0.48266666718750006 0.46825 0.4846666671875 0.46675000000000005 0.4836666671875 0.44299999999999995 0.479 0.44075 0.47000000000000003 0.44000000000000006 0.46666666718750005 0.44175000000000003 0.465 0.44475 0.4643333328125 0.45175 0.4676666671875 0.46699999999999997 0.47066666718750005 0.46950000000000003 0.48266666718750006 0.46825
6 0.628 0.45625 0.6326666671875001 0.45525000000000004 0.634 0.45099999999999996 0.6313333328125 0.42975 0.619 0.42874999999999996 0.613 0.43150000000000005 0.6113333328125 0.43600000000000005 0.6113333328125 0.44975 0.614 0.4545 0.6186666671875 0.45625 0.628 0.45625
6 0.6466666671875 0.4535 0.6503333328124999 0.45099999999999996 0.6476666671875 0.42824999999999996 0.6463333328124999 0.42725 0.642 0.42699999999999994 0.6346666671875 0.429 0.6336666671875 0.43125 0.6346666671875 0.45225 0.638 0.4545 0.6466666671875 0.4535
6 0.666 0.45225 0.6673333328125 0.45075000000000004 0.6676666671875 0.44525 0.6656666671875 0.42774999999999996 0.662 0.4245 0.6543333328125 0.4255 0.65 0.42750000000000005 0.6496666671875 0.43200000000000005 0.653 0.45099999999999996 0.657 0.45275 0.666 0.45225
6 0.7213333328125 0.44725000000000004 0.7236666671875 0.4445 0.724 0.4415 0.72 0.4215 0.717 0.42000000000000004 0.705 0.42074999999999996 0.6983333328125 0.42374999999999996 0.6983333328125 0.43550000000000005 0.7023333328125 0.4465 0.7086666671875 0.4485 0.7213333328125 0.44725000000000004
6 0.732 0.44625000000000004 0.7406666671875 0.4455 0.7433333328125 0.44375 0.744 0.44075 0.7413333328125 0.41925 0.74 0.418 0.7283333328125 0.41900000000000004 0.725 0.42000000000000004 0.7226666671875 0.42275 0.7230000000000001 0.43574999999999997 0.7266666671875 0.4445 0.7283333328125 0.44575 0.732 0.44625000000000004
6 0.078 0.6385 0.0796666671875 0.636 0.08 0.63075 0.077 0.61375 0.076 0.61275 0.065 0.6125 0.062333332812499996 0.6134999999999999 0.061 0.616 0.0606666671875 0.62025 0.0646666671875 0.638 0.068 0.64 0.078 0.6385
6 0.092 0.63725 0.0993333328125 0.6355000000000001 0.0986666671875 0.627 0.09769433281249999 0.6229709999999999 0.0956666671875 0.61475 0.0943333328125 0.61125 0.092 0.61 0.0846666671875 0.61075 0.079 0.6134999999999999 0.0783333328125 0.61975 0.0816666671875 0.63475 0.08333333281250001 0.63725 0.092 0.63725
6 0.11699999999999999 0.63475 0.119 0.63 0.11699999999999999 0.62725 0.1176666671875 0.62275 0.11499999999999999 0.6092500000000001 0.10300000000000001 0.60825 0.0983333328125 0.61075 0.0976666671875 0.61275 0.09733333281249999 0.61525 0.10233333281250001 0.63525 0.10633333281249999 0.636 0.11699999999999999 0.63475
6 0.1376666671875 0.63 0.13233333281249998 0.60775 0.1226666671875 0.60625 0.119 0.60725 0.11699999999999999 0.60975 0.121 0.633 0.1236666671875 0.63425 0.136 0.632 0.1376666671875 0.63
6 0.1533333328125 0.63075 0.1553333328125 0.62675 0.1546666671875 0.6144999999999999 0.1523333328125 0.60825 0.145 0.60575 0.1383333328125 0.607 0.13633333281249999 0.60975 0.1376666671875 0.6224999999999999 0.13999999999999999 0.631 0.1433333328125 0.6327499999999999 0.1533333328125 0.63075
6 0.1633333328125 0.6305 0.174 0.6287499999999999 0.1756666671875 0.62675 0.17266666718749998 0.62225 0.1706666671875 0.6052500000000001 0.16999999999999998 0.6045 0.1653333328125 0.605 0.1613333328125 0.6035 0.158 0.6042500000000001 0.1556666671875 0.6065 0.1553333328125 0.612 0.159 0.629 0.1613333328125 0.6305 0.1633333328125 0.6305
6 0.1963333328125 0.62275 0.193 0.60275 0.1893333328125 0.6014999999999999 0.1806666671875 0.602 0.17633333281250002 0.603 0.17466666718749999 0.6052500000000001 0.178 0.62775 0.1823333328125 0.629 0.1946666671875 0.627 0.1963333328125 0.62275
6 0.213 0.62675 0.2146666671875 0.6245 0.215 0.621 0.211 0.5995 0.20866666718750002 0.5985 0.1993333328125 0.5995 0.197 0.6 0.1943333328125 0.60225 0.194 0.6075 0.1983333328125 0.62675 0.20099999999999998 0.62775 0.213 0.62675
6 0.221 0.626 0.2326666671875 0.62375 0.2336666671875 0.623 0.23333333281250002 0.614 0.23133333281250001 0.59925 0.2286666671875 0.5974999999999999 0.22033333281249998 0.5974999999999999 0.2156666671875 0.59875 0.2133333328125 0.6012500000000001 0.2126666671875 0.6035 0.21433333281250003 0.614 0.2176666671875 0.6247499999999999 0.221 0.626
6 0.32799999999999996 0.612 0.32799999999999996 0.60675 0.3263333328125 0.5962500000000001 0.32366666718750003 0.5905 0.31766666718750003 0.589 0.3086666671875 0.5915 0.31033333281250003 0.61525 0.315 0.61675 0.3266666671875 0.615 0.32799999999999996 0.612
6 0.3063333328125 0.61675 0.308 0.61525 0.308 0.60975 0.306 0.591 0.302 0.58975 0.2893333328125 0.59225 0.2886666671875 0.597 0.2923333328125 0.6174999999999999 0.29533333281249996 0.61875 0.3063333328125 0.61675
6 0.2876666671875 0.619 0.28900000000000003 0.614 0.28700000000000003 0.5934999999999999 0.28300000000000003 0.59225 0.275 0.5925 0.2713333328125 0.59375 0.27 0.59575 0.271 0.61175 0.273 0.619 0.275 0.62025 0.2876666671875 0.619
6 0.2706666671875 0.619 0.2693333328125 0.616 0.2676666671875 0.59525 0.2636666671875 0.5934999999999999 0.2556666671875 0.59425 0.2526666671875 0.5955 0.2506666671875 0.59825 0.252 0.611 0.255 0.62175 0.2676666671875 0.6214999999999999 0.2706666671875 0.619
6 0.24900000000000003 0.62275 0.251 0.62 0.24933333281249997 0.59575 0.248 0.5945 0.24533333281249997 0.5945 0.236 0.5962500000000001 0.233 0.59775 0.23199999999999998 0.60375 0.23566666718749998 0.62275 0.23900000000000002 0.624 0.24900000000000003 0.62275
6 0.3803333328125 0.61075 0.383 0.608 0.381 0.58375 0.377 0.583 0.369 0.58375 0.36466666718749996 0.5862499999999999 0.365 0.59675 0.3676666671875 0.61125 0.37266666718749997 0.61225 0.3803333328125 0.61075
6 0.4016666671875 0.60675 0.3986666671875 0.5825 0.397 0.58125 0.3946666671875 0.58125 0.38533333281250004 0.5820000000000001 0.383 0.5835 0.3856666671875 0.60875 0.388 0.61 0.4 0.60875 0.4016666671875 0.60675
6 0.41633333281249996 0.58 0.404 0.5805 0.4016666671875 0.5825 0.40433333281249995 0.607 0.41966666718749995 0.60725 0.4183333328125 0.5862499999999999 0.41633333281249996 0.58
6 0.4376666671875 0.60475 0.43933333281250003 0.60375 0.43933333281250003 0.5995 0.4376666671875 0.5832499999999999 0.43600000000000005 0.5782499999999999 0.433 0.577 0.42533333281249996 0.57675 0.4216666671875 0.57725 0.41900000000000004 0.579 0.4216666671875 0.605 0.4233333328125 0.6065 0.4263333328125 0.6065 0.4376666671875 0.60475
6 0.47366666718749995 0.60075 0.4743333328125 0.59875 0.47066666718750005 0.57625 0.46666666718750005 0.575 0.45499999999999996 0.57575 0.45899999999999996 0.601 0.462 0.60225 0.47133333281249995 0.602 0.47366666718749995 0.60075
6 0.492 0.5995 0.4926666671875 0.59525 0.49066666718749996 0.58025 0.4883333328125 0.57375 0.481 0.5730000000000001 0.4743333328125 0.5735 0.472 0.57475 0.47466666718750006 0.5835 0.4766666671875 0.5995 0.4783333328125 0.601 0.492 0.5995
6 0.5096666671875 0.5980000000000001 0.5116666671875 0.595 0.5103333328125 0.5925 0.5076666671875001 0.57225 0.506 0.57125 0.49133333281249997 0.572 0.49066666718749996 0.57625 0.49633333281249997 0.5974999999999999 0.49766666718749997 0.5985 0.5096666671875 0.5980000000000001
6 0.5163333328124999 0.5972500000000001 0.528 0.5965 0.5293333328125 0.59575 0.5286666671875 0.58775 0.5253333328124999 0.5705 0.5133333328125 0.56975 0.5096666671875 0.571 0.509 0.5725 0.5116666671875 0.5820000000000001 0.5133333328125 0.59575 0.5163333328124999 0.5972500000000001
6 0.564 0.59275 0.5650000000000001 0.5902499999999999 0.562 0.568 0.5596666671875 0.5667500000000001 0.5519999999999999 0.5660000000000001 0.5433333328125001 0.5685 0.5446666671875 0.58175 0.5506666671875 0.59225 0.5523333328125 0.59325 0.564 0.59275
6 0.5826666671875 0.5915 0.5833333328125 0.587 0.58 0.567 0.577 0.56525 0.571 0.56475 0.5676666671875 0.56475 0.5636666671875 0.5667500000000001 0.563 0.5695 0.5663333328125 0.5795 0.5673333328125 0.59175 0.5826666671875 0.5915
6 0.5993333328125 0.5900000000000001 0.6013333328125 0.588 0.6013333328125 0.5862499999999999 0.5993333328125 0.56775 0.5973333328125 0.5645 0.5956666671875 0.5635 0.5846666671875 0.56325 0.5823333328125 0.5655 0.5833333328125 0.5805 0.5853333328125 0.5894999999999999 0.5876666671875 0.59075 0.5993333328125 0.5900000000000001
6 0.6066666671875 0.589 0.6186666671875 0.588 0.62 0.58175 0.6166666671875001 0.5627500000000001 0.6153333328125 0.56175 0.6096666671875 0.56175 0.6033333328125 0.562 0.6 0.56325 0.5986666671875 0.5645 0.6026666671875 0.57525 0.6036666671875001 0.58775 0.6066666671875 0.589
6 0.6343333328125 0.5622499999999999 0.6326666671875001 0.5605 0.629 0.5599999999999999 0.6196666671875 0.5605 0.618 0.5625 0.623 0.58775 0.636 0.5865 0.6383333328125 0.58275 0.6343333328125 0.5622499999999999
6 0.744 0.577 0.7453333328125 0.576 0.7453333328125 0.57125 0.7436666671875 0.5547500000000001 0.7376666671875001 0.55175 0.7273333328125 0.55225 0.7266666671875 0.55725 0.7303333328125 0.57625 0.732 0.5775 0.744 0.577
6 0.7246666671875001 0.5559999999999999 0.7206666671875 0.553 0.7126666671875 0.55275 0.7096666671875 0.5549999999999999 0.7123333328125 0.57925 0.7243333328125 0.5795 0.727 0.576 0.7246666671875001 0.5559999999999999
6 0.6950000000000001 0.58 0.6993333328125 0.58075 0.7096666671875 0.58 0.7110000000000001 0.575 0.7083333328125 0.5549999999999999 0.7056666671875 0.55375 0.6966666671875 0.5545 0.6910000000000001 0.557 0.6906666671874999 0.5605 0.693 0.56575 0.693 0.5755 0.6950000000000001 0.58
6 0.6773333328125 0.5825 0.6910000000000001 0.5815 0.6933333328125 0.58 0.692 0.564 0.6886666671875 0.55725 0.6856666671875 0.55525 0.6773333328125 0.55575 0.6743333328125 0.55725 0.6726666671875 0.5599999999999999 0.6723333328125001 0.56525 0.6736666671875 0.56775 0.6746666671875 0.5805 0.6773333328125 0.5825
6 0.6613333328125 0.58375 0.673 0.5832499999999999 0.6736666671875 0.5795 0.6703333328125 0.5595 0.6663333328125 0.5575 0.662 0.557 0.6559999999999999 0.5589999999999999 0.6553333328125001 0.56425 0.6566666671875 0.57775 0.6583333328125 0.5822499999999999 0.6613333328125 0.58375
6 0.654 0.58575 0.6563333328125001 0.58375 0.654 0.56025 0.6476666671875 0.5585 0.6343333328125 0.56025 0.637 0.564 0.6403333328125 0.585 0.6423333328124999 0.5862499999999999 0.654 0.58575
7 0.43408933281250006 0 0.4415483328125 0.0434745 0.5372993328125 0.037748500000000004 0.535218 0 0.43408933281250006 0
10 0.5726846671875 0.22809025 0.5701073328125 0.19892375 0.56753 0.19473400000000002 0.5484136671875001 0.19618425 0.5518500000000001 0.23501924999999999 0.571611 0.2340525 0.5726846671875 0.22809025
10 0.3125956671875 0.35792725000000003 0.3062896671875 0.320081 0.28528733281249996 0.32174925 0.2883893328125 0.34754999999999997 0.2914406671875 0.35914799999999997 0.3125956671875 0.35792725000000003
10 0.5625396671875 0.3393545 0.5865426671875 0.33752325 0.587356 0.33187675 0.5841016671875 0.3045605 0.5822706671875 0.3002875 0.5601496671875 0.30191625 0.561726 0.30532349999999997 0.5649806671875 0.33187675 0.5625396671875 0.3393545
0 0.42055233281250004 0.350866 0.412978 0.30779 0.41212299999999996 0.30779 0.41163433281249995 0.32437900000000003 0.3948976671875 0.32227100000000003 0.3999066671875 0.36158925000000003 0.421652 0.36094750000000003 0.42055233281250004 0.350866
0 0.43545633281249996 0.299908 0.4315473328125 0.30064125 0.4331353328125 0.32419549999999997 0.418842 0.323279 0.4185976671875 0.31768825 0.4158183328125 0.314521 0.42152966718749996 0.360581 0.44376366718750004 0.35874799999999996 0.43545633281249996 0.299908
0 0.46477599999999997 0.34894125 0.46550900000000006 0.3478415 0.45988933281250005 0.30843175 0.4576903328125 0.30916475 0.4578126671875 0.312556 0.45659099999999997 0.3192465 0.44242 0.31640524999999997 0.44522966718749996 0.31063125 0.4444966671875 0.30779 0.4415646671875 0.30549875000000004 0.44119833281250004 0.30192450000000004 0.447795 0.2992665 0.436281 0.29974675 0.4443746671875 0.35865625 0.46550900000000006 0.35682325000000004 0.46477599999999997 0.34894125
0 0.46648633281249996 0.35609 0.4874986671875 0.355082 0.4873766671875 0.34710825 0.487621 0.34490875 0.4834673328125 0.3098065 0.46086666718749997 0.30833625 0.4659976671875 0.3454585 0.46550900000000006 0.34894125 0.46648633281249996 0.35609
0 0.48878133281249997 0.35453325 0.5105266671875001 0.35315850000000004 0.509916 0.34600975 0.511382 0.3434435 0.506251 0.3055 0.5038076671875 0.30714975 0.500387 0.30944099999999997 0.4970886671875 0.312099 0.49635566718749996 0.3148485 0.49550033281249994 0.3185145 0.4919576671875 0.31998075 0.4893923328125 0.31686475000000003 0.48865933281249996 0.307608 0.485147 0.30959625 0.48975866718749994 0.34197700000000003 0.488415 0.34472675 0.48878133281249997 0.35453325
0 0.511504 0.352792 0.5326386671875001 0.35114225 0.53215 0.34362675 0.5334936671875 0.341244 0.5320276671874999 0.32438 0.5135810000000001 0.32016425000000004 0.5112596671875 0.30320874999999997 0.5071366671875001 0.30558775 0.5119926671874999 0.34096899999999997 0.5104046671875 0.34536825000000004 0.511504 0.352792
0 0.5342266671875 0.35114225 0.5553613328125 0.3494925 0.5547503328125 0.34206875000000003 0.555972 0.340144 0.5508409999999999 0.298168 0.546199 0.29835124999999996 0.5465653328125 0.3140235 0.547787 0.31594825000000004 0.549986 0.319431 0.5371586671874999 0.32438 0.5332493328125001 0.3243705 0.5349596671875 0.340144 0.532883 0.34326025 0.5342266671875 0.35114225
1 0.7828446671875 0.9044017500000001 0.705771 0.91190675 0.7080446671875 0.9460205 0.7860276671875 0.9383447500000001 0.7828446671875 0.9044017500000001
5 0.411237 0.9826612499999999 0.401922 0.944604 0.3850873328125 0.94611575 0.3832916671875 0.95293975 0.389689 0.9845135 0.411237 0.9826612499999999
5 0.42436766718749996 0.9424149999999999 0.4020623328125 0.9446427500000001 0.4115736671875 0.982072 0.43143833281250005 0.98005125 0.42436766718749996 0.9424149999999999
5 0.2007853328125 0.8466885 0.17979 0.849283 0.1868083328125 0.88657075 0.20807233281249998 0.8839717500000001 0.2007853328125 0.8466885
5 0.22312466718750001 0.8445375 0.200845 0.84681925 0.20759466718750003 0.8835235000000001 0.229217 0.8815517500000001 0.22312466718750001 0.8445375
5 0.2442693328125 0.84247625 0.22264666718749998 0.8443552499999999 0.22933666718749998 0.8810140000000001 0.2508396671875 0.87931125 0.2442693328125 0.84247625
5 0.265892 0.8397875000000001 0.2445976671875 0.8423394999999999 0.25131766718750004 0.87886325 0.27186499999999997 0.876981 0.265892 0.8397875000000001
5 0.28739499999999996 0.8371885000000001 0.2659516671875 0.8395395000000001 0.2719843328125 0.8766225000000001 0.2932486671875 0.8748302499999999 0.28739499999999996 0.8371885000000001
5 0.3079126671875 0.83481625 0.2874546671875 0.8371875 0.29274100000000003 0.87281625 0.314005 0.871024 0.3079126671875 0.83481625
5 0.3278626671875 0.8328445 0.3077633328125 0.83472375 0.314005 0.8703965 0.3338356671875 0.8687832500000001 0.3278626671875 0.8328445
5 0.398345 0.82538925 0.377081 0.8271817499999999 0.3819786671875 0.86365825 0.40264566718749994 0.86186575 0.398345 0.82538925
5 0.4173393328125 0.82287975 0.3982553328125 0.8252039999999999 0.401929 0.86141775 0.42164 0.8599837499999999 0.4173393328125 0.82287975
5 0.4375283328125 0.82126675 0.41766800000000004 0.82341225 0.42116233281250004 0.86061125 0.442546 0.85953575 0.4375283328125 0.82126675
5 0.45843433281249996 0.8191157499999999 0.43812566718749996 0.8213962499999999 0.442307 0.85890825 0.462735 0.8573847499999999 0.45843433281249996 0.8191157499999999
5 0.4792206671875 0.81649525 0.45843433281249996 0.8188202499999999 0.462735 0.857005 0.48232666718750006 0.855302 0.4792206671875 0.81649525
5 0.499529 0.81470275 0.47934 0.8163565 0.48256566718749994 0.854137 0.503352 0.8523445000000001 0.499529 0.81470275
5 0.519718 0.8126415 0.49935 0.8145645 0.503352 0.8523445000000001 0.5244966671875 0.850821 0.519718 0.8126415
5 0.6277713328125001 0.8012195 0.6081796671874999 0.80319125 0.611644 0.8387715 0.6324303328124999 0.83706875 0.6277713328125001 0.8012195
5 0.6472436671875 0.79987525 0.6283686671875001 0.8011250000000001 0.632072 0.836979 0.6513053328125 0.8358140000000001 0.6472436671875 0.79987525
5 0.6676713328125 0.7976345 0.6479303328125 0.79955725 0.6510663328125 0.8359932499999999 0.672689 0.8340215000000001 0.6676713328125 0.7976345
5 0.6885773328125 0.7954835 0.6679403328125 0.79742925 0.672689 0.8340215000000001 0.6919223328124999 0.83204975 0.6885773328125 0.7954835
5 0.7085573328125 0.79353625 0.6888460000000001 0.79541325 0.6923103328125 0.8320740000000001 0.7124993328125 0.83010225 0.7085573328125 0.79353625
5 0.7282683328124999 0.7916540000000001 0.708408 0.7932855 0.7120216671875 0.8297437499999999 0.7324496671875 0.8277720000000001 0.7282683328124999 0.7916540000000001
5 0.7473823328125 0.7894135 0.7282683328124999 0.7913815 0.732569 0.8283995000000001 0.7523996671875001 0.82669675 0.7473823328125 0.7894135
5 0.7687660000000001 0.7872625 0.7478303328125 0.7892534999999999 0.7520413328125 0.8258005 0.7719913328125 0.8236494999999999 0.7687660000000001 0.7872625