0 0.7086963328125 0.10740025 0.7173903328125 0.10063525 0.7156193328125 0.144004 0.7067643328125001 0.15294375 0.7059593328125 0.160192 0.7000023328125 0.16574899999999998 0.6995193328125 0.17952075 0.740735 0.17976224999999998 0.74154 0.16707775 0.747497 0.16140000000000002 0.74798 0.15342675 0.756996 0.1455745 0.75925 0.103293 0.750073 0.10232650000000001 0.7503949999999999 0.10051449999999999 0.745404 0.10027275 0.745082 0.09435325 0.7041223328124999 0.093777 0.7029003328125001 0.1054675 0.7088573328125001 0.1011185 0.7086963328125 0.10740025
0 0.7491920000000001 0.10224074999999999 0.759013 0.1029655 0.758047 0.143986 0.747582 0.15280475 0.7488699999999999 0.16017375 0.741464 0.16669725 0.740498 0.17938175 0.7817136671875 0.17974425 0.7817136671875 0.16783625 0.7907296671874999 0.15950075 0.7920176671875 0.1521315 0.8016773328125 0.14331275000000002 0.8031263328125 0.10236 0.7868656671875 0.10163525 0.7873486671875 0.099219 0.7846116671875001 0.09946075 0.7847726671874999 0.09487025 0.7451836671875001 0.093928 0.745328 0.09970375000000001 0.7491920000000001 0.1005495 0.7491920000000001 0.10224074999999999
0 0.7873319999999999 0.10227875 0.804013 0.10256325 0.8023070000000001 0.14238825 0.7915023328124999 0.15120675 0.7905543328125 0.15945625000000002 0.7829723328125 0.16770575000000001 0.7820243328125 0.179511 0.8225893328125 0.1792265 0.8229683328125 0.16770575000000001 0.832067 0.161163 0.8324463328125 0.15177575000000001 0.8356686671875 0.14480625 0.8434403328125001 0.144664 0.8459046671875001 0.100572 0.8271386671875 0.10014525 0.8271386671875 0.09516725000000001 0.7847006671875 0.09405875 0.7837303328125 0.09914975000000001 0.7873319999999999 0.09914975000000001 0.7873319999999999 0.10227875
0 0.6191016671875 0 0.5950106671875 0.0002255 0.594059 0.0333045 0.6170983328124999 0.034055999999999996 0.6191016671875 0
0 0.6425486671875 0.000283 0.6193489999999999 0.00003475 0.6175430000000001 0.033494750000000004 0.6405109999999999 0.0337725 0.6425486671875 0.000283
0 0.6657016671875 0.000144 0.6425023328125 0 0.6410666671875 0.0337725 0.6632939999999999 0.0339115 0.6657016671875 0.000144
0 0.6892253328125 0.00042199999999999996 0.6661186671875 0 0.6636643328125 0.03307775 0.6862619999999999 0.033494750000000004 0.6892253328125 0.00042199999999999996
0 0.7380326671875 0.0005635 0.7133510000000001 0 0.7108043328125 0.03335825 0.7345133328125 0.03516475 0.7380326671875 0.0005635
0 0.7385883328125 0 0.7348836671875 0.03363625 0.7595186671875 0.034331 0.762112 0 0.7385883328125 0
0 0.7865616671875 0.000007499999999999999 0.7622043328125 0 0.7593333328125 0.03488675 0.782672 0.0358595 0.7865616671875 0.000007499999999999999
0 0.4225673328125 0.17611575 0.465359 0.177177 0.46518233281250004 0.08856125000000001 0.4221696671875 0.08772725 0.42168333281250003 0.09532675 0.42239066718749996 0.139104 0.4225673328125 0.17611575
0 0.5090346671875 0.15157375 0.5093883328125 0.148788 0.5097419999999999 0.084714 0.46527066718750004 0.08358299999999999 0.4662433328125 0.17279925000000002 0.5092116671875 0.17332975 0.5090346671875 0.15157375
0 0.5325083328125 0.10179324999999999 0.527911 0.11731425 0.510582 0.11391949999999999 0.5100516671875 0.14649925 0.5326850000000001 0.1463665 0.5325083328125 0.10179324999999999
0 0.5554956671875 0.14676450000000002 0.556026 0.09847675 0.5524896671875 0.0982115 0.5496603328125 0.118641 0.53799 0.118641 0.5353376671875 0.1066255 0.5340996671875 0.1044465 0.5333923328125 0.14610125000000002 0.5554956671875 0.14676450000000002
0 0.580251 0.10683424999999999 0.57919 0.10670175 0.5788363328125 0.11068150000000002 0.5733550000000001 0.1179775 0.562038 0.11253874999999999 0.5639833328125 0.10723225 0.5636296671875 0.09768099999999999 0.5576616671875 0.09767375 0.5567333328124999 0.1459685 0.5797206671875 0.14610125000000002 0.580251 0.10683424999999999
0 0.604476 0.10922225 0.582417 0.10728850000000001 0.5811353328125 0.14570325 0.6032383328125 0.146897 0.604476 0.10922225
0 0.6302926671875 0.10630375 0.6228659999999999 0.1102835 0.6179146671875 0.1133345 0.6159696671875 0.11665099999999999 0.6140246671875 0.12036549999999999 0.6101343328125 0.1187735 0.6104879999999999 0.1074975 0.6060676671875 0.10894625 0.6041223328124999 0.14676450000000002 0.6265793328125 0.1479585 0.6302926671875 0.10630375
0 0.653987 0.129519 0.633829 0.12129399999999999 0.6332986671875 0.10590574999999999 0.631707 0.106957 0.6285243328125001 0.14676450000000002 0.6513346671875 0.14742775 0.653987 0.129519
0 0.6734376671875 0.14782575 0.6759133328125 0.10351775 0.670078 0.10391575 0.670078 0.12421249999999999 0.6573466671875 0.13018225 0.6548713328125 0.1296515 0.6523956671875 0.146897 0.6734376671875 0.14782575
5 0.23901699999999998 0.643003 0.21657366718749999 0.643193 0.2180583328125 0.6813515 0.24029766718749998 0.68082725 0.23901699999999998 0.643003
5 0.2616056671875 0.64256625 0.23898766718750003 0.642429 0.240414 0.680478 0.2612563328125 0.68021575 0.2616056671875 0.64256625
5 0.2820986671875 0.642042 0.2615476671875 0.6422105 0.26102366718750003 0.68021575 0.28233166718749997 0.6801285 0.2820986671875 0.642042
5 0.303989 0.66973325 0.3028246671875 0.6680735 0.302126 0.66475425 0.3020096671875 0.66108525 0.3044546671875 0.654621 0.3038726671875 0.6414305 0.28163299999999997 0.6414465 0.282448 0.6795169999999999 0.3043383328125 0.67899275 0.303989 0.66973325
5 0.3027083328125 0.65846475 0.3017766671875 0.66021175 0.301893 0.663269 0.301893 0.6643172500000001 0.3043383328125 0.66824825 0.303989 0.679255 0.32553 0.6783815 0.32553 0.6672 0.325297 0.66615175 0.324482 0.6633565 0.32436566718750004 0.65994975 0.3254133328125 0.65636825 0.3258793328125 0.64134325 0.30419266718750004 0.6413372500000001 0.304222 0.6498165 0.3035233328125 0.65514525 0.3027083328125 0.65846475
5 0.32404533281250003 0.66062675 0.32486033281250004 0.662898 0.325326 0.6649944999999999 0.32579199999999997 0.677486 0.3457026671875 0.6773987499999999 0.3461683328125 0.64027325 0.3267233328125 0.64079725 0.3259083328125 0.65617175 0.32474400000000003 0.658006 0.32404533281250003 0.66062675
5 0.345819 0.6630725 0.3464013328125 0.6768745 0.366312 0.67731125 0.366545 0.6398365 0.3477113328125 0.64024575 0.3461683328125 0.64018575 0.3459356671875 0.6509305000000001 0.345819 0.6630725
5 0.43605799999999995 0.675979 0.436524 0.63876625 0.41835966718749995 0.63902825 0.41684599999999994 0.63929025 0.41533233281250004 0.675979 0.43605799999999995 0.675979
5 0.45631833281249995 0.638679 0.43649466718749996 0.63882675 0.43617466718750003 0.6756297499999999 0.4564346671875 0.6756297499999999 0.45631833281249995 0.638679
5 0.478878 0.65584325 0.478878 0.658988 0.4774806671875 0.6623075 0.4773643328125 0.6758474999999999 0.4978573328125 0.6755855000000001 0.4973916671875 0.6650155 0.49832299999999996 0.6624822499999999 0.49890533281250005 0.66012375 0.4987886671875 0.657503 0.4973916671875 0.65435825 0.497508 0.6381105 0.4784123328125 0.63860825 0.4779466671875 0.6519125 0.4787616671875 0.65383425 0.478878 0.65584325
5 0.49832299999999996 0.65470775 0.49867233281249995 0.6563675 0.499604 0.6588135 0.49890533281250005 0.66099725 0.4976243328125 0.66370525 0.49832299999999996 0.6752360000000001 0.5176516671875 0.6752360000000001 0.5170693328125 0.66519025 0.518001 0.66422925 0.5188159999999999 0.6617835000000001 0.5193983328125 0.659949 0.519864 0.65706625 0.5193983328125 0.655494 0.518583 0.6519125 0.5191653328125 0.63767375 0.499371 0.63819775 0.4976243328125 0.63793575 0.497508 0.652524 0.49832299999999996 0.65470775
5 0.520446 0.65479525 0.5211446671875 0.65977425 0.5175353328125001 0.66431675 0.518583 0.67444975 0.5386103328125 0.67444975 0.538261 0.66615125 0.5383776671875 0.663181 0.538494 0.66099725 0.539542 0.65741575 0.5394253328125 0.655494 0.5386103328125 0.65138825 0.5402406671875 0.63758625 0.5195146671875001 0.6378485 0.5188159999999999 0.651039 0.5202133328125 0.6533100000000001 0.520446 0.65479525
5 0.539309 0.651039 0.5400076671875 0.65383425 0.5402406671875 0.65715375 0.538261 0.662395 0.5381446671875 0.67444975 0.5594526671875 0.674974 0.558754 0.66545225 0.560035 0.6623075 0.5603843328125 0.6588135 0.5602676671875 0.65584325 0.559802 0.6521745 0.5601513328125 0.63732425 0.539833 0.63708 0.539542 0.64308975 0.5394253328125 0.6477195 0.539309 0.651039
5 0.45724966718750004 0.6570445 0.456551 0.66237325 0.45631833281249995 0.6755635 0.4779756671875 0.6755635 0.47704399999999997 0.66473175 0.4776263328125 0.6610627499999999 0.47867433281249994 0.65896625 0.4790236671875 0.6559090000000001 0.4778593328125 0.6532009999999999 0.47879066718749996 0.63861275 0.45748266718749997 0.63861275 0.4566676671875 0.650755 0.4571333328125 0.65355025 0.45724966718750004 0.6570445
5 0.6680166671875 0.660841 0.6699283328125001 0.65956625 0.6710963328124999 0.65701675 0.6712026671875 0.65406875 0.670884 0.6523957499999999 0.669716 0.64944775 0.6704593328125 0.63534575 0.650069 0.63542525 0.64837 0.6707205 0.668654 0.6715172500000001 0.6680166671875 0.660841
5 0.6716273328125 0.652077 0.6716273328125 0.65478575 0.6712026671875 0.6574150000000001 0.6679103328125 0.660602 0.6679103328125 0.671278 0.6883006671875 0.67159675 0.6883006671875 0.660363 0.690637 0.6575745000000001 0.6912743328125 0.65446725 0.6908493328125 0.652555 0.6883006671875 0.64920875 0.6896813328125 0.63566425 0.670778 0.63542525 0.6699283328125001 0.6436317500000001 0.6699283328125001 0.6492885 0.6716273328125 0.652077
5 0.6913273328125 0.6513774999999999 0.691646 0.654166 0.6910086671875 0.6569545 0.6878226671875 0.66030075 0.6876103328125 0.672172 0.7096996671875 0.67225175 0.7101243328125 0.65894625 0.7118236671875 0.6562375 0.710974 0.6506602499999999 0.7090626671875 0.64763275 0.7106553328125 0.6352835 0.690159 0.63551975 0.688991 0.6483497500000001 0.6894156671875 0.649067 0.6913273328125 0.6513774999999999
5 0.712036 0.6521742500000001 0.7122483328125 0.65408625 0.7121423328125001 0.65615775 0.7105493328125 0.65982275 0.7090626671875 0.6720922500000001 0.7292403328125 0.671694 0.7293463328125 0.6620535000000001 0.7309393328125 0.65862775 0.7315766671875 0.6558390000000001 0.7309393328125 0.6530505 0.7298773328125 0.64946525 0.7308333328125001 0.63496475 0.7104696671874999 0.6351215 0.709912 0.64779225 0.7104429999999999 0.64962475 0.712036 0.6521742500000001
5 0.730727 0.6521742500000001 0.7315766671875 0.653688 0.7315766671875 0.65687475 0.729559 0.66006175 0.7298773328125 0.67153475 0.7507986671875 0.67153475 0.7513296671874999 0.6618145 0.7519666671875 0.65862775 0.7519666671875 0.654644 0.7505863328125 0.651696 0.7513296671874999 0.63488525 0.7306473328124999 0.6351215 0.7297713328125 0.64619875 0.7301960000000001 0.6504212500000001 0.730727 0.6521742500000001
5 0.7527366671875 0.653908 0.752949 0.6559795 0.751887 0.65956475 0.751356 0.67159525 0.7696223328125 0.6712765 0.7706843328125 0.66075975 0.7712153328125 0.6599630000000001 0.7717463328124999 0.6576525 0.7717463328124999 0.6549437499999999 0.770047 0.651916 0.7714276671875 0.6346269999999999 0.751887 0.6351215 0.7511436671875 0.65111925 0.751887 0.6522347500000001 0.7527366671875 0.653908
5 0.7717463328124999 0.6529517499999999 0.7719586671875 0.6557405000000001 0.7708966671875 0.65980375 0.7697286671875 0.67111725 0.790331 0.67071875 0.7911806671875 0.6620345000000001 0.7922426671875 0.6606004999999999 0.792455 0.65749325 0.792455 0.6549437499999999 0.7910743328125001 0.65175675 0.7927736671875001 0.63422875 0.771401 0.6349225 0.7714276671875 0.642674 0.770578 0.65111925 0.7717463328124999 0.6529517499999999
5 0.79288 0.65358925 0.7936233328125 0.6564574999999999 0.792986 0.65844925 0.7910743328125001 0.6606799999999999 0.790756 0.6709579999999999 0.810615 0.6704002499999999 0.8108273328125 0.66075975 0.812739 0.659007 0.8144383328125 0.65613875 0.8144383328125 0.65247375 0.8118893328125001 0.6491275 0.8132699999999999 0.63398975 0.7929063328125 0.633927 0.7909683328125 0.6500835 0.791818 0.651438 0.79288 0.65358925
5 0.4235326671875 0.7619432500000001 0.405266 0.7621260000000001 0.405626 0.7992079999999999 0.4248823328125 0.7992079999999999 0.4235326671875 0.7619432500000001
5 0.445399 0.76180825 0.4248823328125 0.7619432500000001 0.4247923328125 0.79887025 0.4457586671875 0.79846525 0.445399 0.76180825
2 0.3648733328125 0.8025672500000001 0.3679893328125 0.8038259999999999 0.3679893328125 0.8108392500000001 0.40634033281250004 0.8097602500000001 0.4053816671875 0.80166825 0.4039433328125 0.8022075 0.4039433328125 0.7666025000000001 0.4053816671875 0.762107 0.40658000000000005 0.73890975 0.3646336671875 0.7409225 0.3670306671875 0.7574315 0.364394 0.76678225 0.3648733328125 0.8025672500000001
1 0.8073493328125 0.7832465 0.8101073328125 0.78088175 0.8118806671875 0.77570875 0.8085313328125 0.769501 0.8095163328125 0.7541297499999999 0.7301213328125 0.7550165 0.726969 0.7907845 0.8073493328125 0.789011 0.8073493328125 0.7832465
6 0.5623333328125 0 0.563 0.017499999999999998 0.5643333328125 0.0215 0.5700000000000001 0.02225 0.5766666671875 0.022 0.5783333328125 0.020999999999999998 0.5796666671875 0.01475 0.5793333328125 0 0.5623333328125 0
6 0.5433333328125001 0 0.5433333328125001 0.017499999999999998 0.545 0.0215 0.5566666671875 0.02175 0.5586666671875 0.02025 0.5599999999999999 0.01775 0.5606666671875 0 0.5433333328125001 0
6 0.5216666671875 0 0.522 0.0115 0.5253333328124999 0.0215 0.5373333328125 0.021249999999999998 0.5386666671875 0.02025 0.54 0 0.5216666671875 0
6 0.5026666671875 0 0.503 0.01775 0.5056666671875 0.022 0.5136666671875 0.0225 0.5176666671875 0.020749999999999998 0.5193333328125 0 0.5026666671875 0
6 0.48200000000000004 0 0.48266666718750006 0.01775 0.4863333328125 0.02175 0.49400000000000005 0.02175 0.49766666718749997 0.01975 0.49866666718749997 0 0.48200000000000004 0
6 0.4636666671875 0 0.4636666671875 0.01475 0.465 0.020499999999999997 0.46733333281249995 0.02175 0.47800000000000004 0.020999999999999998 0.4803333328125 0.017499999999999998 0.4796666671875 0 0.4636666671875 0
6 0.4423333328125 0 0.44166666718750003 0.017249999999999998 0.445 0.020499999999999997 0.45133333281250004 0.02225 0.45599999999999996 0.01975 0.45766666718750004 0.017 0.458 0 0.4423333328125 0
6 0.41900000000000004 0 0.42000000000000004 0.018 0.4233333328125 0.02225 0.43200000000000005 0.02225 0.437 0.01875 0.4376666671875 0 0.41900000000000004 0
6 0.3993333328125 0 0.4 0.019 0.40766666718750005 0.020999999999999998 0.41233333281249995 0.020499999999999997 0.41600000000000004 0.01775 0.4146666671875 0 0.3993333328125 0
6 0.3776666671875 0 0.3783333328125 0.01675 0.3806666671875 0.0195 0.3923333328125 0.020499999999999997 0.394 0.0185 0.3956666671875 0.011 0.3953333328125 0 0.3776666671875 0
6 0.3556666671875 0 0.356 0.014499999999999999 0.3573333328125 0.01925 0.3593333328125 0.020749999999999998 0.369 0.02225 0.37266666718749997 0.019 0.374 0.01525 0.3736666671875 0 0.3556666671875 0
6 0.33599999999999997 0 0.3366666671875 0.015 0.3383333328125 0.018 0.3473333328125 0.0195 0.352 0.019 0.3543333328125 0.017499999999999998 0.3536666671875 0 0.33599999999999997 0
6 0.315 0 0.3153333328125 0.014499999999999999 0.3173333328125 0.01775 0.3273333328125 0.0185 0.32999999999999996 0.017499999999999998 0.33166666718750004 0.01225 0.33166666718750004 0 0.315 0
6 0.29300000000000004 0 0.29300000000000004 0.015 0.2946666671875 0.0185 0.3066666671875 0.019 0.3096666671875 0.01775 0.311 0.011 0.31033333281250003 0 0.29300000000000004 0
6 0.2713333328125 0 0.2716666671875 0.01625 0.2743333328125 0.01775 0.2826666671875 0.01925 0.28700000000000003 0.018 0.2883333328125 0 0.2713333328125 0
6 0.24900000000000003 0 0.25 0.013500000000000002 0.25233333281250003 0.017249999999999998 0.261 0.0185 0.2653333328125 0.017499999999999998 0.2673333328125 0.014000000000000002 0.2673333328125 0 0.24900000000000003 0
6 0.2286666671875 0 0.22833333281249998 0.010499999999999999 0.22999999999999998 0.0155 0.23566666718749998 0.0185 0.24300000000000002 0.01775 0.2456666671875 0.013000000000000001 0.246 0 0.2286666671875 0
6 0.20600000000000002 0 0.2066666671875 0.010499999999999999 0.209 0.0165 0.21833333281249998 0.0185 0.22233333281249998 0.017249999999999998 0.22400000000000003 0.010249999999999999 0.22400000000000003 0 0.20600000000000002 0
6 0.1953333328125 0.1105 0.1966666671875 0.10275000000000001 0.1966666671875 0.092 0.195 0.08725000000000001 0.1933333328125 0.08575 0.183 0.08475 0.181 0.08575 0.18 0.09 0.181 0.11125 0.1853333328125 0.11274999999999999 0.1933333328125 0.1125 0.1953333328125 0.1105
6 0.17366666718749998 0.11174999999999999 0.1756666671875 0.095 0.17266666718749998 0.08775 0.16999999999999998 0.086 0.1616666671875 0.08499999999999999 0.1576666671875 0.0905 0.1573333328125 0.10075 0.1593333328125 0.11100000000000002 0.162 0.11274999999999999 0.17366666718749998 0.11174999999999999
6 0.1503333328125 0.11200000000000002 0.152 0.11025 0.1526666671875 0.1045 0.1503333328125 0.08775 0.145 0.08675000000000001 0.1403333328125 0.09 0.1386666671875 0.0935 0.1373333328125 0.099 0.1386666671875 0.11025 0.142 0.11200000000000002 0.1503333328125 0.11200000000000002
6 0.1306666671875 0.11100000000000002 0.132 0.10149999999999999 0.13 0.08775 0.127 0.08525 0.1163333328125 0.08349999999999999 0.1143333328125 0.08399999999999999 0.1136666671875 0.08675000000000001 0.1156666671875 0.10925 0.119 0.11200000000000002 0.12833333281249998 0.11200000000000002 0.1306666671875 0.11100000000000002
6 0.22833333281249998 0.1305 0.2296666671875 0.127 0.22833333281249998 0.1035 0.2166666671875 0.10225 0.2146666671875 0.10375000000000001 0.2133333328125 0.10874999999999999 0.2133333328125 0.12275 0.215 0.12925 0.2173333328125 0.1305 0.22833333281249998 0.1305
6 0.248 0.1305 0.251 0.12875 0.2526666671875 0.12375 0.251 0.10400000000000001 0.2483333328125 0.1025 0.24100000000000002 0.10175000000000001 0.2363333328125 0.10200000000000001 0.23500000000000001 0.10325 0.2346666671875 0.11374999999999999 0.2366666671875 0.12925 0.2396666671875 0.1305 0.248 0.1305
6 0.33399999999999996 0.131 0.3343333328125 0.12675 0.33399999999999996 0.10575000000000001 0.33166666718750004 0.10425 0.323 0.10300000000000001 0.3186666671875 0.1035 0.318 0.1045 0.3183333328125 0.131 0.322 0.13225 0.3326666671875 0.13174999999999998 0.33399999999999996 0.131
6 0.3573333328125 0.128 0.3563333328125 0.11200000000000002 0.3536666671875 0.10425 0.3496666671875 0.1025 0.3443333328125 0.10425 0.3416666671875 0.10325 0.339 0.10425 0.33799999999999997 0.1065 0.339 0.13075 0.3416666671875 0.1325 0.3533333328125 0.132 0.3573333328125 0.128
6 0.37333333281250003 0.13075 0.374 0.127 0.373 0.10825 0.369 0.10825 0.36666666718749996 0.1105 0.3603333328125 0.10700000000000001 0.358 0.1095 0.3583333328125 0.13075 0.361 0.13225 0.371 0.132 0.37333333281250003 0.13075
6 0.1146666671875 0.27549999999999997 0.1153333328125 0.25575000000000003 0.11133333281249999 0.25275 0.10333333281249998 0.252 0.0993333328125 0.254 0.10033333281250001 0.27549999999999997 0.10366666718749999 0.27749999999999997 0.11133333281249999 0.27775 0.1146666671875 0.27549999999999997
6 0.1356666671875 0.27549999999999997 0.1366666671875 0.26949999999999996 0.135 0.2555 0.131 0.25275 0.123 0.252 0.1196666671875 0.25475 0.12 0.27549999999999997 0.123 0.27775 0.133 0.277 0.1356666671875 0.27549999999999997
6 0.156 0.27375 0.1556666671875 0.25525000000000003 0.1536666671875 0.253 0.146 0.2525 0.1423333328125 0.251 0.1396666671875 0.25425 0.1396666671875 0.27525 0.1423333328125 0.27749999999999997 0.153 0.277 0.156 0.27375
6 0.178 0.2725 0.17733333281250002 0.25425 0.174 0.252 0.1616666671875 0.25225 0.159 0.2565 0.1606666671875 0.2765 0.1646666671875 0.27775 0.175 0.2765 0.178 0.2725
6 0.196 0.27549999999999997 0.197 0.27175 0.1966666671875 0.25475 0.1936666671875 0.2525 0.1816666671875 0.253 0.18 0.25475 0.18 0.27525 0.184 0.27725 0.1936666671875 0.277 0.196 0.27549999999999997
6 0.2496666671875 0.272 0.2513333328125 0.25575000000000003 0.2506666671875 0.248 0.24866666718750002 0.244 0.24066666718750002 0.24175 0.2323333328125 0.242 0.2296666671875 0.244 0.2306666671875 0.27525 0.23700000000000002 0.27675 0.2476666671875 0.27575 0.2496666671875 0.272
6 0.23399999999999999 0.27425 0.22833333281249998 0.256 0.22000000000000003 0.255 0.221 0.27599999999999997 0.22433333281249998 0.27799999999999997 0.23199999999999998 0.27775 0.23399999999999999 0.27425
6 0.2126666671875 0.27775 0.21633333281249997 0.27525 0.21600000000000003 0.255 0.2126666671875 0.25 0.20866666718750002 0.25025 0.20400000000000001 0.25225 0.2006666671875 0.25175000000000003 0.19866666718749998 0.25375000000000003 0.19766666718749998 0.25975000000000004 0.19966666718749998 0.27549999999999997 0.20099999999999998 0.27725 0.2126666671875 0.27775
6 0.32599999999999996 0.27599999999999997 0.32766666718750004 0.27375 0.3263333328125 0.2435 0.3183333328125 0.24225 0.31433333281250003 0.24275000000000002 0.313 0.244 0.31233333281250003 0.25325000000000003 0.312 0.26725 0.3133333328125 0.27525 0.3173333328125 0.27675 0.32599999999999996 0.27599999999999997
6 0.35 0.27525 0.3506666671875 0.2585 0.3476666671875 0.2435 0.3456666671875 0.242 0.3326666671875 0.2415 0.32999999999999996 0.24175 0.32766666718750004 0.244 0.3283333328125 0.26775000000000004 0.3303333328125 0.27425 0.3333333328125 0.27625 0.35 0.27525
6 0.42699999999999994 0.27275 0.4256666671875 0.248 0.42366666718749996 0.24575 0.41733333281249996 0.24525000000000002 0.41333333281250006 0.2465 0.41166666718749995 0.25025 0.4113333328125 0.27525 0.42366666718749996 0.2765 0.4263333328125 0.275 0.42699999999999994 0.27275
6 0.44699999999999995 0.27525 0.44733333281250004 0.25375000000000003 0.446 0.24674999999999997 0.44333333281250004 0.24375 0.43533333281250003 0.24300000000000002 0.4303333328125 0.2475 0.4296666671875 0.275 0.43333333281249997 0.277 0.4446666671875 0.27675 0.44699999999999995 0.27525
6 0.46566666718749994 0.27525 0.466 0.2725 0.466 0.25625 0.46566666718749994 0.248 0.46299999999999997 0.24300000000000002 0.45866666718750004 0.242 0.45199999999999996 0.244 0.44966666718750004 0.25025 0.44966666718750004 0.27525 0.45099999999999996 0.2765 0.4636666671875 0.27625 0.46566666718749994 0.27525
6 0.506 0.2515 0.5036666671875001 0.244 0.501 0.24300000000000002 0.49000000000000005 0.24474999999999997 0.4886666671875 0.248 0.489 0.27525 0.502 0.27599999999999997 0.5053333328125 0.269 0.506 0.2515
6 0.48566666718749996 0.27525 0.48566666718749996 0.2535 0.484 0.24375 0.48200000000000004 0.24175 0.47466666718750006 0.2415 0.47133333281249995 0.24325000000000002 0.4686666671875 0.248 0.4683333328125 0.27525 0.4703333328125 0.27675 0.48333333281249996 0.2765 0.48566666718749996 0.27525
6 0.5823333328125 0.2745 0.584 0.26749999999999996 0.584 0.251 0.5853333328125 0.24775 0.583 0.24425 0.5723333328125 0.24225 0.567 0.2435 0.5643333328125 0.258 0.564 0.27549999999999997 0.568 0.27675 0.5803333328125 0.27675 0.5823333328125 0.2745
6 0.601 0.27175 0.6023333328125 0.24775 0.5993333328125 0.24474999999999997 0.591 0.24300000000000002 0.587 0.244 0.5853333328125 0.24925000000000003 0.5846666671875 0.27475 0.5866666671874999 0.27575 0.5993333328125 0.27599999999999997 0.601 0.27175
6 0.6206666671875001 0.26775000000000004 0.6203333328125 0.24725000000000003 0.6153333328125 0.2435 0.607 0.24375 0.605 0.24725000000000003 0.6043333328125 0.27525 0.617 0.2765 0.619 0.27525 0.6206666671875001 0.26775000000000004
6 0.7673333328124999 0.27525 0.7716666671875 0.26749999999999996 0.7726666671875 0.24474999999999997 0.7713333328124999 0.24300000000000002 0.7673333328124999 0.24225 0.759 0.244 0.757 0.24700000000000003 0.758 0.25275 0.7566666671875 0.27149999999999996 0.7596666671875 0.27425 0.7673333328124999 0.27525
6 0.7546666671875 0.26875 0.756 0.25275 0.7536666671875001 0.244 0.7516666671875 0.24300000000000002 0.742 0.244 0.739 0.24775 0.7386666671875 0.2725 0.74 0.27425 0.7513333328125 0.27425 0.7546666671875 0.26875
6 0.7356666671875 0.27125 0.7363333328125 0.25275 0.7363333328125 0.24700000000000003 0.734 0.24474999999999997 0.7246666671875001 0.24325000000000002 0.7213333328125 0.2455 0.7153333328125 0.26625 0.7163333328125 0.27575 0.7323333328125 0.27575 0.7336666671875001 0.27475 0.7356666671875 0.27125
6 0.8263333328125 0.27475 0.829 0.27075 0.8300000000000001 0.25825 0.8300000000000001 0.248 0.828 0.2435 0.826 0.24175 0.8203333328125 0.24175 0.8103333328125 0.24375 0.8046666671875 0.255 0.8039999999999999 0.27175 0.8053333328125 0.27425 0.8099999999999999 0.2765 0.8263333328125 0.27475
6 0.8496666671875 0.27025 0.8513333328125 0.25725 0.8506666671875 0.244 0.8453333328125 0.24175 0.8413333328125001 0.2415 0.834 0.244 0.8320000000000001 0.2475 0.8313333328124999 0.2725 0.834 0.27475 0.8416666671874999 0.27525 0.8496666671875 0.27025
6 0.8263333328125 0.41174999999999995 0.828 0.40824999999999995 0.8286666671875 0.39225 0.8273333328125 0.38849999999999996 0.8226666671875 0.3865 0.8160000000000001 0.38725 0.8126666671875 0.389 0.8103333328125 0.3955 0.8093333328125001 0.41200000000000003 0.8140000000000001 0.41475 0.8213333328125 0.41425 0.8263333328125 0.41174999999999995
6 0.8083333328125001 0.40925 0.8089999999999999 0.39025 0.8039999999999999 0.388 0.7969999999999999 0.387 0.795 0.388 0.794 0.39075000000000004 0.7946666671875 0.41200000000000003 0.7986666671875 0.4135 0.8063333328125 0.4135 0.8083333328125001 0.40925
6 0.791 0.41150000000000003 0.7926666671875 0.38849999999999996 0.7796666671875 0.3865 0.779 0.3855 0.7766666671875 0.38849999999999996 0.7753333328124999 0.41224999999999995 0.7786666671875 0.41375 0.7873333328125 0.414 0.791 0.41150000000000003
6 0.7736666671875 0.38849999999999996 0.7713333328124999 0.38625 0.7633333328125 0.38625 0.7583333328124999 0.38849999999999996 0.7576666671875001 0.39225 0.756 0.41224999999999995 0.759 0.41375 0.7713333328124999 0.41325 0.7736666671875 0.38849999999999996
6 0.7543333328124999 0.40875000000000006 0.7546666671875 0.3915 0.753 0.38925 0.7453333328125 0.3875 0.74 0.38875000000000004 0.7386666671875 0.4035 0.7386666671875 0.413 0.744 0.41475 0.7516666671875 0.41425 0.7543333328124999 0.40875000000000006
6 0.7346666671875 0.414 0.7373333328125 0.40449999999999997 0.7383333328125 0.39275000000000004 0.7373333328125 0.38849999999999996 0.7333333328125 0.387 0.7243333328125 0.38725 0.722 0.38849999999999996 0.7190000000000001 0.40650000000000003 0.7186666671874999 0.41224999999999995 0.7203333328125 0.41525 0.7323333328125 0.41550000000000004 0.7346666671875 0.414
6 0.7166666671875 0.41200000000000003 0.7176666671875 0.39649999999999996 0.7166666671875 0.389 0.709 0.387 0.705 0.38725 0.7026666671874999 0.39249999999999996 0.7013333328125 0.41200000000000003 0.7046666671875 0.41475 0.713 0.41500000000000004 0.7166666671875 0.41200000000000003
6 0.6423333328124999 0.41224999999999995 0.6423333328124999 0.39225 0.6346666671875 0.38875000000000004 0.6303333328125 0.38875000000000004 0.6253333328124999 0.39249999999999996 0.625 0.39425 0.6243333328125 0.40575 0.626 0.41574999999999995 0.64 0.41525 0.6423333328124999 0.41224999999999995
6 0.658 0.41624999999999995 0.6613333328125 0.41100000000000003 0.662 0.39049999999999996 0.65 0.38825 0.646 0.39225 0.6446666671875 0.40425000000000005 0.6453333328124999 0.41500000000000004 0.6463333328124999 0.41600000000000004 0.658 0.41624999999999995
6 0.6796666671875 0.41174999999999995 0.6799999999999999 0.39049999999999996 0.6776666671875 0.38875000000000004 0.6693333328125 0.3875 0.6666666671875 0.389 0.6656666671875 0.394 0.6646666671875 0.4145 0.6656666671875 0.41550000000000004 0.6776666671875 0.41500000000000004 0.6796666671875 0.41174999999999995
6 0.6993333328125 0.4085 0.6993333328125 0.39125 0.6980000000000001 0.389 0.6910000000000001 0.388 0.6853333328125 0.38875000000000004 0.683 0.40449999999999997 0.6826666671875 0.4125 0.6846666671875 0.4145 0.6976666671875 0.41375 0.6993333328125 0.4085
6 0.606 0.41075 0.6056666671875 0.3935 0.6033333328125 0.39125 0.596 0.3895 0.592 0.39075000000000004 0.591 0.39225 0.5896666671874999 0.41574999999999995 0.5916666671875 0.41675000000000006 0.6033333328125 0.41574999999999995 0.606 0.41075
6 0.5886666671875 0.39225 0.587 0.39049999999999996 0.5786666671875 0.38875000000000004 0.5740000000000001 0.38975 0.5716666671875 0.3935 0.5713333328125 0.41550000000000004 0.5843333328125 0.41624999999999995 0.587 0.41275000000000006 0.5886666671875 0.39225
6 0.55 0.41025 0.55 0.39225 0.542 0.38925 0.5356666671875 0.39 0.5333333328125 0.39225 0.5333333328125 0.41550000000000004 0.5403333328125 0.41675000000000006 0.5486666671875 0.41624999999999995 0.55 0.41025
6 0.5683333328125 0.3915 0.5603333328125 0.389 0.5549999999999999 0.38975 0.5523333328125 0.39225 0.5516666671875 0.403 0.5519999999999999 0.41600000000000004 0.5663333328125 0.41600000000000004 0.568 0.413 0.5683333328125 0.3915
6 0.512 0.41600000000000004 0.5126666671875 0.413 0.5123333328124999 0.39225 0.5096666671875 0.3895 0.506 0.38875000000000004 0.4996666671875 0.38975 0.49766666718749997 0.39225 0.497 0.41600000000000004 0.5003333328124999 0.41725 0.5096666671875 0.417 0.512 0.41600000000000004
6 0.49400000000000005 0.391 0.4903333328125 0.38875000000000004 0.48166666718749995 0.388 0.47866666718750006 0.38975 0.47766666718749995 0.39625 0.47800000000000004 0.41675000000000006 0.492 0.417 0.49366666718749996 0.41550000000000004 0.49400000000000005 0.391
6 0.47466666718750006 0.39025 0.47066666718750005 0.38849999999999996 0.46166666718749994 0.3895 0.45899999999999996 0.392 0.45866666718750004 0.3995 0.45866666718750004 0.41675000000000006 0.4743333328125 0.41725 0.4756666671875 0.39625 0.47466666718750006 0.39025
6 0.4566666671875 0.41200000000000003 0.4566666671875 0.393 0.4516666671875 0.39025 0.44333333281250004 0.39025 0.441 0.39175 0.4403333328125 0.394 0.4403333328125 0.41574999999999995 0.44299999999999995 0.4175 0.45499999999999996 0.41725 0.4566666671875 0.41200000000000003
6 0.4023333328125 0.409 0.4026666671875 0.39249999999999996 0.3963333328125 0.38875000000000004 0.3846666671875 0.39049999999999996 0.38333333281250004 0.39225 0.3826666671875 0.40425000000000005 0.3823333328125 0.41600000000000004 0.384 0.41725 0.3996666671875 0.4165 0.4023333328125 0.409
6 0.37966666718750003 0.41475 0.38133333281250004 0.40149999999999997 0.3806666671875 0.39 0.37666666718749997 0.38775 0.37033333281249997 0.388 0.365 0.39 0.3636666671875 0.39225 0.3643333328125 0.41574999999999995 0.3653333328125 0.4165 0.378 0.41624999999999995 0.37966666718750003 0.41475
6 0.3603333328125 0.41475 0.36 0.3915 0.3573333328125 0.38925 0.3493333328125 0.38925 0.3466666671875 0.39025 0.34500000000000003 0.39375 0.34500000000000003 0.41600000000000004 0.3483333328125 0.4175 0.358 0.417 0.3603333328125 0.41475
6 0.343 0.414 0.3423333328125 0.39125 0.337 0.38925 0.32999999999999996 0.389 0.32599999999999996 0.3915 0.32599999999999996 0.41600000000000004 0.3293333328125 0.41725 0.3416666671875 0.41675000000000006 0.343 0.414
6 0.3233333328125 0.41275000000000006 0.3246666671875 0.39225 0.322 0.389 0.31433333281250003 0.38825 0.3083333328125 0.3895 0.3066666671875 0.39375 0.307 0.41574999999999995 0.3096666671875 0.417 0.3206666671875 0.4165 0.3233333328125 0.41275000000000006
6 0.3043333328125 0.41325 0.30533333281249997 0.40449999999999997 0.3036666671875 0.38975 0.3016666671875 0.38825 0.298 0.38775 0.2906666671875 0.38925 0.28700000000000003 0.39175 0.2873333328125 0.41574999999999995 0.29 0.4175 0.3023333328125 0.417 0.3043333328125 0.41325
6 0.28300000000000003 0.413 0.28300000000000003 0.3915 0.27999999999999997 0.39 0.271 0.39025 0.268 0.39249999999999996 0.2686666671875 0.41550000000000004 0.2713333328125 0.41725 0.27999999999999997 0.41675000000000006 0.28300000000000003 0.413
6 0.1463333328125 0.41675000000000006 0.1486666671875 0.41275000000000006 0.1463333328125 0.39954999999999996 0.14666666718750002 0.3915 0.1346666671875 0.38849999999999996 0.1336666671875 0.39225 0.13233333281249998 0.41224999999999995 0.13433333281249998 0.41725 0.1386666671875 0.418 0.1463333328125 0.41675000000000006
6 0.1656666671875 0.41574999999999995 0.1676666671875 0.41224999999999995 0.1666666671875 0.38875000000000004 0.1533333328125 0.38725 0.15 0.38925 0.1503333328125 0.41224999999999995 0.155 0.41624999999999995 0.1626666671875 0.41725 0.1656666671875 0.41574999999999995
6 0.1853333328125 0.4165 0.1873333328125 0.41224999999999995 0.1856666671875 0.3915 0.1813333328125 0.38925 0.17333333281250002 0.389 0.1706666671875 0.39175 0.16999999999999998 0.4095 0.17133333281250002 0.4145 0.17366666718749998 0.41725 0.1853333328125 0.4165
6 0.2053333328125 0.41475 0.2066666671875 0.41200000000000003 0.20566666718749999 0.392 0.20099999999999998 0.38775 0.1903333328125 0.38875000000000004 0.189 0.39049999999999996 0.1903333328125 0.41475 0.193 0.417 0.20166666718749998 0.41675000000000006 0.2053333328125 0.41475
6 0.2193333328125 0.41624999999999995 0.22433333281249998 0.4165 0.22633333281249998 0.40475000000000005 0.2253333328125 0.39025 0.22033333281249998 0.388 0.2116666671875 0.38875000000000004 0.2093333328125 0.391 0.20866666718750002 0.40425000000000005 0.21033333281250002 0.41574999999999995 0.2126666671875 0.41775 0.2193333328125 0.41624999999999995
6 0.246 0.41025 0.2456666671875 0.3915 0.2436666671875 0.38925 0.24 0.388 0.22999999999999998 0.38825 0.22799999999999998 0.38975 0.2286666671875 0.41475 0.23199999999999998 0.4165 0.2436666671875 0.41600000000000004 0.246 0.41025
6 0.2653333328125 0.4125 0.2656666671875 0.40449999999999997 0.26433333281250004 0.39175 0.2633333328125 0.39049999999999996 0.25433333281250003 0.39 0.24933333281249997 0.39249999999999996 0.24900000000000003 0.41600000000000004 0.25166666718749997 0.418 0.2636666671875 0.4165 0.2653333328125 0.4125
10 0.6769493328125 0.1546695 0.701077 0.155081 0.705738 0.1458245 0.706835 0.11805550000000001 0.7049156671875 0.1141475 0.6799653328125 0.11417875 0.6829813328125 0.11764425 0.6810620000000001 0.14603025 0.6769493328125 0.1546695
10 0.42156399999999994 0.10809150000000001 0.39697533281249997 0.1082705 0.397493 0.14983975 0.42259900000000006 0.15042225 0.42156399999999994 0.10809150000000001
10 0.7056093328124999 0.039293 0.707577 0.033389 0.7093256671875 0.00108 0.6891593328125001 0.000246 0.6861533328125 0.033717000000000004 0.6839673328125 0.037981 0.7056093328124999 0.039293