0 0.362768 0.46045974999999995 0.360817 0.46045974999999995 0.3558506671875 0.49972099999999997 0.3578016671875 0.50078575 0.35656 0.50597625 0.35851133281249997 0.5062425 0.3563826671875 0.517555 0.394872 0.5207492499999999 0.40622366718749997 0.44502125000000003 0.36704 0.44109325000000005 0.36596066718750003 0.45287375 0.3634776671875 0.45353899999999997 0.362768 0.46045974999999995
0 0.6279766671875 0.48404325000000004 0.6324110000000001 0.48550725000000006 0.6274446671875 0.5231715 0.6212366671875 0.521042 0.620882 0.5292935 0.6169796671875 0.526898 0.6152059999999999 0.538876 0.6538726671874999 0.5427357500000001 0.6547596671875 0.53182225 0.6595486671875 0.5320885 0.6599033328125 0.526898 0.6655793328125 0.5275635000000001 0.672142 0.49003224999999995 0.6673530000000001 0.4888345 0.6685943328125 0.48058300000000004 0.664515 0.47951825000000003 0.666466 0.46793950000000006 0.6283313328125 0.46461224999999995 0.625316 0.4769895 0.6286863328125001 0.47659025 0.6279766671875 0.48404325000000004
0 0.667885 0.488302 0.6724966671875 0.48989925 0.6677076671875 0.5266317500000001 0.6606126671875 0.5266317500000001 0.6607903328125 0.53248775 0.6558236671875 0.53248775 0.6533406671875001 0.54220325 0.692717 0.546329 0.6939583328125 0.53554875 0.6996343328125 0.53608125 0.7003436671875 0.53022525 0.7067289999999999 0.53022525 0.7129369999999999 0.49375875 0.7074386671874999 0.4902985 0.7079706671875 0.48351075000000004 0.7038913328125 0.48164775000000004 0.7054876671875 0.4711335 0.6661803328125 0.46720425 0.6648696671875001 0.47898575 0.6673530000000001 0.48031674999999996 0.667885 0.488302
0 0.707616 0.48364399999999996 0.7079706671875 0.4902985 0.7134693328124999 0.49309325 0.708148 0.5275635000000001 0.7010533328124999 0.529693 0.699989 0.53554875 0.6944906671875 0.53554875 0.692717 0.546196 0.731561 0.5499225 0.7333346671875 0.538876 0.739188 0.538743 0.7393653328124999 0.532754 0.7471696671875 0.53328625 0.7539096671875 0.494025 0.7468146671875 0.49242774999999994 0.7480563328125001 0.48617275 0.7423806671875 0.48497475 0.7446863328125 0.47432774999999994 0.7058423328125001 0.4711335 0.7058423328125001 0.4710005 0.7035363328125 0.48111525000000005 0.707616 0.48364399999999996
6 0.13533333281249998 0.36524999999999996 0.136 0.35750000000000004 0.1393333328125 0.34475 0.1356666671875 0.343 0.1256666671875 0.34075 0.1226666671875 0.3415 0.1206666671875 0.34625 0.1186666671875 0.36524999999999996 0.1226666671875 0.368 0.13233333281249998 0.3675 0.13533333281249998 0.36524999999999996
6 0.1523333328125 0.368 0.155 0.36225 0.156 0.34925 0.155 0.34500000000000003 0.145 0.34325 0.1413333328125 0.344 0.1383333328125 0.36075 0.13799999999999998 0.36575 0.1393333328125 0.3675 0.149 0.36924999999999997 0.1523333328125 0.368
6 0.17366666718749998 0.365 0.176 0.35025 0.175 0.34775 0.172 0.34625 0.16299999999999998 0.34475 0.16 0.34525 0.1573333328125 0.357 0.1566666671875 0.3685 0.1576666671875 0.37025 0.1696666671875 0.371 0.17366666718749998 0.365
6 0.1833333328125 0.373 0.1893333328125 0.37475 0.1913333328125 0.37275 0.1943333328125 0.365 0.1946666671875 0.34925 0.181 0.34725 0.1783333328125 0.34975 0.177 0.35724999999999996 0.17533333281250002 0.369 0.1766666671875 0.37225 0.1776666671875 0.37324999999999997 0.1833333328125 0.373
6 0.21000000000000002 0.37425 0.2126666671875 0.36524999999999996 0.213 0.35350000000000004 0.21200000000000002 0.35175 0.2026666671875 0.35075 0.199 0.35175 0.196 0.3655 0.1956666671875 0.37275 0.197 0.374 0.20433333281250002 0.37525 0.21000000000000002 0.37425
6 0.22833333281249998 0.3785 0.231 0.376 0.2326666671875 0.37 0.233 0.36075 0.23500000000000001 0.35750000000000004 0.23399999999999999 0.35350000000000004 0.22033333281249998 0.35175 0.21833333281249998 0.35350000000000004 0.21633333281249997 0.366 0.2156666671875 0.3735 0.2166666671875 0.37625000000000003 0.2206666671875 0.378 0.22833333281249998 0.3785
6 0.251 0.3735 0.252 0.361 0.2556666671875 0.35724999999999996 0.248 0.3545 0.2396666671875 0.35350000000000004 0.238 0.35575 0.236 0.36724999999999997 0.2363333328125 0.37825000000000003 0.24300000000000002 0.37975 0.2483333328125 0.37975 0.251 0.3735
6 0.273 0.363 0.272 0.359 0.268 0.35675 0.2633333328125 0.35625 0.2596666671875 0.357 0.25633333281250004 0.3685 0.256 0.38 0.267 0.3825 0.2703333328125 0.381 0.273 0.363
6 0.29500000000000004 0.3605 0.29100000000000004 0.3585 0.279 0.35750000000000004 0.2773333328125 0.35950000000000004 0.2763333328125 0.36475 0.275 0.38175 0.279 0.38425 0.2906666671875 0.38475000000000004 0.29500000000000004 0.3605
6 0.31066666718749997 0.384 0.3133333328125 0.366 0.313 0.361 0.3056666671875 0.35875 0.2986666671875 0.359 0.2966666671875 0.361 0.2963333328125 0.3635 0.29500000000000004 0.385 0.2986666671875 0.38725 0.306 0.387 0.31066666718749997 0.384
6 0.3486666671875 0.3875 0.3513333328125 0.365 0.3493333328125 0.36375 0.3456666671875 0.364 0.339 0.3625 0.3363333328125 0.363 0.3346666671875 0.36524999999999996 0.3333333328125 0.37775 0.33366666718750004 0.38975 0.3416666671875 0.38925 0.3456666671875 0.392 0.3486666671875 0.3875
6 0.33199999999999996 0.368 0.331 0.36324999999999996 0.3293333328125 0.36225 0.318 0.361 0.3156666671875 0.36924999999999997 0.314 0.38525 0.32766666718750004 0.38625 0.3293333328125 0.38375 0.33199999999999996 0.368
6 0.42800000000000005 0.38225 0.42833333281249997 0.37675000000000003 0.4273333328125 0.37525 0.42366666718749996 0.37374999999999997 0.4216666671875 0.3755 0.414 0.378 0.41166666718749995 0.38825 0.41200000000000003 0.39625 0.42366666718749996 0.39725 0.42533333281249996 0.396 0.42800000000000005 0.38225
6 0.3653333328125 0.39375 0.3673333328125 0.39225 0.36866666718749996 0.3835 0.37066666718749997 0.38075000000000003 0.36866666718749996 0.37525 0.3693333328125 0.3725 0.3656666671875 0.369 0.3613333328125 0.36775 0.3573333328125 0.36375 0.3553333328125 0.366 0.3523333328125 0.383 0.352 0.38875000000000004 0.3533333328125 0.39075000000000004 0.363 0.39375 0.3653333328125 0.39375
6 0.3883333328125 0.3815 0.386 0.3745 0.3843333328125 0.373 0.37666666718749997 0.37225 0.37333333281250003 0.3795 0.37266666718749997 0.39249999999999996 0.3846666671875 0.394 0.387 0.39175 0.3883333328125 0.3815
6 0.4056666671875 0.37675000000000003 0.404 0.3755 0.3996666671875 0.37625000000000003 0.396 0.3755 0.394 0.3765 0.3926666671875 0.38 0.392 0.393 0.404 0.39425 0.4066666671875 0.38925 0.4056666671875 0.37675000000000003
6 0.446 0.378 0.4453333328125 0.3745 0.43833333281250003 0.37124999999999997 0.43566666718749997 0.37174999999999997 0.4306666671875 0.37675000000000003 0.42933333281249997 0.39625 0.4313333328125 0.3975 0.44299999999999995 0.39775 0.446 0.378
6 0.4663333328125 0.37675000000000003 0.4636666671875 0.37475 0.45599999999999996 0.37374999999999997 0.45133333281250004 0.37425 0.45 0.3765 0.44733333281250004 0.39825 0.45866666718750004 0.40075000000000005 0.462 0.40025000000000005 0.4663333328125 0.37675000000000003
6 0.5163333328124999 0.4025 0.52 0.3855 0.5196666671875 0.38225 0.5173333328124999 0.379 0.5056666671875 0.379 0.5043333328124999 0.38125 0.503 0.392 0.5023333328125 0.40099999999999997 0.5033333328125 0.40374999999999994 0.5136666671875 0.40575 0.5163333328124999 0.4025
6 0.499 0.40049999999999997 0.5016666671875 0.3815 0.4996666671875 0.3775 0.4903333328125 0.37575 0.488 0.3775 0.4853333328125 0.39125 0.4846666671875 0.40025000000000005 0.48566666718749996 0.40199999999999997 0.49766666718749997 0.4025 0.499 0.40049999999999997
6 0.279 0.4805 0.2816666671875 0.46125 0.2816666671875 0.45824999999999994 0.2803333328125 0.45675 0.267 0.45549999999999996 0.26433333281250004 0.457 0.261 0.472 0.2606666671875 0.47850000000000004 0.263 0.48075 0.27599999999999997 0.48175 0.279 0.4805
6 0.2946666671875 0.48375 0.2966666671875 0.48125 0.3 0.46675000000000005 0.2983333328125 0.45899999999999996 0.2956666671875 0.4575 0.28700000000000003 0.45725 0.2836666671875 0.45824999999999994 0.281 0.47074999999999995 0.2803333328125 0.47925000000000006 0.2813333328125 0.48224999999999996 0.28300000000000003 0.4835 0.2946666671875 0.48375
6 0.312 0.48475 0.314 0.4835 0.3186666671875 0.465 0.318 0.45925000000000005 0.31466666718749997 0.45625 0.308 0.4545 0.30133333281249997 0.45475000000000004 0.29733333281249996 0.458 0.3006666671875 0.4655 0.2983333328125 0.48250000000000004 0.302 0.48425 0.312 0.48475
6 0.1993333328125 0.47400000000000003 0.20099999999999998 0.4725 0.20233333281250002 0.46699999999999997 0.2033333328125 0.45099999999999996 0.19866666718749998 0.44975 0.189 0.4495 0.187 0.45099999999999996 0.1843333328125 0.46475 0.1836666671875 0.47074999999999995 0.1853333328125 0.47400000000000003 0.197 0.47474999999999995 0.1993333328125 0.47400000000000003
6 0.1776666671875 0.47375 0.181 0.47050000000000003 0.183 0.45675 0.187 0.45075000000000004 0.1783333328125 0.44825 0.1696666671875 0.44775 0.1666666671875 0.45099999999999996 0.1646666671875 0.45875000000000005 0.1633333328125 0.47050000000000003 0.1643333328125 0.47225 0.16599999999999998 0.47350000000000003 0.1776666671875 0.47375
6 0.1513333328125 0.46875 0.156 0.46325000000000005 0.158 0.44675000000000004 0.1556666671875 0.445 0.1493333328125 0.44299999999999995 0.1393333328125 0.4415 0.1346666671875 0.442 0.133 0.44400000000000006 0.13 0.46125 0.1306666671875 0.4665 0.1346666671875 0.46825 0.1513333328125 0.46875
6 0.1266666671875 0.4665 0.129 0.44800000000000006 0.12833333281249998 0.44375 0.1233333328125 0.4405 0.11499999999999999 0.43925000000000003 0.11233333281249999 0.44325000000000003 0.1096666671875 0.46275000000000005 0.11133333281249999 0.46425 0.123 0.465 0.1266666671875 0.4665
6 0.1076666671875 0.45525000000000004 0.1066666671875 0.44775 0.10833333281249999 0.44325000000000003 0.10600000000000001 0.441 0.0956666671875 0.43825000000000003 0.0936666671875 0.43949999999999995 0.0903333328125 0.45625 0.091 0.46299999999999997 0.10166666718749999 0.46349999999999997 0.1066666671875 0.46275000000000005 0.1076666671875 0.45525000000000004
6 0.0836666671875 0.46325000000000005 0.0876666671875 0.46275000000000005 0.0913333328125 0.44775 0.09 0.43925000000000003 0.08399999999999999 0.43624999999999997 0.07566666718750001 0.43600000000000005 0.0726666671875 0.43724999999999997 0.07133333281250001 0.44225000000000003 0.06999999999999999 0.45375 0.071 0.46075 0.0736666671875 0.46224999999999994 0.0836666671875 0.46325000000000005
6 0.049333332812500005 0.59175 0.0506666671875 0.58 0.053000000000000005 0.57625 0.0526666671875 0.5705 0.049 0.56875 0.0366666671875 0.56925 0.034 0.57175 0.031666667187500004 0.5835 0.031333332812499996 0.59275 0.033 0.5955 0.047333332812500004 0.5955 0.049333332812500005 0.59175
6 0.0656666671875 0.5965 0.067 0.5955 0.0716666671875 0.57225 0.066 0.57075 0.056333332812500005 0.5705 0.0543333328125 0.57275 0.0523333328125 0.5815 0.051000000000000004 0.591 0.052000000000000005 0.5955 0.058333332812500006 0.59675 0.0656666671875 0.5965
6 0.0876666671875 0.5915 0.0893333328125 0.57275 0.0853333328125 0.5715 0.07566666718750001 0.5715 0.0733333328125 0.5730000000000001 0.072 0.57575 0.06933333281250001 0.5955 0.073 0.5974999999999999 0.0836666671875 0.5974999999999999 0.0876666671875 0.5915
6 0.10366666718749999 0.5995 0.10700000000000001 0.592 0.10933333281249999 0.575 0.10733333281249999 0.57325 0.10400000000000001 0.57275 0.0953333328125 0.5730000000000001 0.091 0.57625 0.0886666671875 0.5965 0.0913333328125 0.5985 0.0966666671875 0.59825 0.10366666718749999 0.5995
6 0.122 0.6014999999999999 0.1243333328125 0.5995 0.1236666671875 0.596 0.1256666671875 0.59175 0.127 0.576 0.1233333328125 0.5735 0.11699999999999999 0.57325 0.11100000000000002 0.57325 0.10900000000000001 0.576 0.10633333281249999 0.59525 0.10700000000000001 0.5995 0.1183333328125 0.60175 0.122 0.6014999999999999
6 0.142 0.6025 0.1436666671875 0.599 0.1463333328125 0.58 0.14466666718750001 0.57725 0.13899999999999998 0.57375 0.13533333281249998 0.57575 0.1306666671875 0.575 0.129 0.576 0.1276666671875 0.584 0.1263333328125 0.6002500000000001 0.13 0.60275 0.13899999999999998 0.60325 0.142 0.6025
6 0.17466666718749999 0.60325 0.1776666671875 0.596 0.1796666671875 0.58 0.1776666671875 0.5785 0.17366666718749998 0.5782499999999999 0.17099999999999999 0.57925 0.16299999999999998 0.577 0.1503333328125 0.5782499999999999 0.1486666671875 0.58 0.14666666718750002 0.59075 0.1463333328125 0.60275 0.1536666671875 0.6045 0.17333333281250002 0.604 0.17466666718749999 0.60325
6 0.2683333328125 0.5965 0.2726666671875 0.58775 0.2713333328125 0.58475 0.2676666671875 0.583 0.2556666671875 0.5805 0.25033333281250003 0.58425 0.248 0.5875 0.2476666671875 0.61125 0.264 0.61175 0.2663333328125 0.6075 0.2683333328125 0.5965
6 0.24500000000000002 0.61025 0.24733333281249997 0.60225 0.2476666671875 0.5872499999999999 0.2463333328125 0.5862499999999999 0.244 0.58525 0.23733333281250002 0.58525 0.23500000000000001 0.5862499999999999 0.23133333281250001 0.595 0.23033333281249999 0.6014999999999999 0.22999999999999998 0.6075 0.2323333328125 0.6105 0.24266666718750002 0.61125 0.24500000000000002 0.61025
6 0.33799999999999997 0.61875 0.3403333328125 0.616 0.3426666671875 0.60975 0.3443333328125 0.59875 0.3436666671875 0.59225 0.32999999999999996 0.59175 0.3266666671875 0.5955 0.3246666671875 0.604 0.32366666718750003 0.60975 0.3246666671875 0.6174999999999999 0.32599999999999996 0.6184999999999999 0.33799999999999997 0.61875
6 0.3603333328125 0.61525 0.362 0.6014999999999999 0.3623333328125 0.5955 0.3613333328125 0.5940000000000001 0.358 0.59225 0.3486666671875 0.59175 0.3463333328125 0.5925 0.3443333328125 0.596 0.343 0.603 0.34199999999999997 0.619 0.3553333328125 0.62025 0.3586666671875 0.61975 0.3603333328125 0.61525
6 0.376 0.62025 0.38 0.60375 0.37966666718750003 0.59525 0.3743333328125 0.5934999999999999 0.36466666718749996 0.59425 0.36066666718749996 0.61075 0.36 0.619 0.3613333328125 0.62025 0.3723333328125 0.6214999999999999 0.376 0.62025
6 0.3943333328125 0.623 0.3963333328125 0.61975 0.4006666671875 0.5995 0.399 0.59575 0.3916666671875 0.59425 0.383 0.59525 0.381 0.5974999999999999 0.37933333281250003 0.6065 0.37733333281250003 0.6184999999999999 0.3783333328125 0.6207499999999999 0.3806666671875 0.6224999999999999 0.3943333328125 0.623
6 0.41200000000000003 0.6235 0.4183333328125 0.6115 0.42033333281249996 0.6 0.41966666718749995 0.5972500000000001 0.41200000000000003 0.59575 0.403 0.596 0.40033333281249994 0.599 0.398 0.611 0.3966666671875 0.61825 0.3976666671875 0.6224999999999999 0.4073333328125 0.624 0.41200000000000003 0.6235
6 0.523 0.6305 0.5269999999999999 0.60725 0.5246666671875 0.6052500000000001 0.513 0.60375 0.5103333328125 0.605 0.5093333328125 0.6075 0.5063333328125 0.63075 0.509 0.6325000000000001 0.5213333328124999 0.6325000000000001 0.523 0.6305
6 0.5043333328124999 0.6305 0.5086666671875 0.6075 0.506 0.604 0.4956666671875 0.6025 0.492 0.60325 0.489 0.6224999999999999 0.4886666671875 0.62775 0.49000000000000005 0.63075 0.502 0.63175 0.5043333328124999 0.6305
6 0.49133333281249997 0.6075 0.491 0.6035 0.48966666718749996 0.6025 0.48666666718749996 0.6014999999999999 0.47933333281249996 0.6012500000000001 0.47400000000000003 0.60275 0.472 0.60825 0.4703333328125 0.6214999999999999 0.47000000000000003 0.62675 0.47133333281249995 0.628 0.48666666718749996 0.6305 0.49133333281249997 0.6075
6 0.634 0.6375 0.6346666671875 0.62675 0.6366666671875 0.62 0.6356666671875 0.61675 0.631 0.6144999999999999 0.6186666671875 0.61425 0.6163333328125 0.61825 0.6156666671875 0.625 0.6163333328125 0.63875 0.6186666671875 0.6407499999999999 0.631 0.64225 0.634 0.6375
6 0.7363333328125 0.6527499999999999 0.7396666671875 0.6519999999999999 0.742 0.6465 0.7446666671875 0.6315000000000001 0.744 0.6265 0.74 0.62325 0.732 0.62225 0.7266666671875 0.62275 0.7236666671875 0.637 0.7233333328125 0.647 0.7253333328125 0.65 0.732 0.65225 0.7363333328125 0.6527499999999999
6 0.7046666671875 0.647 0.7086666671875 0.6487499999999999 0.72 0.6485000000000001 0.7236666671875 0.635 0.724 0.62625 0.7226666671875 0.623 0.7110000000000001 0.6207499999999999 0.7056666671875 0.6212500000000001 0.7026666671874999 0.623 0.704 0.6265 0.7023333328125 0.6345 0.7026666671874999 0.6405000000000001 0.7046666671875 0.647
6 0.6686666671875 0.61875 0.666 0.6165 0.6566666671875 0.61875 0.6536666671875 0.633 0.653 0.6425 0.6656666671875 0.645 0.669 0.624 0.6686666671875 0.61875
6 0.6496666671875 0.643 0.6513333328125 0.63875 0.654 0.62 0.6519999999999999 0.6165 0.6486666671875 0.6155 0.6386666671875 0.61525 0.6373333328124999 0.61625 0.6346666671875 0.63 0.6336666671875 0.639 0.635 0.6415 0.6463333328124999 0.64375 0.6496666671875 0.643
6 0.053000000000000005 0.714 0.054000000000000006 0.7045 0.0566666671875 0.701 0.0526666671875 0.7015 0.0466666671875 0.6995 0.040999999999999995 0.7 0.0366666671875 0.705 0.0346666671875 0.7175 0.0343333328125 0.72825 0.0366666671875 0.7292500000000001 0.0486666671875 0.72875 0.053000000000000005 0.714
6 0.0676666671875 0.7285 0.06899999999999999 0.7215 0.06833333281250001 0.71675 0.071 0.71425 0.0726666671875 0.70925 0.0716666671875 0.70375 0.0646666671875 0.70175 0.060333332812499994 0.70225 0.055333332812500004 0.7070000000000001 0.053000000000000005 0.71675 0.0526666671875 0.7285 0.05600000000000001 0.72975 0.0643333328125 0.7295 0.0676666671875 0.7285
6 0.0876666671875 0.7302500000000001 0.093 0.7082499999999999 0.0933333328125 0.705 0.0913333328125 0.70175 0.0883333328125 0.70075 0.0843333328125 0.7015 0.079 0.70075 0.076 0.7025 0.0736666671875 0.7075 0.071 0.72 0.06999999999999999 0.7285 0.072 0.73 0.0793333328125 0.73125 0.0876666671875 0.7302500000000001
6 0.10366666718749999 0.7335 0.1056666671875 0.73275 0.10733333281249999 0.72875 0.10733333281249999 0.71875 0.1096666671875 0.70925 0.1086666671875 0.7070000000000001 0.10333333281249998 0.704 0.0996666671875 0.7032499999999999 0.0953333328125 0.70575 0.0923333328125 0.7095 0.09 0.72025 0.0886666671875 0.7285 0.08966666718750001 0.73175 0.0943333328125 0.733 0.10366666718749999 0.7335
6 0.1233333328125 0.734 0.127 0.7155 0.1263333328125 0.70875 0.123 0.70625 0.119 0.7055 0.11599999999999999 0.70625 0.11133333281249999 0.7095 0.10833333281249999 0.72575 0.10800000000000001 0.73225 0.11033333281249999 0.7344999999999999 0.12 0.73525 0.1233333328125 0.734
6 0.1406666671875 0.73625 0.1433333328125 0.733 0.1473333328125 0.70875 0.1463333328125 0.7075 0.1346666671875 0.7072499999999999 0.13 0.7105 0.12833333281249998 0.71475 0.1256666671875 0.73225 0.1266666671875 0.73475 0.1296666671875 0.73625 0.1406666671875 0.73625
6 0.1596666671875 0.73775 0.1616666671875 0.736 0.1636666671875 0.72375 0.16599999999999998 0.71775 0.1656666671875 0.70875 0.1626666671875 0.70775 0.1556666671875 0.7082499999999999 0.15 0.71075 0.146 0.7262500000000001 0.1453333328125 0.73625 0.1496666671875 0.73775 0.158 0.7384999999999999 0.1596666671875 0.73775
6 0.182 0.73275 0.1826666671875 0.7215 0.186 0.7165 0.187 0.70925 0.1776666671875 0.708 0.17233333281250002 0.70875 0.16799999999999998 0.7125 0.1653333328125 0.7245 0.16399999999999998 0.73675 0.1676666671875 0.73875 0.178 0.73875 0.182 0.73275
6 0.19766666718749998 0.74 0.20099999999999998 0.7292500000000001 0.2006666671875 0.72425 0.202 0.7195 0.20566666718749999 0.71275 0.2026666671875 0.71 0.20099999999999998 0.70925 0.1936666671875 0.7095 0.188 0.7122499999999999 0.1843333328125 0.72025 0.183 0.7285 0.1823333328125 0.737 0.1836666671875 0.73925 0.185 0.74 0.19766666718749998 0.74
6 0.21800000000000003 0.74 0.221 0.72025 0.2253333328125 0.71275 0.221 0.7110000000000001 0.20866666718750002 0.7115 0.20433333281250002 0.7165 0.2033333328125 0.721 0.2013333328125 0.74 0.2046666671875 0.74175 0.2166666671875 0.7415 0.21800000000000003 0.74
6 0.2346666671875 0.74275 0.242 0.71675 0.24066666718750002 0.7135 0.2296666671875 0.71275 0.22433333281249998 0.7165 0.22000000000000003 0.73775 0.22000000000000003 0.74125 0.22200000000000003 0.74325 0.2326666671875 0.744 0.2346666671875 0.74275
6 0.252 0.74475 0.2533333328125 0.744 0.25633333281250004 0.7365 0.25633333281250004 0.73075 0.26 0.7165 0.2553333328125 0.7135 0.2476666671875 0.7135 0.2443333328125 0.7152499999999999 0.24100000000000002 0.7205 0.23866666718750001 0.73775 0.23900000000000002 0.744 0.24066666718750002 0.74475 0.252 0.74475
6 0.2796666671875 0.71675 0.2776666671875 0.7155 0.2736666671875 0.71425 0.2676666671875 0.71425 0.26233333281250004 0.71675 0.2593333328125 0.7222500000000001 0.2573333328125 0.736 0.25666666718750003 0.74425 0.2673333328125 0.746 0.272 0.74475 0.2796666671875 0.71675
6 0.2916666671875 0.744 0.29500000000000004 0.7365 0.29500000000000004 0.72825 0.29700000000000004 0.7245 0.29700000000000004 0.71775 0.2946666671875 0.7165 0.2826666671875 0.716 0.2796666671875 0.7190000000000001 0.2783333328125 0.72325 0.2753333328125 0.7445 0.2786666671875 0.74675 0.28700000000000003 0.747 0.2916666671875 0.744
6 0.3456666671875 0.7515 0.353 0.72475 0.351 0.72075 0.33799999999999997 0.71825 0.335 0.72025 0.3333333328125 0.72425 0.3313333328125 0.7394999999999999 0.3306666671875 0.74825 0.33166666718750004 0.7495 0.33399999999999996 0.75075 0.3456666671875 0.7515
6 0.365 0.752 0.367 0.748 0.37 0.7245 0.369 0.7230000000000001 0.357 0.7215 0.354 0.72325 0.34900000000000003 0.74275 0.3483333328125 0.7485 0.3493333328125 0.75175 0.3603333328125 0.75325 0.365 0.752
6 0.3806666671875 0.7537499999999999 0.383 0.752 0.3846666671875 0.748 0.386 0.73975 0.3896666671875 0.7292500000000001 0.3906666671875 0.72425 0.3886666671875 0.72175 0.38333333281250004 0.72175 0.3806666671875 0.72075 0.37333333281250003 0.7212500000000001 0.3713333328125 0.7245 0.37 0.732 0.3696666671875 0.7424999999999999 0.3676666671875 0.752 0.371 0.75325 0.3806666671875 0.7537499999999999
6 0.40033333281249994 0.756 0.403 0.7535000000000001 0.40499999999999997 0.74675 0.40700000000000003 0.7245 0.404 0.72275 0.3923333328125 0.7222500000000001 0.39 0.728 0.3856666671875 0.752 0.3886666671875 0.755 0.395 0.75475 0.40033333281249994 0.756
6 0.7083333328125 0.779 0.7116666671874999 0.7605000000000001 0.7116666671874999 0.75575 0.709 0.752 0.697 0.7497499999999999 0.6946666671874999 0.75175 0.693 0.76325 0.6923333328125 0.77525 0.6933333328125 0.77725 0.6990000000000001 0.779 0.7083333328125 0.779
6 0.6746666671875 0.77525 0.6773333328125 0.77725 0.689 0.7777499999999999 0.6903333328125 0.77575 0.6933333328125 0.7575000000000001 0.6916666671875 0.75075 0.689 0.748 0.6753333328125 0.74775 0.674 0.748 0.6773333328125 0.75125 0.6776666671875 0.75625 0.6746666671875 0.77525
6 0.6703333328125 0.7765 0.673 0.77525 0.6736666671875 0.77325 0.6753333328125 0.75175 0.6736666671875 0.74875 0.6696666671875 0.747 0.6626666671875 0.7462500000000001 0.6583333328125 0.747 0.6573333328125 0.74775 0.658 0.7747499999999999 0.6616666671875 0.77625 0.6703333328125 0.7765
6 0.6563333328125001 0.7715 0.6573333328125 0.75625 0.6563333328125001 0.74875 0.6543333328125 0.74675 0.6463333328124999 0.74525 0.6423333328124999 0.7462500000000001 0.6416666671875 0.7474999999999999 0.6396666671875 0.77175 0.6426666671875 0.77425 0.6543333328125 0.77525 0.6563333328125001 0.7715
6 0.6353333328125 0.7737499999999999 0.6376666671875 0.7715 0.64 0.74775 0.6346666671875 0.74325 0.6266666671875 0.74275 0.6243333328125 0.744 0.624 0.75925 0.621 0.77125 0.626 0.77325 0.6353333328125 0.7737499999999999
6 0.6186666671875 0.7725 0.62 0.7715 0.6223333328125 0.76425 0.6236666671875 0.75575 0.6236666671875 0.7474999999999999 0.619 0.74175 0.6106666671875 0.7405 0.606 0.742 0.6033333328125 0.7555 0.6026666671875 0.7675 0.6043333328125 0.77125 0.6073333328125 0.7725 0.6186666671875 0.7725
6 0.5996666671875001 0.77125 0.604 0.74825 0.6033333328125 0.74375 0.5996666671875001 0.74025 0.5876666671875 0.74 0.588 0.754 0.585 0.76775 0.588 0.77025 0.5996666671875001 0.77125
6 0.5833333328125 0.76725 0.5856666671874999 0.74875 0.585 0.7415 0.583 0.7394999999999999 0.575 0.7382500000000001 0.5716666671875 0.7382500000000001 0.5693333328125 0.74025 0.5673333328125 0.7675 0.5686666671875 0.7685 0.5803333328125 0.77025 0.5833333328125 0.76725
6 0.5526666671875 0.768 0.5643333328125 0.768 0.5660000000000001 0.765 0.568 0.7525000000000001 0.5683333328125 0.74325 0.567 0.7394999999999999 0.5643333328125 0.738 0.5533333328125 0.73775 0.5516666671875 0.7405 0.5509999999999999 0.746 0.5516666671875 0.7537499999999999 0.5496666671875 0.76225 0.5503333328125 0.767 0.5526666671875 0.768
6 0.5473333328125001 0.764 0.5496666671875 0.73925 0.5466666671875 0.73675 0.5403333328125 0.73575 0.5346666671875 0.73625 0.5336666671875 0.73875 0.5313333328125001 0.7635 0.533 0.76625 0.545 0.76725 0.5473333328125001 0.764
6 0.5256666671875 0.7655000000000001 0.5296666671875 0.7635 0.532 0.7405 0.5313333328125001 0.73775 0.5293333328125 0.735 0.5223333328125 0.7335 0.517 0.73375 0.5146666671875 0.73725 0.5126666671875 0.7525000000000001 0.513 0.7635 0.5176666671875 0.76525 0.5256666671875 0.7655000000000001
6 0.49366666718749996 0.76 0.49733333281250003 0.73225 0.4863333328125 0.7302500000000001 0.4823333328125 0.73125 0.4803333328125 0.7344999999999999 0.4766666671875 0.75975 0.4796666671875 0.7615000000000001 0.4903333328125 0.7625 0.49366666718749996 0.76
6 0.47366666718749995 0.7605000000000001 0.475 0.7595 0.47533333281249995 0.751 0.47933333281249996 0.73275 0.4783333328125 0.731 0.4676666671875 0.7285 0.46266666718750005 0.7295 0.461 0.733 0.45866666718750004 0.74775 0.45766666718750004 0.755 0.45866666718750004 0.75925 0.47000000000000003 0.76125 0.47366666718749995 0.7605000000000001
6 0.4606666671875 0.73275 0.45933333281250005 0.7285 0.445 0.72825 0.4423333328125 0.7382500000000001 0.44066666718749997 0.75725 0.44299999999999995 0.75925 0.45499999999999996 0.76 0.4606666671875 0.73275
6 0.4386666671875 0.75575 0.43833333281250003 0.75125 0.44000000000000006 0.7485 0.44333333281250004 0.729 0.43966666718749997 0.72675 0.42766666718749996 0.7262500000000001 0.42533333281249996 0.7285 0.4246666671875 0.73225 0.42133333281249996 0.75575 0.42400000000000004 0.7577499999999999 0.43533333281250003 0.7585 0.4386666671875 0.75575
7 0.10711299999999999 0 0.10373033281249999 0.00035 0.1023426671875 0.008938999999999999 0.19878766718750002 0.020130500000000003 0.20295100000000002 0 0.10711299999999999 0
7 0.20295100000000002 0 0.2015633328125 0.01882925 0.294886 0.02950025 0.2976613328125 0 0.20295100000000002 0
7 0.29748800000000003 0 0.292631 0.0442665 0.3866473328125 0.054937749999999994 0.393586 0 0.29748800000000003 0
7 0.39245833281250003 0 0.384913 0.053376 0.4792763328125 0.06300599999999999 0.48656166718750005 0.00132175 0.47546033281250005 0 0.39245833281250003 0
7 0.581619 0.01095175 0.48699533281249996 0.0007155 0.4782356671875 0.06300599999999999 0.5719053328125 0.07315675 0.581619 0.01095175
7 0.674595 0.02084225 0.5815323328125 0.01047275 0.5743336671875 0.05780075 0.6666156671875 0.067691 0.674595 0.02084225
7 0.1905566671875 0.1577585 0.0936983328125 0.1466655 0.0873783328125 0.19348475 0.1855593328125 0.20429075000000002 0.1905566671875 0.1577585
7 0.28668 0.16724125 0.1907036671875 0.15713749999999999 0.1840896671875 0.219287 0.2772733328125 0.22788775 0.28668 0.16724125
7 0.3825096671875 0.17716525 0.2858716671875 0.16733425 0.2784493328125 0.22854925 0.373103 0.23825275 0.3825096671875 0.17716525
7 0.47481166718749995 0.18614550000000002 0.3825096671875 0.176704 0.373103 0.23775 0.465111 0.24723299999999998 0.47481166718749995 0.18614550000000002
7 0.5656436671875 0.19540775 0.4751053328125 0.1863495 0.46452299999999996 0.2474535 0.556825 0.25649525 0.5656436671875 0.19540775
7 0.6576516671875 0.205382 0.5668196671875 0.195899 0.5588826671875 0.24110825 0.650597 0.250591 0.6576516671875 0.205382
7 0.7511296671875 0.2131005 0.6588276671875 0.20398675000000002 0.650891 0.2508115 0.741429 0.26117650000000003 0.7511296671875 0.2131005
0 0.5272833328125001 0.41685724999999996 0.5261416671875 0.42432100000000006 0.547344 0.42591175000000003 0.54767 0.4200385 0.549138 0.417469 0.5558246671875 0.38015024999999997 0.5548463328125 0.37807 0.5556616671875 0.37183 0.5351526671875 0.36974450000000003 0.535112 0.377336 0.5289143328125 0.41722425 0.5272833328125001 0.41685724999999996
0 0.5496273328125 0.418448 0.5468546671875 0.41942674999999996 0.5462023328125001 0.426034 0.5675676671875001 0.42835875 0.5690353328125 0.42089499999999996 0.5714819999999999 0.41979375 0.57719 0.3819855 0.5758853328125 0.38015024999999997 0.576864 0.37329825 0.5557433328125 0.3715795 0.554683 0.3772135 0.5568033328124999 0.37880425 0.5496273328125 0.418448
0 0.5713186671875 0.419182 0.5693616671874999 0.42077275 0.5677306671875 0.4282365 0.589096 0.43056124999999995 0.5904006671875 0.42407625 0.592358 0.42211875 0.5987186671875 0.3833315 0.5964353328125 0.38186325 0.5980663328125 0.37599 0.576701 0.373543 0.5763746671875001 0.37843725 0.577027 0.38125149999999997 0.5713186671875 0.419182
0 0.5931733328125001 0.42199625 0.5902376671875 0.42407625 0.5886066671875 0.4303165 0.6088303328125 0.43190724999999996 0.6106243328125001 0.4248105 0.6127446671875 0.42407625 0.6192683328124999 0.38418800000000003 0.6176373328125 0.38296450000000004 0.6179636671875001 0.37709125 0.599371 0.37611249999999996 0.597414 0.38100675 0.5990446671874999 0.38223025 0.5931733328125001 0.42199625
0 0.6370863328125 0.42538600000000004 0.634477 0.42538600000000004 0.632683 0.433339 0.6537219999999999 0.43554149999999997 0.6542113328125 0.429179 0.6581256671875 0.426487 0.6646493328124999 0.38904575 0.662366 0.38696575 0.663997 0.38109275 0.6437733328124999 0.37901250000000003 0.6421423328125 0.38537525 0.6444256671875 0.38537525 0.6370863328125 0.42538600000000004
0 0.658615 0.4266095 0.6547006671875 0.42930124999999997 0.653559 0.43529675 0.6752506671875 0.43700975 0.6767183328125 0.43003549999999996 0.6804696671875 0.42795550000000004 0.6873193328125 0.39075875 0.6838943328125 0.388434 0.6853623328125 0.38268325000000003 0.663997 0.3806005 0.6628553328125 0.38623175 0.6651386671874999 0.38782225000000004 0.658615 0.4266095
0 0.6819373328125 0.42807775000000003 0.6783493328125 0.43028025000000003 0.6768813328125 0.437377 0.6977573328125 0.4386005 0.6988993328124999 0.43150374999999996 0.7029766671875 0.430525 0.709174 0.391493 0.7052596671875 0.39051425 0.7062383328124999 0.38402925 0.6856886671875 0.3824385 0.68471 0.388067 0.6874826671875 0.39051425 0.6819373328125 0.42807775000000003
0 0.3973123328125 0.501959 0.3973123328125 0.5050012500000001 0.395188 0.522096 0.435547 0.52687675 0.43651233281249996 0.507609 0.4461676671875 0.44966025 0.40648466718750004 0.44574525 0.40426399999999996 0.46458199999999994 0.40233299999999994 0.46559625000000004 0.3973123328125 0.501959
0 0.463615 0.47034525 0.4623883328125 0.47034525 0.4609386671875 0.47745625 0.4569243328125 0.48565500000000006 0.4417306671875 0.48112950000000004 0.437298 0.5142665 0.4580393328125 0.517111 0.463615 0.47034525
0 0.4871303328125 0.4648305 0.48295766718750005 0.4655895 0.479923 0.48465674999999997 0.47853199999999996 0.48902049999999997 0.466899 0.48636425 0.4639906671875 0.47839574999999995 0.45804799999999996 0.516815 0.47878499999999996 0.5184277500000001 0.4871303328125 0.4648305
0 0.48042866718750005 0.51112325 0.4790376671875 0.518238 0.4997746671875 0.5198505 0.50066 0.5134000000000001 0.5063500000000001 0.47811125 0.505212 0.478206 0.5012920000000001 0.48883075 0.4883946671875 0.48323375 0.4886476671875 0.48076749999999996 0.4920616671875 0.47735225000000003 0.4919353328125 0.47365275 0.491556 0.47023775 0.5065713328125 0.46672525 0.4875096671875 0.4649255 0.4871303328125 0.47156575 0.48042866718750005 0.51112325
0 0.5005333328125 0.52004025 0.520891 0.5217477500000001 0.5222819999999999 0.5151074999999999 0.5230406671875001 0.514159 0.5277193328124999 0.48266475 0.508373 0.478206 0.503568 0.511977 0.5021773328125 0.513305 0.5005333328125 0.52004025
0 0.5232936671874999 0.5212735000000001 0.543525 0.5236449999999999 0.543525 0.51691 0.5456743328125 0.51634075 0.5514910000000001 0.48256975 0.545801 0.48465674999999997 0.5412486671875001 0.4862695 0.5390993328125 0.48769225 0.537329 0.49101249999999996 0.535053 0.49262525 0.5323976671875 0.49186625 0.5327770000000001 0.4882615 0.5353060000000001 0.4820005 0.530501 0.483139 0.525949 0.51321025 0.5240523328125 0.5147280000000001 0.5232936671874999 0.5212735000000001
0 0.544315 0.523049 0.5644199999999999 0.5247565 0.5651786671875 0.5181162500000001 0.567328 0.5185905 0.5704893328125 0.503128 0.5665693328125 0.50265375 0.5543043328125 0.49734125 0.555948 0.48187875 0.5524076671875 0.4827285 0.5473496671875 0.51536525 0.544568 0.51669325 0.544315 0.523049
0 0.5651786671875 0.52494625 0.5847776671875 0.52769725 0.5873066671875 0.520298 0.588318 0.52020325 0.595146 0.481689 0.5904676671875 0.4814045 0.5864213328125001 0.49610825 0.5878123328125 0.5020844999999999 0.5754206671875 0.5041715 0.5720066671875 0.5037105000000001 0.5692246671875 0.51802125 0.5665693328125 0.518875 0.5651786671875 0.52494625
10 0.6343556671874999 0.41901099999999997 0.6385323328125 0.3938235 0.6383716671874999 0.38803899999999997 0.6194566671875 0.3869145 0.6137940000000001 0.42190325 0.6327493328125 0.42347 0.6343556671874999 0.41901099999999997
10 0.3561216671875 0.49576475000000003 0.36026166718749997 0.46184824999999996 0.3411346671875 0.460501 0.336581 0.48483200000000004 0.336084 0.4946465 0.3561216671875 0.49576475000000003
10 0.5934256671875 0.51690575 0.6190933328125 0.5198875000000001 0.6215773328124999 0.514421 0.625883 0.489698 0.623896 0.48510125000000004 0.6025750000000001 0.48301225 0.6035269999999999 0.48833125 0.599056 0.513303 0.5934256671875 0.51690575
5 0.098694 0.9513652499999999 0.07666366718749999 0.95018475 0.0709593328125 0.9891427500000001 0.0937766671875 0.98988075 0.098694 0.9513652499999999
5 0.12072433281249999 0.9526935 0.0983496671875 0.9510177499999999 0.0929896671875 0.989438 0.11521666718750001 0.990766 0.12072433281249999 0.9526935
5 0.141968 0.9538740000000001 0.12121599999999999 0.95193975 0.113053 0.99120875 0.1354766671875 0.9929797499999999 0.141968 0.9538740000000001
5 0.1626213328125 0.9553497500000001 0.14236133281250002 0.9535994999999999 0.1356736671875 0.9916515 0.1573103328125 0.99327475 0.1626213328125 0.9553497500000001
5 0.18307800000000002 0.9566777500000001 0.16153966718749999 0.9554435 0.1573103328125 0.9935700000000001 0.177964 0.994603 0.18307800000000002 0.9566777500000001
5 0.20668199999999998 0.9578582499999999 0.18465166718749998 0.95655 0.1769803328125 0.9934222500000001 0.1999943328125 0.99548825 0.20668199999999998 0.9578582499999999
5 0.22561433281249998 0.9586292500000001 0.2065346671875 0.9576565 0.20043700000000003 0.99507875 0.220697 0.9965545 0.22561433281249998 0.9586292500000001
5 0.2961803328125 0.9632747500000001 0.276117 0.9620822499999999 0.268839 0.99975 0.2900826671875 0.99975 0.2961803328125 0.9632747500000001
5 0.315457 0.96475025 0.295541 0.963373 0.2900826671875 0.99975 0.3093593328125 0.99975 0.315457 0.96475025
5 0.3361103328125 0.96637375 0.315457 0.96484825 0.30916266718749996 0.99975 0.33099633281249996 0.99975 0.3361103328125 0.96637375
5 0.3577473328125 0.9679970000000001 0.3361103328125 0.9661390000000001 0.33119299999999996 0.9997242500000001 0.35105966718750004 0.99975 0.3577473328125 0.9679970000000001
5 0.37899099999999997 0.9688822500000001 0.35676366718749997 0.96779875 0.351453 0.99975 0.37289333281250003 0.99975 0.37899099999999997 0.9688822500000001
5 0.3994476671875 0.9706530000000001 0.3786466671875 0.9687207499999999 0.37309000000000003 0.99975 0.3931533328125 0.99975 0.3994476671875 0.9706530000000001
5 0.41951099999999997 0.9721287500000001 0.4002343328125 0.97094825 0.39335 0.9997242500000001 0.4145936671875 0.99975 0.41951099999999997 0.9721287500000001
5 0.5309903328125001 0.979833 0.5099436671875 0.97849425 0.5046326671875 0.99945975 0.5270563328125 0.99975 0.5309903328125001 0.979833
5 0.5498736671875 0.98130875 0.5308430000000001 0.9799694999999999 0.5264663328125 0.99975 0.54771 0.99975 0.5498736671875 0.98130875
5 0.5715106671875 0.9830795 0.5502670000000001 0.98144475 0.5469229999999999 0.99975 0.569937 0.99975 0.5715106671875 0.9830795
5 0.5913773328125 0.98455525 0.571904 0.9831044999999999 0.5695436671875 0.99975 0.5892136671875 0.99975 0.5913773328125 0.98455525
5 0.6116373328125 0.98588325 0.591574 0.9849485 0.5901970000000001 0.9996072500000001 0.6100636671874999 0.99975 0.6116373328125 0.98588325
5 0.6330776671875 0.987359 0.6119816671875 0.98623925 0.6100636671874999 0.9996072500000001 0.6313073328125001 0.99975 0.6330776671875 0.987359
5 0.6535343328125001 0.9886872500000001 0.632684 0.98765425 0.6313073328125001 0.99975 0.6521573328125 0.9996072500000001 0.6535343328125001 0.9886872500000001
5 0.6737943328125 0.9897202500000001 0.65378 0.9880832500000001 0.652354 0.99975 0.6722206671875 0.99975 0.6737943328125 0.9897202500000001