0 0.745603 0.20530825 0.7450626671875 0.2535675 0.735064 0.2596505 0.735334 0.265328 0.7274973328125001 0.27141125 0.7293890000000001 0.28357725 0.7739776671875 0.28276625 0.7755989999999999 0.27080275 0.7850573328125 0.26695025 0.7842466671875 0.25640625 0.793975 0.25275625 0.796137 0.20510525 0.781004 0.19699450000000002 0.781274 0.18543674999999998 0.7347936671874999 0.18665325 0.7342533328124999 0.18645050000000002 0.7347936671874999 0.19821125 0.745603 0.20530825
0 0.7942453328125 0.25275625 0.7853276671875 0.2543785 0.7853276671875 0.26634199999999997 0.7753289999999999 0.27080275 0.7750586671875 0.2825635 0.8223496671875001 0.282158 0.823971 0.2710055 0.83424 0.264517 0.8334293328125 0.25721725 0.843428 0.25316174999999996 0.8464006671875 0.205511 0.8291056671874999 0.19821125 0.8304566671875 0.185234 0.7837063328125 0.185234 0.7837063328125 0.19557525 0.797218 0.20510525 0.7942453328125 0.25275625
0 0.8460153328125 0.2518455 0.8346656671874999 0.25650925 0.8338546671874999 0.26522825 0.8241263328124999 0.27131150000000004 0.8227753328125 0.282261 0.8700663328125 0.28063875 0.8687150000000001 0.2694865 0.881146 0.26360625 0.881146 0.25468425 0.8938470000000001 0.2528595 0.8976303328125 0.2025725 0.8781733328125 0.1936505 0.877633 0.1839175 0.8311773328125 0.18426325 0.829531 0.19709749999999998 0.8481773328125 0.2052085 0.8460153328125 0.2518455
0 0.8954683328125 0.2500205 0.8806053328125 0.2536705 0.8800649999999999 0.262998 0.8687150000000001 0.26887825 0.8692556671875 0.28104450000000003 0.9162763328124999 0.280436 0.9165466671875 0.26705325 0.9289773328125 0.26360625 0.9292476671875001 0.25346775 0.9430296671875 0.25083175 0.947894 0.1989225 0.9187086671875001 0.19263675 0.9170870000000001 0.182701 0.8788143328125001 0.183503 0.8787136671875 0.1928395 0.8992516671875 0.20399175 0.8954683328125 0.2500205
8 0.193963 0.771553 0.195659 0.7818615 0.20193466718750003 0.7900065 0.20312199999999997 0.798915 0.225171 0.798915 0.2253406671875 0.7916610000000001 0.2194043328125 0.7823705000000001 0.216012 0.76849875 0.2175386671875 0.7550085 0.2239836671875 0.74571825 0.2226266671875 0.729301 0.2005776671875 0.72815575 0.200069 0.7448275 0.1943023328125 0.75309975 0.193963 0.771553
8 0.2161816671875 0.7664625 0.2188953328125 0.7816069999999999 0.224662 0.79038825 0.22551000000000002 0.79802425 0.24688066718749999 0.79878775 0.24518466718749998 0.79077 0.2397573328125 0.7737165 0.2387396671875 0.7564085 0.24467566718749997 0.74737275 0.24450633281249998 0.72981025 0.2224776671875 0.72920175 0.2233053328125 0.7461 0.217708 0.75386325 0.2161816671875 0.7664625
8 0.2608876671875 0.77339825 0.26258366718750004 0.784343 0.267672 0.792997 0.2680113328125 0.7998695 0.289721 0.7989785 0.2895513328125 0.79134275 0.2853113328125 0.7849795 0.2831063328125 0.77072575 0.281919 0.75609025 0.28683766718750003 0.74603625 0.2861593328125 0.73038275 0.2640383328125 0.730474 0.2656366671875 0.74603625 0.2603786671875 0.754054 0.2608876671875 0.77339825
8 0.2829366671875 0.76665325 0.283615 0.7824340000000001 0.2895513328125 0.7905789999999999 0.2895513328125 0.7994875 0.31075233281250003 0.79961475 0.31092200000000003 0.794906 0.305664 0.78854275 0.3041376671875 0.778998 0.30312 0.7565992500000001 0.3099043328125 0.74260025 0.3088866671875 0.72898275 0.2867273328125 0.7290425 0.2876856671875 0.74603625 0.282767 0.7544357500000001 0.2829366671875 0.76665325
8 0.303968 0.7848522499999999 0.310413 0.79401525 0.3105826671875 0.7998695 0.3333103328125 0.799233 0.33500633281250003 0.7951604999999999 0.32771300000000003 0.7900699999999999 0.3270346671875 0.780907 0.3263563328125 0.755963 0.3324623328125 0.7423457499999999 0.3319533328125 0.7249105 0.309416 0.72458975 0.3105826671875 0.74170925 0.30312 0.75634475 0.303968 0.7848522499999999
8 0.6907426671875 0.74798675 0.6880526671875 0.77876725 0.6858673328125 0.7781365 0.684354 0.7915085000000001 0.7058736671875 0.7920130000000001 0.70621 0.7857055 0.7092363328125 0.78457025 0.7127666671874999 0.74899575 0.7080593328125 0.7386515 0.7080593328125 0.7213689999999999 0.6858853328125 0.7210815 0.6863716671875 0.7213689999999999 0.6851946671875 0.73764225 0.6907426671875 0.74798675
8 0.7092363328125 0.783561 0.7055376671875 0.7857055 0.7057056671875 0.7920130000000001 0.726889 0.79213925 0.728066 0.7850747499999999 0.7331096671874999 0.78242575 0.736304 0.74886975 0.7290746671874999 0.73739 0.730756 0.7218735 0.7092363328125 0.7218735 0.7070506671875 0.73675925 0.7137756671875 0.7478605 0.7092363328125 0.783561
8 0.733614 0.7815427500000001 0.7277296671875 0.78532725 0.7275616671875 0.7923915 0.7480726671875 0.79251775 0.751603 0.78457025 0.7559743328125 0.7730905 0.7579916671875 0.748239 0.751603 0.73877775 0.7522756671875 0.7219997499999999 0.7317063328125 0.721239 0.729411 0.7372639999999999 0.7352953328125 0.7476082500000001 0.733614 0.7815427500000001
8 0.7564056671875 0.77488925 0.7533793328125 0.7784215 0.7476633328125 0.79255025 0.7688466671875 0.79204575 0.7727136671875 0.783846 0.7782616671875 0.77388 0.779943 0.7466315 0.7742266671875 0.738558 0.775908 0.720897 0.7529353328124999 0.7210815 0.75153 0.7378009999999999 0.758255 0.7473885 0.7564056671875 0.77488925
8 0.7769213328125 0.7809429999999999 0.7740633328125 0.78207825 0.7698603328125 0.7915395000000001 0.790203 0.7906565 0.7923886671875 0.782709 0.7955829999999999 0.782583 0.8019716671875001 0.7687065 0.8034846671875 0.74751325 0.7952466671875 0.7369165 0.7996179999999999 0.7221569999999999 0.7769213328125 0.7210215 0.7740633328125 0.73704275 0.780452 0.7470085 0.7769213328125 0.7809429999999999
8 0.8026439999999999 0.7670665 0.7959193328125 0.7824567499999999 0.793061 0.7829615000000001 0.7903713328124999 0.7915395000000001 0.8128996671875001 0.792801 0.8127313328125 0.78333975 0.8251726671874999 0.7824567499999999 0.8278623328125001 0.74675625 0.8172706671875 0.7335105000000001 0.8208013328125 0.7176155 0.7989666671875 0.71714025 0.7949103328125 0.735529 0.8056703328125 0.7461255 0.8026439999999999 0.7670665
7 0.21297066718750002 0.00866625 0.0953003328125 0.0086455 0.10157766718750001 0.070316 0.217536 0.069631 0.21297066718750002 0.00866625
2 0.5689326671875 0.7875535 0.565886 0.79036675 0.5654173328125001 0.7956415 0.6080726671875001 0.7952899999999999 0.608307 0.78896 0.6113536671875 0.78983925 0.6132286671875 0.7534425 0.6092443328125 0.740431 0.6104163328125 0.72267225 0.567175 0.72292825 0.5661203328125 0.73814525 0.5694016671875 0.75115675 0.5689326671875 0.7875535
6 0.205 0.3775 0.20633333281250002 0.37475 0.20633333281250002 0.365 0.20400000000000001 0.34950000000000003 0.1893333328125 0.3445 0.1853333328125 0.346 0.1843333328125 0.353 0.1883333328125 0.37324999999999997 0.1933333328125 0.37675000000000003 0.205 0.3775
6 0.248 0.37725 0.253 0.373 0.252 0.34900000000000003 0.2483333328125 0.34700000000000003 0.2323333328125 0.34475 0.231 0.34550000000000003 0.22999999999999998 0.34950000000000003 0.2326666671875 0.37425 0.2366666671875 0.377 0.248 0.37725
6 0.31433333281250003 0.356 0.31266666718749997 0.34875 0.31066666718749997 0.34725 0.2986666671875 0.346 0.29700000000000004 0.34825 0.2983333328125 0.3745 0.3056666671875 0.377 0.31433333281250003 0.37675000000000003 0.31433333281250003 0.356
6 0.3573333328125 0.37875000000000003 0.3596666671875 0.37374999999999997 0.3596666671875 0.34925 0.357 0.34725 0.3433333328125 0.3465 0.3416666671875 0.3465 0.3396666671875 0.34925 0.3393333328125 0.36724999999999997 0.3406666671875 0.376 0.3416666671875 0.3775 0.3573333328125 0.37875000000000003
6 0.3213333328125 0.34725 0.3186666671875 0.34825 0.318 0.35 0.3183333328125 0.37675000000000003 0.3376666671875 0.3775 0.3376666671875 0.34775 0.3213333328125 0.34725
6 0.40199999999999997 0.34950000000000003 0.4 0.34750000000000003 0.3943333328125 0.34675 0.3866666671875 0.34700000000000003 0.384 0.3485 0.385 0.37374999999999997 0.3883333328125 0.377 0.40199999999999997 0.377 0.40199999999999997 0.34950000000000003
6 0.426 0.354 0.4246666671875 0.34975 0.4206666671875 0.34675 0.41100000000000003 0.34550000000000003 0.4066666671875 0.3465 0.4046666671875 0.35025 0.40533333281250006 0.3735 0.40800000000000003 0.37625000000000003 0.42366666718749996 0.37875000000000003 0.426 0.354
6 0.507 0.374 0.508 0.34950000000000003 0.5063333328125 0.34675 0.5023333328125 0.34475 0.49000000000000005 0.34525 0.488 0.3485 0.4876666671875 0.35375 0.48733333281249996 0.366 0.48966666718749996 0.3765 0.5056666671875 0.37625000000000003 0.507 0.374
6 0.526 0.376 0.528 0.37324999999999997 0.5286666671875 0.34925 0.5253333328124999 0.346 0.5136666671875 0.34625 0.5096666671875 0.34900000000000003 0.5093333328125 0.3655 0.5106666671875 0.37324999999999997 0.5136666671875 0.37575 0.526 0.376
6 0.5473333328125001 0.373 0.548 0.348 0.5446666671875 0.34500000000000003 0.5373333328125 0.34525 0.5333333328125 0.3465 0.5309999999999999 0.34925 0.532 0.37425 0.5349999999999999 0.37625000000000003 0.545 0.37575 0.5473333328125001 0.373
6 0.5686666671875 0.37525 0.5706666671875 0.373 0.5703333328125 0.34925 0.568 0.34625 0.5603333328125 0.34375 0.5559999999999999 0.34875 0.553 0.36175 0.553 0.37324999999999997 0.5556666671875 0.3745 0.5686666671875 0.37525
6 0.5893333328125 0.3755 0.5916666671875 0.373 0.5926666671875 0.36625 0.5916666671875 0.34775 0.5876666671875 0.34325 0.5796666671875 0.34249999999999997 0.5743333328125 0.34550000000000003 0.5726666671875 0.34900000000000003 0.572 0.3635 0.5733333328125 0.37374999999999997 0.5773333328125 0.37625000000000003 0.5893333328125 0.3755
6 0.6113333328125 0.37475 0.613 0.37324999999999997 0.6123333328125 0.34575 0.6076666671875001 0.343 0.599 0.34375 0.5943333328125 0.34550000000000003 0.5943333328125 0.3655 0.596 0.373 0.5986666671875 0.37475 0.6113333328125 0.37475
6 0.6306666671875 0.375 0.6336666671875 0.37174999999999997 0.6343333328125 0.366 0.6346666671875 0.3485 0.6323333328125 0.34225 0.627 0.341 0.6156666671875 0.34475 0.6143333328125 0.352 0.614 0.36524999999999996 0.6156666671875 0.3725 0.6266666671875 0.37525 0.6306666671875 0.375
6 0.6736666671875 0.37374999999999997 0.6766666671875 0.37275 0.678 0.3505 0.6769999999999999 0.34525 0.6693333328125 0.33999999999999997 0.661 0.343 0.6573333328125 0.34575 0.657 0.34825 0.6566666671875 0.35724999999999996 0.6599999999999999 0.37275 0.662 0.37374999999999997 0.6736666671875 0.37374999999999997
6 0.6893333328125 0.3745 0.696 0.37275 0.6980000000000001 0.3705 0.6990000000000001 0.3645 0.6980000000000001 0.34475 0.6933333328125 0.341 0.689 0.34049999999999997 0.6816666671875 0.343 0.6786666671875 0.34550000000000003 0.6776666671875 0.35975 0.679 0.37 0.682 0.3725 0.6893333328125 0.3745
6 0.764 0.369 0.765 0.36225 0.7653333328125 0.34875 0.7636666671875 0.339 0.7556666671875 0.3365 0.7436666671875 0.33849999999999997 0.7403333328125 0.34275 0.7383333328125 0.35350000000000004 0.739 0.373 0.745 0.3745 0.7606666671875 0.373 0.764 0.369
6 0.783 0.371 0.7853333328125001 0.369 0.786 0.34500000000000003 0.778 0.33775 0.7726666671875 0.33799999999999997 0.768 0.3415 0.7663333328124999 0.36075 0.7676666671875 0.369 0.771 0.371 0.783 0.371
6 0.8063333328125 0.37025 0.808 0.3655 0.808 0.34175 0.8063333328125 0.33849999999999997 0.7946666671875 0.33625 0.7903333328125 0.34049999999999997 0.788 0.34575 0.787 0.358 0.7886666671875 0.369 0.7973333328125001 0.37075 0.8063333328125 0.37025
6 0.8263333328125 0.37025 0.829 0.369 0.8293333328125 0.35075 0.8266666671875 0.3375 0.8173333328125001 0.3355 0.8093333328125001 0.33775 0.8093333328125001 0.369 0.8103333328125 0.37 0.8173333328125001 0.37075 0.8263333328125 0.37025
6 0.8516666671875001 0.3445 0.8493333328125001 0.33775 0.842 0.3355 0.8363333328125 0.3365 0.8316666671874999 0.34775 0.833 0.36875 0.8496666671875 0.36924999999999997 0.851 0.36625 0.8516666671875001 0.3445
6 0.8720000000000001 0.369 0.874 0.3645 0.8763333328125 0.34175 0.8736666671875 0.33725 0.869 0.33475 0.8573333328125001 0.33525 0.8526666671875001 0.34625 0.8533333328125 0.36625 0.8573333328125001 0.37 0.8603333328125 0.37075 0.8720000000000001 0.369
6 0.9146666671875 0.36675 0.9163333328125001 0.36524999999999996 0.921 0.33775 0.905 0.33399999999999996 0.8953333328124999 0.33475 0.8886666671875 0.3365 0.8859999999999999 0.3415 0.8856666671875001 0.3645 0.8883333328124999 0.3705 0.8966666671875 0.37075 0.9146666671875 0.36675
6 0.9369999999999999 0.36974999999999997 0.9383333328125 0.369 0.9390000000000001 0.36225 0.9393333328125 0.3365 0.9276666671875 0.33475 0.9223333328125 0.33775 0.9183333328125001 0.34500000000000003 0.917 0.35750000000000004 0.9189999999999999 0.365 0.9276666671875 0.37075 0.9369999999999999 0.36974999999999997
6 0.908 0.5145 0.9106666671875001 0.5025000000000001 0.9109999999999999 0.48624999999999996 0.9076666671875 0.48375 0.8976666671875 0.483 0.893 0.4845 0.8906666671875 0.48674999999999996 0.89 0.49574999999999997 0.8939999999999999 0.51025 0.8963333328124999 0.51275 0.908 0.5145
6 0.8869999999999999 0.5125 0.8896666671875 0.51 0.8893333328124999 0.48600000000000004 0.876 0.4835 0.8713333328124999 0.48425 0.8683333328125 0.48624999999999996 0.8683333328125 0.501 0.8706666671875001 0.51075 0.8763333328125 0.513 0.8869999999999999 0.5125
6 0.868 0.51025 0.8666666671875 0.48650000000000004 0.8646666671875 0.485 0.8563333328124999 0.484 0.8493333328125001 0.48425 0.8473333328124999 0.48575 0.849 0.51275 0.858 0.51425 0.865 0.51375 0.868 0.51025
6 0.8453333328125 0.5145 0.8466666671875 0.5115000000000001 0.8463333328125 0.49275 0.8446666671875 0.48624999999999996 0.8356666671875 0.48425 0.8300000000000001 0.48475 0.8283333328125 0.48600000000000004 0.8273333328125 0.49424999999999997 0.8296666671875 0.512 0.8333333328125001 0.514 0.8453333328125 0.5145
6 0.826 0.51375 0.8273333328125 0.49124999999999996 0.826 0.48550000000000004 0.8223333328125 0.484 0.806 0.4835 0.8019999999999999 0.48624999999999996 0.8003333328125001 0.49400000000000005 0.7986666671875 0.506 0.8009999999999999 0.51325 0.8099999999999999 0.51625 0.826 0.51375
6 0.7426666671875 0.51325 0.7433333328125 0.49050000000000005 0.74 0.48724999999999996 0.7346666671875 0.48650000000000004 0.7253333328125 0.48650000000000004 0.7223333328125 0.48925 0.7233333328125 0.5175 0.736 0.5197499999999999 0.7406666671875 0.5175 0.7426666671875 0.51325
6 0.7226666671875 0.514 0.7213333328125 0.49000000000000005 0.7173333328125 0.48724999999999996 0.713 0.48674999999999996 0.705 0.4875 0.7036666671875 0.48949999999999994 0.7046666671875 0.514 0.7086666671875 0.51725 0.7203333328125 0.51725 0.7226666671875 0.514
6 0.701 0.5165 0.702 0.49000000000000005 0.6973333328125 0.487 0.6940000000000001 0.48650000000000004 0.6876666671875 0.48674999999999996 0.6826666671875 0.49000000000000005 0.6823333328125 0.49800000000000005 0.6853333328125 0.51675 0.6940000000000001 0.5175 0.701 0.5165
6 0.6806666671875 0.49000000000000005 0.6773333328125 0.488 0.67 0.487 0.6636666671875 0.4875 0.6606666671875 0.48925 0.661 0.5175 0.6653333328125 0.519 0.6809999999999999 0.518 0.6806666671875 0.49000000000000005
6 0.5983333328125 0.517 0.5980000000000001 0.49024999999999996 0.5953333328125 0.488 0.5916666671875 0.48775 0.584 0.48775 0.5796666671875 0.48975 0.5803333328125 0.5175 0.5836666671875 0.51925 0.5956666671875 0.51875 0.5983333328125 0.517
6 0.619 0.49000000000000005 0.6153333328125 0.4875 0.6043333328125 0.488 0.601 0.49000000000000005 0.601 0.5175 0.6073333328125 0.519 0.619 0.5185 0.619 0.49000000000000005
6 0.6396666671875 0.49024999999999996 0.6346666671875 0.48674999999999996 0.623 0.48724999999999996 0.6206666671875001 0.489 0.6213333328124999 0.5175 0.623 0.5185 0.6376666671875 0.517 0.6396666671875 0.49024999999999996
6 0.658 0.51925 0.6606666671875 0.5157499999999999 0.6593333328125001 0.49000000000000005 0.654 0.48624999999999996 0.6463333328124999 0.48650000000000004 0.642 0.48875 0.6413333328124999 0.503 0.643 0.51725 0.6463333328124999 0.5195000000000001 0.658 0.51925
6 0.576 0.5185 0.5786666671875 0.5135 0.5793333328125 0.496 0.5780000000000001 0.49000000000000005 0.572 0.48724999999999996 0.562 0.49000000000000005 0.5626666671875 0.4995 0.5676666671875 0.5155000000000001 0.5716666671875 0.519 0.576 0.5185
6 0.5576666671875 0.5175 0.5576666671875 0.50925 0.5566666671875 0.49725 0.5543333328125 0.49050000000000005 0.5526666671875 0.489 0.5436666671875 0.489 0.54 0.49024999999999996 0.5403333328125 0.51775 0.5446666671875 0.52025 0.5546666671875 0.519 0.5576666671875 0.5175
6 0.5383333328125001 0.51775 0.538 0.491 0.533 0.48624999999999996 0.5213333328124999 0.48875 0.5193333328125 0.49024999999999996 0.519 0.5175 0.5216666671875 0.52025 0.533 0.52225 0.5383333328125001 0.51775
6 0.4533333328125 0.523 0.4556666671875 0.52125 0.4563333328125 0.518 0.4563333328125 0.49000000000000005 0.45499999999999996 0.488 0.4423333328125 0.489 0.4386666671875 0.49024999999999996 0.438 0.4925 0.4376666671875 0.51125 0.43966666718749997 0.5195000000000001 0.44333333281250004 0.5237499999999999 0.4533333328125 0.523
6 0.476 0.51775 0.476 0.49024999999999996 0.47400000000000003 0.488 0.462 0.48875 0.45899999999999996 0.49050000000000005 0.45899999999999996 0.5175 0.462 0.5197499999999999 0.471 0.521 0.476 0.51775
6 0.496 0.5175 0.496 0.491 0.49400000000000005 0.489 0.48200000000000004 0.48925 0.47933333281249996 0.49074999999999996 0.4796666671875 0.5175 0.4823333328125 0.5197499999999999 0.4933333328125 0.5195000000000001 0.496 0.5175
6 0.5133333328125 0.52 0.516 0.5175 0.516 0.49000000000000005 0.5133333328125 0.4885 0.501 0.4885 0.49866666718749997 0.49074999999999996 0.4996666671875 0.5175 0.5016666671875 0.5197499999999999 0.5046666671875 0.5205 0.5133333328125 0.52
6 0.4233333328125 0.52325 0.43166666718749996 0.523 0.43433333281250003 0.52125 0.43566666718749997 0.5175 0.43533333281250003 0.49050000000000005 0.4206666671875 0.49000000000000005 0.418 0.49375 0.417 0.51025 0.4186666671875 0.5205 0.42000000000000004 0.52225 0.4233333328125 0.52325
6 0.41500000000000004 0.52125 0.41600000000000004 0.49325 0.41200000000000003 0.49050000000000005 0.4 0.49050000000000005 0.3966666671875 0.49325 0.397 0.51925 0.40366666718750005 0.52525 0.41200000000000003 0.52525 0.41500000000000004 0.52125
6 0.392 0.52425 0.394 0.52175 0.3926666671875 0.49275 0.38933333281250004 0.49050000000000005 0.3806666671875 0.49074999999999996 0.375 0.49400000000000005 0.37466666718749997 0.50975 0.37666666718749997 0.52 0.3806666671875 0.52325 0.392 0.52425
6 0.374 0.517 0.3716666671875 0.49924999999999997 0.3693333328125 0.49675 0.36066666718749996 0.49800000000000005 0.3603333328125 0.51775 0.364 0.521 0.37266666718749997 0.52125 0.374 0.517
6 0.3493333328125 0.525 0.3533333328125 0.52175 0.3543333328125 0.49000000000000005 0.3533333328125 0.4885 0.3376666671875 0.48949999999999994 0.33366666718750004 0.493 0.3333333328125 0.50475 0.3356666671875 0.52025 0.3416666671875 0.524 0.3493333328125 0.525
6 0.1853333328125 0.5205 0.187 0.518 0.1873333328125 0.49400000000000005 0.1853333328125 0.49275 0.17366666718749998 0.492 0.16999999999999998 0.49450000000000005 0.1706666671875 0.5185 0.17366666718749998 0.52225 0.1816666671875 0.52175 0.1853333328125 0.5205
6 0.2066666671875 0.52125 0.20800000000000002 0.49400000000000005 0.2046666671875 0.49225 0.1916666671875 0.4925 0.1873333328125 0.49375 0.1873333328125 0.51775 0.1906666671875 0.5207499999999999 0.2053333328125 0.5225 0.2066666671875 0.52125
6 0.22833333281249998 0.52175 0.22799999999999998 0.49400000000000005 0.2246666671875 0.491 0.20800000000000002 0.49400000000000005 0.209 0.5205 0.21233333281250003 0.5225 0.22433333281249998 0.5235000000000001 0.22833333281249998 0.52175
6 0.25166666718749997 0.523 0.2533333328125 0.51775 0.2536666671875 0.5045 0.252 0.49375 0.25033333281250003 0.49225 0.24266666718750002 0.491 0.23199999999999998 0.49175 0.2293333328125 0.49400000000000005 0.2296666671875 0.5185 0.23199999999999998 0.52425 0.248 0.52525 0.25166666718749997 0.523
6 0.29100000000000004 0.523 0.2946666671875 0.5175 0.2916666671875 0.49325 0.2893333328125 0.492 0.275 0.492 0.2726666671875 0.49474999999999997 0.272 0.499 0.2716666671875 0.51075 0.2733333328125 0.5205 0.2826666671875 0.523 0.29100000000000004 0.523
7 0.3252786671875 0.010758750000000001 0.21763433281250003 0.008536249999999999 0.2191156671875 0.06966 0.333673 0.068919 0.3252786671875 0.010758750000000001
7 0.4441566671875 0.006228249999999999 0.3291056671875 0.008080500000000001 0.3310806671875 0.0703155 0.4441566671875 0.0695745 0.4441566671875 0.006228249999999999
7 0.5582203328124999 0.00585775 0.44316933281250004 0.0065735 0.4476133328125 0.070686 0.5582203328124999 0.066611 0.5582203328124999 0.00585775
7 0.66784 0.00178275 0.5585906671875 0.00472175 0.5587143328125 0.06772225 0.6683336671875 0.06401799999999999 0.66784 0.00178275
0 0.4060733328125 0.21461575000000002 0.3941556671875 0.2341235 0.3943723328125 0.25574474999999997 0.3982726671875 0.26322275 0.398056 0.26874975 0.400873 0.27460225 0.400873 0.28923299999999996 0.4489776671875 0.28842025 0.448761 0.276878 0.447461 0.27248875 0.4476776671875 0.2651735 0.445944 0.26029650000000004 0.4450773328125 0.22599550000000002 0.445944 0.19023125000000002 0.4041233328125 0.190719 0.40369 0.19023125000000002 0.4093236671875 0.19949725000000001 0.4060733328125 0.21461575000000002
0 0.4455106671875 0.25769549999999997 0.4485443328125 0.26208475 0.446594 0.27102575 0.4498443328125 0.27476475 0.4498443328125 0.28890775 0.49339866718750003 0.28874525 0.4949156671875 0.273139 0.4942656671875 0.25948375 0.4949156671875 0.21315274999999997 0.492532 0.20600000000000002 0.48169766718749996 0.20209850000000001 0.4719466671875 0.1897435 0.44529399999999997 0.18998125 0.446594 0.20681275000000002 0.4444273328125 0.21168974999999998 0.4455106671875 0.25769549999999997
0 0.5088376671875 0.28378525 0.5320233328125 0.285736 0.5341903328125001 0.2616765 0.5335403328125 0.21079374999999997 0.5333236671875 0.20299075000000003 0.5307233328125001 0.19437474999999999 0.507321 0.1951875 0.5079710000000001 0.20445375000000002 0.5099213328125 0.25988825000000004 0.5088376671875 0.28378525
0 0.547625 0.20863800000000002 0.5458913328125 0.25496875 0.5430743328125 0.27220075 0.5422076671875 0.2882945 0.588579 0.28764425 0.5887956671875 0.275452 0.5916126671875 0.271713 0.5922626671875 0.26228425 0.5950796671874999 0.25968325000000003 0.5944296671875 0.211564 0.5894456671875 0.1886425 0.5411783328124999 0.1887625 0.5409076671874999 0.201485 0.544158 0.21172675000000002 0.547625 0.20863800000000002
0 0.595513 0.257895 0.5911793328125 0.26260925 0.5918293328125 0.2718755 0.5887956671875 0.2756145 0.589229 0.2871565 0.6347336671875 0.28618125 0.6347336671875 0.274314 0.6390673328124999 0.26894925000000003 0.6395006671875 0.2603335 0.643401 0.256432 0.6453513328125 0.204086 0.6369003328125 0.1871795 0.588579 0.1875435 0.5929126671875 0.19969699999999999 0.5950796671874999 0.20977600000000002 0.595513 0.257895
0 0.6406923328125 0.259236 0.6398256671875 0.26850225 0.635492 0.27386699999999997 0.636142 0.2855715 0.6838133328125 0.28589675 0.6844633328125 0.27126575 0.6885806671875 0.26736425 0.687497 0.26118674999999997 0.6926976671875 0.255172 0.694431 0.208516 0.6894473328124999 0.205915 0.689014 0.1971365 0.6851136671875 0.18722 0.6376046671875 0.1873405 0.646543 0.2064025 0.6456763328124999 0.2541965 0.6406923328125 0.259236
0 0.6879303328125 0.25972375 0.6877136671875 0.267852 0.684897 0.27077825 0.6851136671875 0.2852465 0.7280176671875 0.283946 0.7280176671875 0.27256625 0.7349516671874999 0.266389 0.7351683328124999 0.25939875 0.7436193328125 0.25435925 0.745136 0.205915 0.7351683328124999 0.19892475 0.7351683328124999 0.18656975 0.6861970000000001 0.18689475 0.6963813328125 0.2049395 0.6946476671874999 0.25468425 0.6879303328125 0.25972375
10 0.19638 0.6233777500000001 0.3379716671875 0.6224755 0.3427816671875 0.615033 0.340076 0.583684 0.19758233281249998 0.58571375 0.1909686671875 0.594284 0.1909686671875 0.619318 0.19638 0.6233777500000001
10 0.4600986671875 0.5798479999999999 0.413352 0.57978275 0.4144043328125 0.62021825 0.4591966671875 0.618865 0.4600986671875 0.5798479999999999
10 0.5926720000000001 0.616721 0.5926720000000001 0.5828912500000001 0.58696 0.577704 0.5358546671875 0.57724625 0.536456 0.5876272499999999 0.5376583328125 0.61627 0.5926720000000001 0.616721
10 0.6919516671875 0.6168437499999999 0.6925526671875 0.58526925 0.6850373328125 0.5733159999999999 0.640245 0.574218 0.6300239999999999 0.57466925 0.6309256671875 0.6150395 0.6919516671875 0.6168437499999999
10 0.73975 0.616167 0.73975 0.5821117499999999 0.7298296671875 0.5735414999999999 0.7034503328125 0.57330075 0.7126943328124999 0.58256275 0.7099886671875 0.615716 0.73975 0.616167
10 0.8112976671875 0.616167 0.8128006671874999 0.5841415 0.8052849999999999 0.57196275 0.7402759999999999 0.57217325 0.74937 0.5818862499999999 0.7475660000000001 0.6148137499999999 0.8112976671875 0.616167
10 0.391216 0.68562325 0.39321733281250004 0.641076 0.2514423328125 0.6439925 0.24043399999999998 0.6575935 0.2434363328125 0.68662425 0.391216 0.68562325
10 0.8287169999999999 0.683179 0.8323866671875001 0.65239625 0.8177086671874999 0.6361290000000001 0.4083956671875 0.6413845 0.40305833281250003 0.65239625 0.4037253328125 0.68493075 0.8287169999999999 0.683179
8 0.4335046671875 0.770784 0.4353943328125 0.796417 0.4588546671875 0.796417 0.45916933281250005 0.7854315 0.4553906671875 0.7799977499999999 0.4557053328125 0.7550735000000001 0.4564926671875 0.74432425 0.4574373328125 0.7244794999999999 0.43200900000000003 0.724358 0.4341346671875 0.7388905 0.43255999999999994 0.7486947500000001 0.4335046671875 0.770784
8 0.4553906671875 0.77905275 0.45932700000000004 0.7855495 0.459012 0.796299 0.47853599999999996 0.79606275 0.47948066718750004 0.7543647499999999 0.47806366718750004 0.7425525000000001 0.4793233328125 0.7244794999999999 0.45779166718750003 0.724358 0.457595 0.738418 0.4560203328125 0.74952175 0.4553906671875 0.77905275
8 0.4784966671875 0.7959155 0.4994376671875 0.795443 0.50054 0.7836305 0.5014846671875001 0.7535087500000001 0.50054 0.7442949999999999 0.5014846671875001 0.7253952499999999 0.47944133281249995 0.7245055 0.4783393328125 0.7418145 0.4797563328125 0.75209125 0.4784966671875 0.7959155
8 0.5000676671875001 0.795443 0.5222683328125 0.79532475 0.5243153328125 0.7522095 0.5225833328125 0.7433500000000001 0.5241576671875 0.725159 0.5024293328125 0.72551325 0.5011696671875 0.741224 0.5014846671875001 0.7504375 0.5000676671875001 0.795443
8 0.5230556671875 0.79532475 0.5425796671875001 0.795443 0.5455713328125 0.75291825 0.5436816671875 0.74016075 0.5443116671875 0.72504075 0.5241183328125001 0.72480075 0.5227406671875 0.7409877500000001 0.5243153328125 0.7513825 0.5230556671875 0.79532475
8 0.543052 0.79520675 0.5654103328125 0.7960335 0.5654103328125 0.7922534999999999 0.569189 0.7876467500000001 0.569189 0.7531545000000001 0.5650953328125 0.73909775 0.5668273328125 0.7226785 0.544784 0.7221437500000001 0.5438393328125 0.7388615 0.546831 0.75055575 0.543052 0.79520675
9 0.538659 0.9063865 0.6178433328125 0.90703575 0.620656 0.9011925 0.623901 0.8701909999999999 0.6197903328125001 0.85834225 0.621305 0.8422734999999999 0.538713 0.8434022499999999 0.5382263328125 0.85850475 0.5401733328125 0.8664580000000001 0.538659 0.9063865
9 0.621305 0.90009725 0.6187086671875 0.9054534999999999 0.7000566671875 0.9044795000000001 0.7033016671875 0.898474 0.7067633328125 0.86682325 0.7017873328124999 0.8575715 0.7033016671875 0.841178 0.6217376671875 0.8419825 0.6204393328125 0.8578962499999999 0.6230356671874999 0.8673102500000001 0.621305 0.90009725
9 0.7050326671875 0.89693125 0.7002729999999999 0.9037482499999999 0.7814043328125 0.9032612500000001 0.7820533328125 0.8979050000000001 0.7852986671875 0.896282 0.7911400000000001 0.8683645 0.783568 0.8558665 0.785515 0.8397975000000001 0.7041673328125 0.841096 0.7035180000000001 0.8560287499999999 0.7067633328125 0.866579 0.7050326671875 0.89693125
9 0.786813 0.895795 0.7820533328125 0.8977427499999999 0.7820533328125 0.9037482499999999 0.8614539999999999 0.9022875000000001 0.8616703328125 0.8966065000000001 0.8703243328125 0.896282 0.8727043328124999 0.864956 0.8659973328125 0.8545680000000001 0.8646993328124999 0.8381745 0.7853526671875 0.839143 0.7840006671874999 0.8545680000000001 0.7900583328125 0.8659297499999999 0.786813 0.895795
1 0.700922 0.999644 0.783568 0.99975 0.7859476671875 0.980329 0.7809716671875 0.9666947499999999 0.7814043328125 0.9516 0.7017873328124999 0.9521184999999999 0.70222 0.96766875 0.705249 0.9777319999999999 0.700922 0.999644
1 0.784217 0.99975 0.8653483328125 0.999644 0.867512 0.9785435 0.8614539999999999 0.9657209999999999 0.8610213328125 0.94997675 0.7821073328125 0.9509015 0.7816206671875 0.963611 0.7865966671875 0.97805675 0.784217 0.99975
8 0.21900466718749997 0.9036545 0.22485433281249997 0.9045687499999999 0.22534200000000001 0.90859175 0.2640973328125 0.9089575 0.264341 0.90475175 0.26044100000000003 0.903106 0.25776 0.8720192499999999 0.26287866718749997 0.86251025 0.262391 0.8449555 0.220589 0.8453062499999999 0.222417 0.8610475 0.2163233328125 0.8685447500000001 0.21900466718749997 0.9036545
8 0.2601973328125 0.9027402500000001 0.2636096671875 0.9042030000000001 0.2636096671875 0.90859175 0.3060213328125 0.9087747500000001 0.30650900000000003 0.904386 0.3018776671875 0.90328875 0.300659 0.87183625 0.3038276671875 0.86141325 0.3040713328125 0.8460527499999999 0.261416 0.84507775 0.2626346671875 0.8610475 0.2582473328125 0.87073925 0.2601973328125 0.9027402500000001
8 0.3013903328125 0.903106 0.30529 0.9049345000000001 0.30553400000000003 0.90859175 0.3477016671875 0.90859175 0.347458 0.90402025 0.3430706671875 0.9027402500000001 0.341608 0.8716535000000001 0.34550800000000004 0.86324175 0.3452643328125 0.84586975 0.304376 0.8459917499999999 0.30455899999999997 0.8597675 0.3001716671875 0.8701905 0.3013903328125 0.903106
8 0.3438016671875 0.9018257500000001 0.3479453328125 0.9045687499999999 0.3486766671875 0.9087747500000001 0.3881633328125 0.9080432500000001 0.387432 0.9007287500000001 0.38499466718750003 0.903106 0.3835323328125 0.8734819999999999 0.385482 0.8648875 0.38596966718750003 0.8445897499999999 0.34550800000000004 0.8453062499999999 0.3459953328125 0.86251025 0.3420956671875 0.8705562499999999 0.3438016671875 0.9018257500000001