5 0.17957099999999998 0.57673 0.1797493328125 0.5796695 0.180996 0.5820747500000001 0.1820646671875 0.586484 0.18402366718750002 0.601449 0.21020466718750003 0.60038 0.20949233281250002 0.5859495 0.2059303328125 0.58047125 0.2066426671875 0.5760620000000001 0.20771133281249998 0.55414875 0.1802836671875 0.554416 0.1804616671875 0.5707172500000001 0.1804616671875 0.5741912499999999 0.17957099999999998 0.57673
5 0.20610833281250002 0.57980325 0.207177 0.58274275 0.20949233281250002 0.586484 0.20949233281250002 0.6011817500000001 0.2360293328125 0.60064725 0.235317 0.5866175 0.2340703328125 0.5835445 0.2331796671875 0.5795359999999999 0.2331796671875 0.575661 0.23353600000000002 0.569381 0.23496066718750003 0.5532135 0.20748866718749998 0.5535405 0.2066426671875 0.57191975 0.20610833281250002 0.57539375 0.20610833281250002 0.57980325
5 0.2328236671875 0.57312225 0.2326453328125 0.577398 0.2328236671875 0.581273 0.23496066718750003 0.58501425 0.23478266718750002 0.599712 0.26132 0.59997925 0.261498 0.5876865 0.2602513328125 0.5844797500000001 0.2591826671875 0.58100575 0.2591826671875 0.5764627499999999 0.26042933281249997 0.57232075 0.2602513328125 0.55401525 0.2344266671875 0.5533735 0.23246733281249998 0.56042875 0.23353600000000002 0.568713 0.2328236671875 0.57312225
5 0.25775800000000004 0.5772645 0.2586483328125 0.5802039999999999 0.26132 0.58568225 0.2622103328125 0.6002465 0.286254 0.59931125 0.28643233281249997 0.5884882499999999 0.28643233281249997 0.5852815 0.2851856671875 0.5824754999999999 0.2848293328125 0.58113925 0.2848293328125 0.57699725 0.2850073328125 0.57459225 0.286076 0.56844575 0.286254 0.55308 0.2602513328125 0.5533735 0.259895 0.57232075 0.25971700000000003 0.57352325 0.25775800000000004 0.5772645
5 0.284295 0.577398 0.2851856671875 0.58113925 0.2869666671875 0.585415 0.2866103328125 0.59997925 0.3143943328125 0.599044 0.314038 0.5887555 0.3127913328125 0.5859495 0.3110103328125 0.58274275 0.3110103328125 0.57713075 0.3127913328125 0.569782 0.3133256671875 0.55308 0.28629866718749997 0.5532065 0.2869666671875 0.568045 0.2848293328125 0.5744585 0.284295 0.577398
5 0.33826 0.552145 0.3134593328125 0.5525385 0.31386 0.59837625 0.338616 0.59891075 0.33826 0.552145
5 0.3640846671875 0.552145 0.3388386671875 0.55220475 0.33986266718749997 0.59797525 0.3644406671875 0.5986435 0.3640846671875 0.552145
5 0.44868300000000005 0.55124325 0.42299166718750003 0.550702 0.4216113328125 0.59787525 0.4481486671875 0.5981425 0.44868300000000005 0.55124325
5 0.47326100000000004 0.55137675 0.44837133281249997 0.5512027500000001 0.44761433281249996 0.5970735 0.4723706671875 0.59787525 0.47326100000000004 0.55137675
5 0.497661 0.55137675 0.47308300000000003 0.55203775 0.4723706671875 0.59787525 0.497483 0.59787525 0.497661 0.55137675
5 0.5233076671875 0.55124325 0.49823966718749996 0.5508689999999999 0.49677033281250005 0.5973407500000001 0.5225953328124999 0.5972072500000001 0.5233076671875 0.55124325
5 0.52028 0.5972072500000001 0.5464610000000001 0.59787525 0.546817 0.5838455 0.5485979999999999 0.5515105 0.5238419999999999 0.55136975 0.5225953328124999 0.569415 0.522061 0.57957 0.52028 0.5972072500000001
5 0.546817 0.5825095 0.5471733328124999 0.5968065 0.5708606671875 0.5973407500000001 0.572642 0.581975 0.5733543328125 0.5738245 0.5717513328125 0.5675445 0.5737103328125001 0.55124325 0.5478856671875 0.550535 0.548242 0.565941 0.5491323328125 0.571553 0.546817 0.5825095
5 0.572998 0.57997075 0.571395 0.59667275 0.5961513328125 0.5973407500000001 0.59722 0.5894575 0.597398 0.58157425 0.5988226671875 0.5744925000000001 0.5982883328125 0.57141925 0.599001 0.550976 0.574779 0.550976 0.572998 0.5662082500000001 0.5735323328125 0.5706175 0.572998 0.57997075
5 0.7320873328124999 0.5816742500000001 0.7326216671875 0.58060525 0.7336903328125 0.579269 0.7344026671874999 0.57766575 0.7349370000000001 0.57646325 0.7349370000000001 0.5745925 0.734759 0.57125225 0.7322656671875001 0.568179 0.7340466671875 0.55014075 0.707732 0.549867 0.7055503328125 0.595704 0.7308406671875 0.59557025 0.7320873328124999 0.5816742500000001
5 0.7358276671875 0.5700495 0.736362 0.572321 0.736362 0.5749934999999999 0.7310190000000001 0.5798034999999999 0.731197 0.59503575 0.7548843328125 0.59503575 0.7554186671875 0.58461375 0.757378 0.58060525 0.7580903328125 0.578601 0.759337 0.5769977500000001 0.759515 0.5744589999999999 0.759159 0.5713857499999999 0.757378 0.5669765 0.7584466671875 0.55014075 0.7342246671875 0.5497 0.732978 0.5648385 0.7344026671874999 0.567778 0.7358276671875 0.5700495
5 0.759515 0.5711185000000001 0.759515 0.57192025 0.759337 0.57606225 0.759337 0.5763295 0.755953 0.581006 0.754172 0.59490225 0.782134 0.595303 0.783737 0.58795425 0.783559 0.58060525 0.7840933328124999 0.579269 0.7840933328124999 0.576196 0.7846276671875 0.57298925 0.783559 0.570584 0.782134 0.56791175 0.783559 0.55014075 0.7589363328125 0.549867 0.7580903328125 0.566041 0.7584466671875 0.56791175 0.759515 0.5711185000000001
5 0.785801 0.57184875 0.7859593328125001 0.573393 0.7859593328125001 0.5758875 0.7835843328125 0.58075775 0.7818426671875 0.595487 0.8063840000000001 0.5951305 0.8067006671874999 0.5828957499999999 0.8081256671875 0.58063875 0.8093923328124999 0.577788 0.8105006671874999 0.57493725 0.8101839999999999 0.57137375 0.8081256671875 0.56781025 0.8095506671875 0.549755 0.783347 0.5499855 0.7831093328125001 0.56685975 0.7840593328125001 0.56852275 0.785801 0.57184875
5 0.8117673328125001 0.57161125 0.8117673328125001 0.57469975 0.8079673328125001 0.5808765 0.8065423328125 0.5950117500000001 0.8302923328125 0.595368 0.8317173328124999 0.5826582499999999 0.8350423328125001 0.58099525 0.835834 0.5758875 0.8359923328125 0.573987 0.835834 0.57077975 0.8333006671875 0.56638475 0.8347256671875 0.549755 0.808878 0.54924325 0.8095506671875 0.56697875 0.8112923328124999 0.56971075 0.8117673328125001 0.57161125
5 0.8356756671875001 0.56852275 0.8375756671874999 0.5714925 0.8378923328125 0.573393 0.8375756671874999 0.577194 0.8325089999999999 0.581708 0.8299756671875 0.594893 0.8567336671874999 0.594299 0.8567336671874999 0.5813515 0.8591086671875001 0.57897575 0.8605336671874999 0.57576875 0.8605336671874999 0.57244275 0.8602169999999999 0.568998 0.8583170000000001 0.5660285 0.8602169999999999 0.549161 0.834409 0.549095 0.8342506671875001 0.564009 0.8345673328125001 0.56685975 0.8356756671875001 0.56852275
5 0.8613253328124999 0.56911675 0.8605336671874999 0.5752935 0.8581586671875 0.57992625 0.8562586671875 0.5944177500000001 0.8820666671874999 0.5944177500000001 0.8828583328124999 0.58206425 0.8847583328124999 0.57992625 0.8865000000000001 0.5763625 0.8868166671875001 0.57303675 0.8836499999999999 0.56697875 0.8847583328124999 0.54963625 0.8601376671875001 0.54954025 0.8599003328125001 0.5643655 0.861167 0.567335 0.8613253328124999 0.56911675
5 0.8872916671875 0.5720864999999999 0.8877666671875 0.57565 0.8831749999999999 0.581114 0.88175 0.593824 0.9067666671874999 0.59394275 0.9083500000000001 0.585509 0.9085083328125 0.5800449999999999 0.9107246671875 0.57743175 0.912308 0.57351175 0.9111996671875 0.5692355 0.9099333328125001 0.5654345000000001 0.9108833328125 0.5490422500000001 0.885075 0.548798 0.8849166671875001 0.566741 0.8868166671875001 0.5686417500000001 0.8872916671875 0.5720864999999999
5 0.43113999999999997 0.70091525 0.41028733281249996 0.701449 0.41272466718749995 0.7456134999999999 0.43222333281249997 0.7454780000000001 0.43113999999999997 0.70091525
5 0.45876333281250004 0.7006445 0.4319526671875 0.70060275 0.4334873328125 0.7453425 0.45749966718749996 0.7453425 0.45876333281250004 0.7006445
2 0.362172 0.74859825 0.3663246671875 0.74900475 0.3659636671875 0.759028 0.412183 0.758486 0.4123633328125 0.74643125 0.4092943328125 0.7479210000000001 0.4094746671875 0.706203 0.4120023328125 0.695638 0.4112803328125 0.67477875 0.3626686671875 0.6755519999999999 0.3646996671875 0.69617975 0.3607276671875 0.705661 0.362172 0.74859825
1 0.8985206671875 0.70152225 0.89804 0.6979172499999999 0.8021753328125 0.69718075 0.799052 0.73919475 0.894436 0.739375 0.8985206671875 0.70152225
6 0.037 0.08275 0.040999999999999995 0.08025 0.0406666671875 0.056499999999999995 0.037 0.054000000000000006 0.0213333328125 0.053000000000000005 0.0203333328125 0.05450000000000001 0.0206666671875 0.0725 0.022333332812500002 0.07975 0.025 0.08225 0.037 0.08275
6 0.0676666671875 0.08025 0.067 0.05625 0.060333332812499994 0.053000000000000005 0.0486666671875 0.05225 0.046 0.05525 0.047 0.0805 0.052000000000000005 0.08325 0.065 0.08225 0.0676666671875 0.08025
6 0.0913333328125 0.08025 0.091 0.056499999999999995 0.087 0.054000000000000006 0.077 0.053000000000000005 0.072 0.05375 0.073 0.081 0.07566666718750001 0.08325 0.0876666671875 0.08299999999999999 0.0913333328125 0.08025
6 0.1146666671875 0.08025 0.11333333281249999 0.064 0.11000000000000001 0.056499999999999995 0.10733333281249999 0.05425 0.10166666718749999 0.05275 0.0983333328125 0.05275 0.0963333328125 0.05450000000000001 0.0986666671875 0.08199999999999999 0.0996666671875 0.08299999999999999 0.11233333281249999 0.08299999999999999 0.1146666671875 0.08025
6 0.1406666671875 0.08 0.1396666671875 0.05625 0.1383333328125 0.05500000000000001 0.128 0.054000000000000006 0.1233333328125 0.05450000000000001 0.12166666718750001 0.05625 0.124 0.08149999999999999 0.1266666671875 0.08325 0.1383333328125 0.08299999999999999 0.1406666671875 0.08
6 0.1666666671875 0.08025 0.1663333328125 0.060250000000000005 0.16499999999999998 0.05625 0.162 0.054000000000000006 0.154 0.05500000000000001 0.1476666671875 0.06225000000000001 0.149 0.08125 0.1526666671875 0.08299999999999999 0.1643333328125 0.08275 0.1666666671875 0.08025
6 0.1883333328125 0.0805 0.1866666671875 0.06825 0.1806666671875 0.05550000000000001 0.1783333328125 0.054000000000000006 0.17466666718749999 0.054000000000000006 0.17133333281250002 0.05600000000000001 0.17266666718749998 0.08 0.17733333281250002 0.08275 0.186 0.08225 0.1883333328125 0.0805
6 0.209 0.078 0.2133333328125 0.06899999999999999 0.213 0.052500000000000005 0.21000000000000002 0.04 0.20566666718749999 0.031 0.20099999999999998 0.027250000000000003 0.194 0.026750000000000003 0.185 0.027500000000000004 0.1816666671875 0.028749999999999998 0.1806666671875 0.0305 0.181 0.052500000000000005 0.1876666671875 0.07375000000000001 0.1893333328125 0.076 0.209 0.078
6 0.308 0.0785 0.3096666671875 0.0775 0.31066666718749997 0.072 0.305 0.032 0.3026666671875 0.03025 0.2916666671875 0.028749999999999998 0.28700000000000003 0.0295 0.2856666671875 0.032 0.2863333328125 0.0605 0.28900000000000003 0.0775 0.2906666671875 0.08 0.308 0.0785
6 0.31433333281250003 0.08075 0.33366666718750004 0.07675 0.3343333328125 0.05525 0.33166666718750004 0.032 0.32999999999999996 0.03 0.32599999999999996 0.028749999999999998 0.3166666671875 0.028499999999999998 0.31033333281250003 0.028749999999999998 0.3056666671875 0.032 0.30533333281249997 0.0395 0.309 0.06875 0.3133333328125 0.08 0.31433333281250003 0.08075
6 0.43533333281250003 0.08 0.43499999999999994 0.0655 0.43166666718749996 0.0325 0.4273333328125 0.0305 0.4153333328125 0.03025 0.41333333281250006 0.032 0.41233333281249995 0.0365 0.413 0.08 0.41600000000000004 0.08175 0.43333333281249997 0.08075 0.43533333281250003 0.08
6 0.4596666671875 0.037 0.45499999999999996 0.0325 0.449 0.03125 0.44000000000000006 0.032 0.4376666671875 0.036 0.437 0.08 0.43933333281250003 0.08149999999999999 0.45866666718750004 0.081 0.4596666671875 0.037
6 0.4843333328125 0.07425000000000001 0.4843333328125 0.04775 0.484 0.037 0.48166666718749995 0.0335 0.46900000000000003 0.03125 0.4663333328125 0.03125 0.4643333328125 0.03275 0.4623333328125 0.04875 0.46299999999999997 0.08 0.4663333328125 0.08149999999999999 0.4823333328125 0.08 0.4843333328125 0.07425000000000001
6 0.5349999999999999 0.064 0.534 0.03625 0.5326666671875 0.03225 0.5296666671875 0.031 0.515 0.03175 0.512 0.040999999999999995 0.5126666671875 0.08025 0.5133333328125 0.08125 0.533 0.08025 0.5349999999999999 0.064
6 0.5093333328125 0.08025 0.5103333328125 0.0655 0.5086666671875 0.0355 0.5056666671875 0.03325 0.49400000000000005 0.032 0.4903333328125 0.033 0.4883333328125 0.03625 0.4876666671875 0.07275000000000001 0.489 0.07875 0.49000000000000005 0.07975 0.5093333328125 0.08025
6 0.6333333328124999 0.07625 0.6356666671875 0.065 0.635 0.03525 0.6326666671875001 0.03125 0.6263333328125 0.03 0.6186666671875 0.0305 0.6163333328125 0.032 0.6106666671875 0.052500000000000005 0.6096666671875 0.0765 0.611 0.0795 0.6306666671875 0.08025 0.6333333328124999 0.07625
6 0.658 0.07375000000000001 0.659 0.06875 0.6596666671875 0.03875 0.6576666671875 0.03275 0.6423333328124999 0.032 0.6406666671875 0.033 0.639 0.03675 0.638 0.0485 0.638 0.07775 0.646 0.0795 0.6543333328125 0.079 0.658 0.07375000000000001
6 0.6816666671875 0.07625 0.6839999999999999 0.06825 0.6836666671875 0.03675 0.6813333328125 0.033 0.6713333328125 0.03225 0.6676666671875 0.033 0.6643333328125001 0.03675 0.6603333328125001 0.0765 0.662 0.0795 0.6776666671875 0.07975 0.6816666671875 0.07625
6 0.8300000000000001 0.078 0.8346666671875 0.06899999999999999 0.8353333328125 0.03625 0.8336666671874999 0.03275 0.8220000000000001 0.033 0.8153333328124999 0.03575 0.8103333328125 0.0485 0.8076666671874999 0.067 0.8066666671875 0.0775 0.8086666671874999 0.07975 0.826 0.08125 0.8300000000000001 0.078
6 0.8796666671875 0.06425 0.8823333328125 0.03725 0.8813333328124999 0.03375 0.877 0.03075 0.8646666671875 0.03325 0.861 0.034749999999999996 0.8593333328125 0.0395 0.8596666671875001 0.07575 0.865 0.07725 0.8723333328124999 0.077 0.8796666671875 0.06425
6 0.8593333328125 0.037 0.8536666671875001 0.03275 0.8416666671874999 0.034 0.8380000000000001 0.0365 0.8366666671875 0.0405 0.8296666671875 0.08025 0.8533333328125 0.0805 0.8586666671875 0.06725 0.8593333328125 0.037
6 0.9466666671875 0.07925 0.953 0.06975 0.9546666671875 0.056999999999999995 0.9553333328125 0.037 0.951 0.0315 0.9356666671875 0.033 0.933 0.03525 0.9246666671874999 0.049 0.922 0.06 0.922 0.07675 0.9233333328125 0.07925 0.9273333328125 0.0805 0.9466666671875 0.07925
6 0.9826666671875 0.0685 0.985 0.043 0.9843333328125 0.034999999999999996 0.982 0.03325 0.9746666671875 0.03175 0.9626666671875 0.0375 0.961 0.042249999999999996 0.9606666671875 0.06949999999999999 0.9643333328124999 0.07125000000000001 0.9783333328125 0.0715 0.9826666671875 0.0685
6 0.9460000000000001 0.23224999999999998 0.9433333328125 0.23075 0.9366666671875 0.22999999999999998 0.9306666671875 0.23025 0.9256666671874999 0.23224999999999998 0.9236666671875 0.26349999999999996 0.9353333328125 0.26475 0.9436666671875 0.26 0.9460000000000001 0.23224999999999998
6 0.9189999999999999 0.26325 0.9203333328125 0.26 0.9216666671875 0.23199999999999998 0.9199999999999999 0.2305 0.9043333328125 0.23025 0.9016666671875001 0.246 0.9003333328125 0.26 0.9033333328125 0.26225 0.9166666671874999 0.2645 0.9189999999999999 0.26325
6 0.8973333328124999 0.26025 0.8976666671875 0.2325 0.8923333328125 0.22875 0.884 0.22999999999999998 0.881 0.23199999999999998 0.8763333328125 0.261 0.8789999999999999 0.26425 0.8923333328125 0.267 0.8973333328124999 0.26025
6 0.8726666671875 0.26525 0.8736666671875 0.26375000000000004 0.876 0.23199999999999998 0.869 0.22725 0.8623333328125 0.22774999999999998 0.859 0.22949999999999998 0.8563333328124999 0.23625 0.8533333328125 0.26325 0.8603333328125 0.26675 0.8663333328125 0.26749999999999996 0.8726666671875 0.26525
6 0.8496666671875 0.265 0.8513333328125 0.26025 0.8523333328125 0.23475000000000001 0.8493333328125001 0.22825 0.8453333328125 0.22725 0.8363333328125 0.229 0.8320000000000001 0.23174999999999998 0.8286666671875 0.2525 0.828 0.2605 0.8300000000000001 0.26725 0.8453333328125 0.268 0.8496666671875 0.265
6 0.826 0.26625 0.8276666671875 0.26175000000000004 0.8283333328125 0.23374999999999999 0.826 0.22799999999999998 0.8123333328125 0.23025 0.8086666671874999 0.23625 0.806 0.26675 0.8076666671874999 0.26775000000000004 0.8226666671875 0.268 0.826 0.26625
6 0.8039999999999999 0.23575 0.8023333328125 0.23125 0.7986666671875 0.22875 0.787 0.229 0.7843333328125001 0.23199999999999998 0.7816666671875 0.25175000000000003 0.7823333328125 0.26749999999999996 0.8 0.26749999999999996 0.8039999999999999 0.2605 0.8039999999999999 0.23575
6 0.7803333328125001 0.26125 0.7806666671875 0.23075 0.779 0.22799999999999998 0.7676666671875 0.22675 0.7636666671875 0.2285 0.762 0.23224999999999998 0.7593333328125 0.26725 0.7753333328124999 0.268 0.7793333328125 0.26475 0.7803333328125001 0.26125
6 0.7573333328125 0.258 0.7576666671875001 0.233 0.7556666671875 0.2285 0.7403333328125 0.22749999999999998 0.739 0.2285 0.7363333328125 0.23199999999999998 0.7346666671875 0.2515 0.7353333328125 0.26725 0.7523333328125 0.268 0.756 0.26425 0.7573333328125 0.258
6 0.7323333328125 0.22974999999999998 0.7243333328125 0.22749999999999998 0.7196666671874999 0.22749999999999998 0.7163333328125 0.22825 0.7143333328125 0.23199999999999998 0.7116666671874999 0.26725 0.7286666671875001 0.268 0.7323333328125 0.26375000000000004 0.7323333328125 0.22974999999999998
6 0.7093333328125 0.2615 0.7076666671875 0.23149999999999998 0.6980000000000001 0.227 0.6910000000000001 0.229 0.6883333328125001 0.23224999999999998 0.6843333328125001 0.2465 0.6839999999999999 0.2625 0.6853333328125 0.26775000000000004 0.7053333328125 0.26875 0.7093333328125 0.2615
6 0.661 0.26075 0.6616666671875 0.2455 0.6616666671875 0.23199999999999998 0.659 0.22974999999999998 0.6543333328125 0.22825 0.6463333328124999 0.22825 0.6423333328124999 0.23174999999999998 0.641 0.2515 0.6403333328125 0.26749999999999996 0.642 0.2685 0.658 0.26975 0.661 0.26075
6 0.6383333328125 0.2305 0.6306666671875 0.22725 0.6226666671875 0.22625 0.619 0.22799999999999998 0.6176666671875 0.23125 0.6173333328124999 0.26749999999999996 0.6346666671875 0.268 0.6376666671875 0.2615 0.6383333328125 0.2305
6 0.6133333328125 0.262 0.6133333328125 0.23575 0.608 0.22725 0.599 0.227 0.5953333328125 0.22825 0.5936666671874999 0.23875000000000002 0.5913333328125 0.26749999999999996 0.5936666671874999 0.2685 0.6113333328125 0.269 0.6133333328125 0.262
6 0.5900000000000001 0.2625 0.591 0.236 0.5853333328125 0.22725 0.572 0.22725 0.5693333328125 0.2405 0.5690000000000001 0.26749999999999996 0.5713333328125 0.26875 0.5873333328125 0.268 0.5900000000000001 0.2625
6 0.4703333328125 0.23900000000000002 0.46799999999999997 0.2265 0.45466666718750004 0.22475 0.4516666671875 0.236 0.45133333281250004 0.26749999999999996 0.45466666718750004 0.269 0.47066666718750005 0.2685 0.4703333328125 0.23900000000000002
6 0.497 0.267 0.4966666671875 0.23925000000000002 0.49400000000000005 0.22374999999999998 0.4823333328125 0.22125 0.47866666718750006 0.22225 0.47466666718750006 0.22599999999999998 0.47400000000000003 0.23125 0.4743333328125 0.26875 0.4773333328125 0.26975 0.4943333328125 0.26925 0.497 0.267
6 0.519 0.26749999999999996 0.5176666671875 0.22374999999999998 0.5016666671875 0.223 0.499 0.23475000000000001 0.4996666671875 0.26749999999999996 0.5016666671875 0.26875 0.5173333328124999 0.26975 0.519 0.26749999999999996
6 0.544 0.26749999999999996 0.5436666671875 0.23900000000000002 0.5389999999999999 0.2265 0.5253333328124999 0.22625 0.5226666671875 0.244 0.5226666671875 0.26825 0.5246666671875 0.26949999999999996 0.5413333328125 0.27 0.544 0.26749999999999996
6 0.3993333328125 0.26925 0.40133333281250005 0.2665 0.40033333281249994 0.23925000000000002 0.398 0.22725 0.3956666671875 0.22549999999999998 0.38366666718750003 0.22475 0.3806666671875 0.22675 0.3776666671875 0.23349999999999999 0.377 0.2605 0.3786666671875 0.26725 0.3806666671875 0.26949999999999996 0.3993333328125 0.26925
6 0.3743333328125 0.26749999999999996 0.3743333328125 0.22925 0.37266666718749997 0.22749999999999998 0.36866666718749996 0.2265 0.361 0.22625 0.356 0.22925 0.3546666671875 0.23149999999999998 0.3546666671875 0.26175000000000004 0.3563333328125 0.26725 0.3573333328125 0.26825 0.3743333328125 0.26749999999999996
6 0.35 0.26825 0.3516666671875 0.26749999999999996 0.3513333328125 0.23125 0.3453333328125 0.22574999999999998 0.33366666718750004 0.22549999999999998 0.32999999999999996 0.2285 0.32966666718750004 0.252 0.33199999999999996 0.26725 0.33366666718750004 0.2685 0.35 0.26825
6 0.3263333328125 0.23199999999999998 0.32366666718750003 0.2285 0.319 0.22625 0.31033333281250003 0.22525 0.3063333328125 0.229 0.3063333328125 0.26375000000000004 0.31033333281250003 0.26875 0.327 0.26775000000000004 0.3263333328125 0.23199999999999998
6 0.303 0.25925 0.3 0.23125 0.29733333281249996 0.22749999999999998 0.2936666671875 0.22574999999999998 0.286 0.22675 0.2823333328125 0.23149999999999998 0.28300000000000003 0.26425 0.28700000000000003 0.268 0.3023333328125 0.26775000000000004 0.303 0.25925
6 0.2806666671875 0.25175000000000003 0.2783333328125 0.22925 0.274 0.22625 0.2633333328125 0.22525 0.2596666671875 0.22725 0.2576666671875 0.23349999999999999 0.2593333328125 0.26349999999999996 0.2636666671875 0.26825 0.279 0.26775000000000004 0.2806666671875 0.25175000000000003
6 0.2556666671875 0.26375000000000004 0.25233333281250003 0.23199999999999998 0.24933333281249997 0.22625 0.24333333281249997 0.2245 0.236 0.22525 0.23333333281250002 0.23224999999999998 0.2346666671875 0.26349999999999996 0.2396666671875 0.26749999999999996 0.248 0.26749999999999996 0.2556666671875 0.26375000000000004
6 0.2316666671875 0.2645 0.2316666671875 0.25175000000000003 0.22799999999999998 0.23199999999999998 0.22433333281249998 0.22749999999999998 0.2133333328125 0.22599999999999998 0.20833333281250002 0.23075 0.2096666671875 0.2625 0.21633333281249997 0.26825 0.2296666671875 0.26675 0.2316666671875 0.2645
6 0.20566666718749999 0.25775000000000003 0.2026666671875 0.22774999999999998 0.20099999999999998 0.22574999999999998 0.1973333328125 0.22475 0.1893333328125 0.22475 0.1853333328125 0.2265 0.1836666671875 0.2305 0.1853333328125 0.26275 0.1926666671875 0.26525 0.2046666671875 0.2645 0.20566666718749999 0.25775000000000003
6 0.0843333328125 0.25925 0.0806666671875 0.22949999999999998 0.0786666671875 0.22799999999999998 0.0716666671875 0.2265 0.0643333328125 0.22675 0.0636666671875 0.2285 0.0663333328125 0.25925 0.06833333281250001 0.26225 0.081 0.262 0.0843333328125 0.25925
6 0.1096666671875 0.25625 0.10800000000000001 0.22799999999999998 0.10333333281249998 0.22549999999999998 0.0913333328125 0.22525 0.086 0.22749999999999998 0.088 0.25925 0.0916666671875 0.26225 0.10700000000000001 0.26325 0.1096666671875 0.25625
6 0.13 0.2665 0.1346666671875 0.26349999999999996 0.1296666671875 0.2285 0.11499999999999999 0.2245 0.11033333281249999 0.229 0.11100000000000002 0.26025 0.1153333328125 0.265 0.1226666671875 0.267 0.13 0.2665
6 0.1563333328125 0.26349999999999996 0.1566666671875 0.25775000000000003 0.1543333328125 0.22825 0.15 0.22625 0.1416666671875 0.22599999999999998 0.1383333328125 0.22625 0.13533333281249998 0.22875 0.137 0.26325 0.1423333328125 0.266 0.1543333328125 0.26525 0.1563333328125 0.26349999999999996
6 0.181 0.26575000000000004 0.183 0.26375000000000004 0.1836666671875 0.2595 0.1783333328125 0.2285 0.17333333281250002 0.22599999999999998 0.16599999999999998 0.225 0.1613333328125 0.2265 0.1593333328125 0.23025 0.16 0.26 0.1613333328125 0.26349999999999996 0.16933333281250001 0.26675 0.181 0.26575000000000004