10 0.695025 0.63637925 0.6871613328125 0.62497175 0.661373 0.6255550000000001 0.6669780000000001 0.66627475 0.6939763328125 0.666078 0.695025 0.63637925
10 0.7642246671875 0.6654880000000001 0.764749 0.63539575 0.7534776671875 0.62379175 0.699481 0.62398825 0.7076066671875 0.6350024999999999 0.7047233328125 0.66509475 0.7642246671875 0.6654880000000001
10 0.3510003328125 0.73760625 0.3494273328125 0.70535075 0.350738 0.6941397499999999 0.2123386671875 0.6943365 0.2026403328125 0.710071 0.203951 0.7387865 0.3510003328125 0.73760625
10 0.7809963328125 0.73033575 0.7848539999999999 0.702596 0.7626723328125 0.68281625 0.3662183328125 0.6909395 0.36340333281250004 0.7093499999999999 0.3643676671875 0.7368487499999999 0.7809963328125 0.73033575
2 0.528011 0.83695425 0.5251323328125 0.83949525 0.524963 0.8443229999999999 0.5667846671875 0.8443229999999999 0.567462 0.8384787499999999 0.5710176671875 0.8386057499999999 0.571695 0.80227025 0.568478 0.7894384999999999 0.5701713328125 0.772541 0.5278416671875 0.77317625 0.526487 0.7894384999999999 0.528519 0.80201625 0.528011 0.83695425
0 0.5517133328125 0.2731165 0.5514773328125 0.2787885 0.5550206671875 0.280561 0.554312 0.3248735 0.550296 0.32895025 0.5507686671875 0.33586299999999997 0.5476976671875 0.33816725000000003 0.5479339999999999 0.35057499999999997 0.5916353328125 0.3516385 0.5925803328125 0.33887649999999997 0.59636 0.3362175 0.597305 0.3291275 0.6010843328125001 0.326646 0.6010843328125001 0.28215625 0.5982496671875001 0.280561 0.5989583328125 0.27418 0.5949426671875 0.27258475 0.5949426671875 0.2605315 0.5535073328125 0.26008225 0.549115 0.2605315 0.5479339999999999 0.27045775 0.5517133328125 0.2731165
0 0.5989106671875 0.27728325 0.602454 0.27976475 0.6017453328125 0.32531825 0.597257 0.327268 0.5977296671875 0.33488975 0.5937136671875 0.33772575 0.593005 0.3503105 0.6374153328125 0.35084225 0.6371789999999999 0.33914374999999997 0.6421396671874999 0.3354215 0.6426123328125 0.32904049999999996 0.6489903328125 0.3254955 0.6504076671875 0.279942 0.6449743328124999 0.27781500000000003 0.6452106671875 0.272852 0.6409586671875 0.27196575 0.6428483328125 0.2604445 0.595444 0.26030375 0.5944223328125 0.27037049999999996 0.5989106671875 0.27373824999999996 0.5989106671875 0.27728325
0 0.6451033328125 0.27763550000000004 0.650064 0.28011725 0.647938 0.3249615 0.643686 0.32744300000000004 0.6422686671875 0.33577375 0.6384890000000001 0.3377235 0.637544 0.35084024999999996 0.6819543328125001 0.35084024999999996 0.6819543328125001 0.33683725 0.6880963328124999 0.335242 0.6883323328125 0.32868375 0.695419 0.32655675 0.6980176671875 0.2795855 0.6904583328125 0.27816725 0.6921120000000001 0.27320425 0.6862063328125 0.271609 0.6873876671875 0.26044225 0.643583 0.26008225 0.6408513328125001 0.27019099999999996 0.644867 0.2726725 0.6451033328125 0.27763550000000004
0 0.6917096671875 0.277988 0.6983240000000001 0.279406 0.696198 0.32549125 0.6881663328125 0.32850450000000003 0.687694 0.33541725 0.6827333328125 0.33648075 0.6817883328125001 0.34995175 0.726435 0.350838 0.7273796671875 0.33754425 0.733758 0.3355945 0.7344663328125 0.327441 0.7429706671874999 0.32495949999999996 0.746514 0.27976049999999997 0.7370650000000001 0.27816525 0.7375373328125 0.27355675 0.7316316671875 0.27142974999999997 0.7316316671875 0.260263 0.687587 0.26008225 0.6853316671874999 0.27089799999999997 0.6921823328125 0.272316 0.6917096671875 0.277988
0 0.7376003328125 0.27683749999999996 0.7458683328125 0.279319 0.7427973328124999 0.32363175 0.7338210000000001 0.3262905 0.7338210000000001 0.33462125 0.7269703328125 0.33603925 0.7264980000000001 0.34986475 0.770908 0.3503965 0.771853 0.33603925 0.779176 0.33426675 0.7801210000000001 0.32735400000000003 0.78957 0.32522700000000004 0.7933493328125001 0.27843275 0.7836643328124999 0.27736925 0.7846093328125 0.27205175000000004 0.77705 0.27063375 0.778231 0.260176 0.7321673328125 0.25928975 0.7314586671875001 0.27027925 0.7385453328125 0.27311525 0.7376003328125 0.27683749999999996
0 0.7833206671874999 0.277105 0.794187 0.2788775 0.7906436671875 0.32549425 0.7802496671875 0.32602600000000004 0.7802496671875 0.3340025 0.7719816671874999 0.33559775 0.7708006671875001 0.3496005 0.815211 0.349246 0.8163919999999999 0.33542025 0.825605 0.33417949999999996 0.8260773328125 0.32691225 0.8374159999999999 0.3235445 0.8407233328125001 0.27852299999999997 0.8305656671874999 0.27692775 0.8308016671875 0.27161025 0.8222976671875 0.27036950000000004 0.8234786671875 0.25937975 0.7793046671875 0.25937975 0.7776513328125 0.26983775 0.7840293328125 0.27249650000000003 0.7833206671874999 0.277105
0 0.8303293328124999 0.27586425000000003 0.8421406671874999 0.2788775 0.8378886671875 0.3228355 0.8279669999999999 0.32531699999999997 0.8258409999999999 0.33311625 0.8163919999999999 0.33559775 0.8147386671874999 0.349246 0.8586763328125 0.349246 0.8608023328125001 0.334534 0.8690703328125 0.33417949999999996 0.87096 0.3263805 0.8827713328125 0.323899 0.8879680000000001 0.277105 0.875212 0.276396 0.8749756671875 0.27161025 0.8664716671875 0.26966049999999997 0.8676526671874999 0.25867075 0.8246600000000001 0.25973425 0.8222976671875 0.26877425 0.8303293328124999 0.27178749999999996 0.8303293328124999 0.27586425000000003
8 0.1557453328125 0.818103 0.1549926671875 0.8253047499999999 0.153675 0.8296825 0.1580036671875 0.84225025 0.1625203328125 0.8443685000000001 0.16364966718750001 0.85284125 0.186045 0.8521352500000001 0.186233 0.844651 0.1811516671875 0.8419679999999999 0.180211 0.8347659999999999 0.177388 0.8312357499999999 0.1771996671875 0.828129 0.17851699999999998 0.8206447499999999 0.177388 0.8086417499999999 0.1830336671875 0.7986155 0.1835983328125 0.7812465000000001 0.1613913328125 0.78110525 0.161203 0.79805075 0.1548043328125 0.8072295 0.1557453328125 0.818103
8 0.17832900000000002 0.82135075 0.1768233328125 0.8298237500000001 0.180211 0.8350485000000001 0.1811516671875 0.8425327499999999 0.1854803328125 0.8456395000000001 0.186045 0.8522765 0.2067466671875 0.8515705 0.2056173328125 0.8385787499999999 0.2016653328125 0.8404145 0.2007243328125 0.8099125 0.2058056671875 0.79974525 0.206182 0.78181125 0.1838043328125 0.7812395000000001 0.18341033281250002 0.79903925 0.1787053328125 0.8068059999999999 0.17832900000000002 0.82135075
8 0.226141 0.79992 0.2225653328125 0.80980475 0.22218900000000003 0.82533825 0.22105966718749998 0.83028075 0.2236943328125 0.83465825 0.2248236671875 0.8455315000000001 0.228211 0.84567275 0.228964 0.85188625 0.25023 0.85061525 0.2475953328125 0.835223 0.2447723328125 0.83296375 0.244396 0.82632675 0.2428903328125 0.8235025 0.2451486671875 0.8188425 0.24420766718750003 0.8100872499999999 0.248348 0.79780175 0.2474073328125 0.78297425 0.226329 0.7836805 0.226141 0.7836805 0.227082 0.7838215 0.226141 0.79992
8 0.24401966718749998 0.8079689999999999 0.24496066718749998 0.81545325 0.2436433328125 0.8215255000000001 0.244396 0.82533825 0.24420766718750003 0.8307042499999999 0.2475953328125 0.8342345 0.250983 0.85033275 0.2707436671875 0.8497680000000001 0.272061 0.845108 0.26660333281250004 0.8445432500000001 0.264345 0.83931825 0.26660333281250004 0.831269 0.266227 0.80839275 0.271308 0.79511875 0.27111999999999997 0.781421 0.250983 0.7817035 0.2507946671875 0.7811385 0.2494773328125 0.79850775 0.24401966718749998 0.8079689999999999
8 0.26641499999999996 0.8322575000000001 0.2639683328125 0.83734125 0.26585033281250003 0.8438370000000001 0.2718726671875 0.8453905 0.2707436671875 0.8507564999999999 0.29351533281250003 0.850474 0.292198 0.84200125 0.2888103328125 0.8424250000000001 0.28768133281249997 0.8089575 0.29426800000000003 0.79483625 0.29351533281250003 0.7777495 0.2714963328125 0.7773257499999999 0.2718726671875 0.79427125 0.2660386671875 0.8074042499999999 0.26641499999999996 0.8322575000000001
8 0.6465946671875 0.80903375 0.6481003328125 0.816518 0.6456536671875 0.827815 0.6428306671875 0.8258380000000001 0.6415133328125 0.8393945 0.6631560000000001 0.83967675 0.6631560000000001 0.8333222499999999 0.6684253328125 0.82230775 0.6691783328125 0.79745425 0.6654143328125001 0.78756925 0.665226 0.7710475 0.6456536671875 0.7710475 0.6428306671875 0.78714575 0.647724 0.79618325 0.6465946671875 0.80903375
8 0.6693663328125 0.81101075 0.667861 0.821178 0.6624033328125 0.8327574999999999 0.6612739999999999 0.83967675 0.6834813328125 0.83967675 0.6831046671875 0.8320512499999999 0.687245 0.82230775 0.6911973328125 0.8208955 0.690821 0.7966070000000001 0.6855513328125 0.787287 0.687057 0.77118875 0.666167 0.77034125 0.6646616671875 0.78686325 0.66899 0.796042 0.6693663328125 0.81101075
8 0.6915736671875 0.81863625 0.687998 0.8218840000000001 0.6821636671875 0.8307805 0.6823520000000001 0.8395357499999999 0.7023010000000001 0.83897075 0.7055003328125 0.828521 0.7105813328125 0.82202525 0.713781 0.8175065 0.7115223328125 0.81341125 0.7122753328125 0.7970305 0.7070056671875 0.78756925 0.708323 0.770765 0.6870786671875 0.7706517500000001 0.6864923328125 0.78686325 0.691009 0.79674825 0.6915736671875 0.81863625
8 0.7135926671874999 0.81312875 0.7118990000000001 0.81934225 0.7036183328125001 0.8299332500000001 0.7036183328125001 0.8385472500000001 0.7239433328125 0.83727625 0.7269546671875 0.8237197500000001 0.730342 0.8218840000000001 0.7346706671875001 0.8173652499999999 0.732977 0.81214025 0.7346706671875001 0.79590075 0.7286483328125 0.7865807499999999 0.730342 0.7699177500000001 0.7087246671874999 0.76994575 0.7075703328125 0.78559225 0.7126516671875 0.7956185 0.7135926671874999 0.81312875
8 0.7346706671875001 0.80903375 0.7344823328125 0.8172240000000001 0.7290246671875 0.8218840000000001 0.725449 0.8279562500000001 0.7248843328125 0.8378410000000001 0.745398 0.8374174999999999 0.7469033328125 0.8302155000000001 0.749538 0.8282385 0.7533019999999999 0.8201895 0.7566896671875 0.81567075 0.7548076671875 0.805927 0.756125 0.7949125 0.7501026671875 0.7860159999999999 0.7529256671875 0.7690705 0.7318476671874999 0.768788 0.7288366671875 0.784745 0.7348589999999999 0.7943475 0.7346706671875001 0.80903375
8 0.757066 0.81567075 0.7472796671874999 0.8296507500000001 0.746527 0.838406 0.7655350000000001 0.838406 0.7662876671875 0.8307805 0.7745683328124999 0.8304980000000001 0.7792733328125 0.82739125 0.7773913328125001 0.8172240000000001 0.7802143328125 0.7949125 0.7709926671875 0.782062 0.7726863328125 0.76624625 0.752723 0.7660635 0.7506673328125 0.7830505 0.7593243328125 0.79420625 0.757066 0.81567075
7 0.1850573328125 0.08647825 0.0720113328125 0.08557275 0.0732183328125 0.14261574999999999 0.1894826671875 0.14442649999999999 0.1850573328125 0.08647825
7 0.2982036671875 0.0878335 0.1871693328125 0.086928 0.18918066718749998 0.14487624999999998 0.3018243328125 0.14789449999999998 0.2982036671875 0.0878335
7 0.40883566718750003 0.088739 0.2977006671875 0.08719825 0.3010196671875 0.1445745 0.4100426671875 0.14759275 0.40883566718750003 0.088739
7 0.517054 0.08979475 0.40782999999999997 0.08644375 0.40883566718750003 0.14563025000000002 0.5174563328125 0.147441 0.517054 0.08979475
7 0.627686 0.09039825 0.517054 0.08979475 0.5198699999999999 0.14532825 0.62487 0.14864824999999998 0.627686 0.09039825
0 0.3789033328125 0.278171 0.3592266671875 0.29013025 0.3624646671875 0.325447 0.36495533281250003 0.328063 0.3654533328125 0.3368455 0.367446 0.338714 0.3679443328125 0.35160749999999996 0.4130266671875 0.35067325 0.4132756671875 0.33852725 0.4120303328125 0.336098 0.4120303328125 0.32974475000000003 0.4100376671875 0.325447 0.41227933281249995 0.25967175 0.3773466671875 0.259706 0.37541633281250003 0.26864125 0.377907 0.272752 0.3789033328125 0.278171
0 0.41227933281249995 0.32619425 0.414521 0.35067325 0.458109 0.35179425000000003 0.45785966718750004 0.3288105 0.4571126671875 0.27742374999999997 0.4466513328125 0.27387324999999996 0.4431643328125 0.26789375 0.4366886671875 0.264904 0.4366886671875 0.26060625000000004 0.4119056671875 0.260173 0.4117813328125 0.27256525 0.4097886671875 0.28078725000000004 0.41227933281249995 0.32619425
0 0.4728663328125 0.347728 0.4935396671875 0.34978349999999997 0.4967776671875 0.327547 0.494536 0.281953 0.49428700000000003 0.26494875 0.471372 0.26531025 0.471372 0.27242299999999997 0.474112 0.3228755 0.4728663328125 0.347728
0 0.5042496671875 0.28176625 0.508235 0.280645 0.508733 0.326239 0.505246 0.3282945 0.5072386671875 0.33614275 0.5040006671875 0.33801125 0.5040006671875 0.35090475 0.548336 0.351839 0.548585 0.33988 0.5510756671875 0.3363295 0.5508266671875 0.33016325 0.5538153328125001 0.32717325 0.5548116671875001 0.28307424999999997 0.5493319999999999 0.27261 0.5493319999999999 0.26065075000000004 0.503129 0.2604065 0.5042496671875 0.27429175 0.5062423328125 0.27429175 0.5042496671875 0.28176625
10 0.2996566671875 0.67330375 0.30761066718749996 0.66634225 0.30655 0.6331255 0.163648 0.6349155 0.1567546671875 0.6466507499999999 0.15702 0.67509375 0.2996566671875 0.67330375
10 0.4222106671875 0.6705715 0.423536 0.6282052499999999 0.3774706671875 0.6283945 0.3752836671875 0.63715575 0.3752836671875 0.6713669999999999 0.4222106671875 0.6705715
10 0.5528506671875 0.6433715 0.5501993328125 0.62726025 0.49611400000000005 0.62764875 0.4969093328125 0.66922875 0.5528506671875 0.66843325 0.5528506671875 0.6433715
10 0.6501513328125 0.6675405 0.6482953328125001 0.6349205 0.6427276671875 0.62437875 0.5915586671875 0.6241797499999999 0.594475 0.635915 0.594475 0.666944 0.6501513328125 0.6675405
9 0.4990436671875 0.954002 0.5786446671875 0.95246575 0.5776209999999999 0.9490092499999999 0.5817163328125 0.945937 0.581972 0.91732575 0.5794126671875001 0.9063805 0.5801803328124999 0.8890985 0.4987876671875 0.8917227499999999 0.4987876671875 0.9077247500000001 0.5008353328124999 0.9182857500000001 0.4990436671875 0.954002
9 0.58274 0.94459275 0.5789006671875 0.94785725 0.5796686671875 0.95246575 0.6554306671875 0.9493935 0.6551746671875 0.945745 0.6615733328125 0.9422885000000001 0.663621 0.91233325 0.6597816671875 0.9035002499999999 0.6605496671875 0.88698625 0.5806923328125 0.88908325 0.5799246671875 0.90446025 0.5814603328125 0.9152134999999999 0.58274 0.94459275
9 0.6623413328125001 0.94291575 0.6572223328125 0.94522 0.6569663328125 0.9488685 0.7355436671875 0.94656425 0.7357996671875 0.9427237500000001 0.7419426671875 0.9409955 0.744758 0.910848 0.739127 0.900863 0.739895 0.88492525 0.6613173328124999 0.8874034999999999 0.6600376671875 0.9016310000000001 0.663877 0.91161625 0.6623413328125001 0.94291575
9 0.744502 0.9398434999999999 0.7365676671875 0.9419555000000001 0.7360556671875 0.946372 0.8138653328125001 0.9438757499999999 0.8138653328125001 0.93965125 0.8215436671875 0.9381152500000001 0.8246153328125001 0.9095039999999999 0.8174486671875 0.89894275 0.8192403328125 0.882621 0.7416866671875 0.8845412500000001 0.739895 0.89951875 0.744502 0.910656 0.744502 0.9398434999999999
8 0.3949413328125 0.8202847500000001 0.3959613328125 0.8278267500000001 0.396544 0.8470639999999999 0.41898099999999994 0.8466267500000001 0.417087 0.80694975 0.417961 0.7956915 0.4176696671875 0.77634475 0.394468 0.77667 0.3962526671875 0.793396 0.3940673328125 0.8021402500000001 0.3949413328125 0.8202847500000001
8 0.41912666718749997 0.8461895 0.439961 0.84531525 0.4402523328125 0.79580075 0.4402523328125 0.77721925 0.41854399999999997 0.777547 0.417961 0.7897890000000001 0.41752399999999995 0.8031240000000001 0.41912666718749997 0.8461895
8 0.4392326671875 0.8454245 0.46108666718749997 0.84531525 0.46254366718749995 0.80531025 0.4616693328125 0.7950355 0.462835 0.7766725 0.439269 0.77680675 0.439961 0.7903355000000001 0.4405436671875 0.8038892499999999 0.4392326671875 0.8454245
8 0.4607953328125 0.8447687500000001 0.48162966718750005 0.8446595 0.484252 0.8031240000000001 0.4835236671875 0.7939425 0.484835 0.7756890000000001 0.4631263328125 0.77612375 0.4626893328125 0.7931775 0.46298066718750003 0.8029054999999999 0.4607953328125 0.8447687500000001
8 0.48162966718750005 0.84422225 0.5034836671875 0.8441127500000001 0.5061063328125 0.803452 0.5046493328125 0.7939425 0.5049406671875001 0.7755795 0.48443433281250003 0.775714 0.484252 0.791975 0.485272 0.802359 0.48162966718750005 0.84422225
8 0.5031559999999999 0.844688 0.5253016671874999 0.8449064999999999 0.5257386671875001 0.8395507500000001 0.5285066671875 0.83780175 0.5286526671875 0.8034805 0.5261756671875 0.79134775 0.527924 0.77243825 0.5061063328125 0.7718895 0.5057783328125 0.79036425 0.5081096671875 0.80227825 0.5031559999999999 0.844688
6 0.1706666671875 0.4405 0.17333333281250002 0.4415 0.1796666671875 0.43925000000000003 0.1803333328125 0.42325 0.1776666671875 0.41200000000000003 0.17233333281250002 0.40975 0.1576666671875 0.40925 0.155 0.41275000000000006 0.155 0.43574999999999997 0.157 0.43899999999999995 0.1603333328125 0.44025 0.1706666671875 0.4405
6 0.20400000000000001 0.44025 0.2206666671875 0.44175000000000003 0.2236666671875 0.43925000000000003 0.2176666671875 0.43099999999999994 0.219 0.41200000000000003 0.2166666671875 0.41025 0.2126666671875 0.4095 0.20099999999999998 0.40875000000000006 0.199 0.41025 0.198 0.41174999999999995 0.199 0.43574999999999997 0.20033333281250001 0.438 0.20400000000000001 0.44025
6 0.2803333328125 0.43224999999999997 0.282 0.41174999999999995 0.27799999999999997 0.41 0.268 0.4095 0.26433333281250004 0.41125 0.2646666671875 0.4375 0.2676666671875 0.43975 0.2826666671875 0.43949999999999995 0.2803333328125 0.43224999999999997
6 0.3026666671875 0.441 0.305 0.43949999999999995 0.304 0.4365 0.3046666671875 0.41200000000000003 0.3 0.40975 0.2873333328125 0.40975 0.28500000000000003 0.41125 0.284 0.414 0.2836666671875 0.43525 0.2853333328125 0.43925000000000003 0.2876666671875 0.44075 0.3026666671875 0.441
6 0.327 0.43949999999999995 0.32599999999999996 0.41150000000000003 0.3213333328125 0.41025 0.3096666671875 0.41025 0.306 0.41200000000000003 0.3063333328125 0.43925000000000003 0.3096666671875 0.441 0.32599999999999996 0.4405 0.327 0.43949999999999995
6 0.365 0.44225000000000003 0.36866666718749996 0.43949999999999995 0.36833333281249997 0.41200000000000003 0.3636666671875 0.41025 0.353 0.41025 0.35 0.41174999999999995 0.3493333328125 0.4145 0.3486666671875 0.43574999999999997 0.3496666671875 0.44075 0.3533333328125 0.44225000000000003 0.365 0.44225000000000003
6 0.3906666671875 0.43925000000000003 0.391 0.41174999999999995 0.3896666671875 0.41025 0.386 0.4095 0.373 0.40975 0.37066666718749997 0.41150000000000003 0.3713333328125 0.43899999999999995 0.373 0.44075 0.3886666671875 0.44075 0.3906666671875 0.43925000000000003
6 0.6503333328124999 0.43949999999999995 0.6526666671875 0.437 0.654 0.43150000000000005 0.655 0.41150000000000003 0.6516666671875 0.409 0.6466666671875 0.40750000000000003 0.6386666671875 0.40925 0.635 0.41200000000000003 0.6353333328125 0.43574999999999997 0.6383333328125 0.43825000000000003 0.6503333328124999 0.43949999999999995
6 0.6336666671875 0.43550000000000005 0.6343333328125 0.41174999999999995 0.6333333328124999 0.41025 0.627 0.4085 0.6153333328125 0.40925 0.6126666671875001 0.41200000000000003 0.613 0.43600000000000005 0.615 0.43875000000000003 0.6306666671875 0.43875000000000003 0.6336666671875 0.43550000000000005
6 0.5926666671875 0.43949999999999995 0.5943333328125 0.42774999999999996 0.5936666671874999 0.41200000000000003 0.5876666671875 0.40824999999999995 0.5766666671875 0.409 0.5743333328125 0.41075 0.5743333328125 0.43899999999999995 0.576 0.44075 0.5832223328125 0.4385 0.5926666671875 0.43949999999999995
6 0.5723333328125 0.41174999999999995 0.5683333328125 0.409 0.5566666671875 0.40975 0.5533333328125 0.41174999999999995 0.5526666671875 0.43949999999999995 0.5549999999999999 0.44075 0.5716666671875 0.43975 0.5723333328125 0.41174999999999995
6 0.5509999999999999 0.4375 0.5526666671875 0.41600000000000004 0.5523333328125 0.4125 0.5486666671875 0.40975 0.5349999999999999 0.41200000000000003 0.5336666671875 0.42625 0.5333333328125 0.43925000000000003 0.5366666671875 0.441 0.5486666671875 0.44075 0.5509999999999999 0.4375
6 0.5309999999999999 0.43600000000000005 0.532 0.41200000000000003 0.5256666671875 0.40925 0.521 0.409 0.5163333328124999 0.41200000000000003 0.5156666671875 0.41475 0.5143333328125 0.43925000000000003 0.5173333328124999 0.44125 0.5293333328125 0.43975 0.5309999999999999 0.43600000000000005
6 0.5056666671875 0.41025 0.49233333281249997 0.41174999999999995 0.49400000000000005 0.4375 0.5056666671875 0.43825000000000003 0.5106666671875 0.41200000000000003 0.5056666671875 0.41025
6 0.4863333328125 0.4425 0.48966666718749996 0.43925000000000003 0.4903333328125 0.43600000000000005 0.491 0.41224999999999995 0.4863333328125 0.40975 0.483 0.41075 0.4743333328125 0.41050000000000003 0.4716666671875 0.41224999999999995 0.471 0.43925000000000003 0.4743333328125 0.442 0.47766666718749995 0.441 0.4863333328125 0.4425
6 0.46900000000000003 0.43949999999999995 0.4703333328125 0.41200000000000003 0.46733333281249995 0.41 0.454 0.41025 0.45133333281250004 0.41150000000000003 0.4503333328125 0.4145 0.45099999999999996 0.43949999999999995 0.45499999999999996 0.4415 0.46666666718750005 0.44125 0.46900000000000003 0.43949999999999995
6 0.713 0.43775000000000003 0.7153333328125 0.43624999999999997 0.7166666671875 0.41574999999999995 0.7183333328125 0.41224999999999995 0.7156666671874999 0.409 0.7093333328125 0.40725 0.6953333328125 0.40824999999999995 0.6933333328125 0.41025 0.6916666671875 0.42074999999999996 0.6916666671875 0.43550000000000005 0.6933333328125 0.43674999999999997 0.701 0.43825000000000003 0.713 0.43775000000000003
6 0.8006666671874999 0.43550000000000005 0.8099999999999999 0.43724999999999997 0.8140000000000001 0.43724999999999997 0.8183333328125 0.43574999999999997 0.8206666671875 0.414 0.8193333328125 0.40774999999999995 0.8173333328125001 0.40675 0.8073333328125001 0.40650000000000003 0.8019999999999999 0.40800000000000003 0.7993333328125 0.41200000000000003 0.7986666671875 0.42024999999999996 0.8016666671875001 0.425 0.8 0.43125 0.8006666671874999 0.43550000000000005
6 0.7976666671875 0.43550000000000005 0.798 0.40800000000000003 0.787 0.40675 0.7833333328125 0.40824999999999995 0.782 0.41150000000000003 0.78108 0.4181555 0.7809999999999999 0.42350000000000004 0.7806666671875 0.43274999999999997 0.7826666671875 0.43624999999999997 0.7946666671875 0.43674999999999997 0.7976666671875 0.43550000000000005
6 0.778 0.43499999999999994 0.7776666671875 0.4095 0.776 0.40824999999999995 0.7673333328124999 0.40725 0.7633333328125 0.40800000000000003 0.76 0.4125 0.7596666671875 0.43550000000000005 0.7633333328125 0.437 0.775 0.4375 0.778 0.43499999999999994
6 0.7576666671875001 0.43324999999999997 0.7593333328125 0.41275000000000006 0.7583333328124999 0.40975 0.7476666671875 0.40700000000000003 0.74 0.40800000000000003 0.7373333328125 0.41174999999999995 0.7373333328125 0.43550000000000005 0.7396666671875 0.437 0.7556666671875 0.4365 0.7576666671875001 0.43324999999999997
6 0.7206666671875 0.438 0.7323333328125 0.43899999999999995 0.7366666671875 0.43525 0.7366666671875 0.41025 0.7353333328125 0.409 0.729 0.40824999999999995 0.7213333328125 0.409 0.7190000000000001 0.41100000000000003 0.7183333328125 0.41525 0.7193333328125 0.41825 0.718 0.42300000000000004 0.7186666671874999 0.43674999999999997 0.7206666671875 0.438
6 0.8586666671875 0.43550000000000005 0.8613333328125 0.41200000000000003 0.861 0.40800000000000003 0.8586666671875 0.40599999999999997 0.8493333328125001 0.40525 0.836 0.40650000000000003 0.834 0.40800000000000003 0.8320000000000001 0.418 0.8316666671874999 0.43274999999999997 0.833 0.43574999999999997 0.8416666671874999 0.43724999999999997 0.8586666671875 0.43550000000000005
6 0.8766666671875001 0.4375 0.8800000000000001 0.43525 0.8803333328124999 0.43324999999999997 0.881 0.40675 0.8773333328125 0.40499999999999997 0.8656666671875 0.40575 0.8630000000000001 0.40824999999999995 0.8606666671875001 0.41675000000000006 0.86 0.43174999999999997 0.8616666671875001 0.43475 0.8693333328125 0.43775000000000003 0.8766666671875001 0.4375
6 0.1513333328125 0.576 0.152 0.55275 0.1503333328125 0.54925 0.1463333328125 0.5485 0.1406666671875 0.5495 0.1386666671875 0.5485 0.13433333281249998 0.5519999999999999 0.1346666671875 0.576 0.1386666671875 0.5805 0.1473333328125 0.57875 0.1513333328125 0.576
6 0.16999999999999998 0.5765 0.1716666671875 0.55275 0.1706666671875 0.54875 0.16899999999999998 0.548 0.1566666671875 0.54925 0.1546666671875 0.55025 0.1526666671875 0.5545 0.154 0.5785 0.162 0.57875 0.16599999999999998 0.58 0.16999999999999998 0.5765
6 0.1903333328125 0.579 0.1916666671875 0.57625 0.1933333328125 0.55425 0.1923333328125 0.54875 0.1893333328125 0.54775 0.1796666671875 0.54825 0.173 0.55225 0.17266666718749998 0.57625 0.17366666718749998 0.5782499999999999 0.188 0.58 0.1903333328125 0.579
6 0.209 0.581 0.2133333328125 0.5782499999999999 0.217 0.5725 0.21600000000000003 0.54875 0.2126666671875 0.54625 0.2006666671875 0.54775 0.1946666671875 0.5509999999999999 0.1936666671875 0.55325 0.1936666671875 0.57675 0.197 0.5795 0.2046666671875 0.58125 0.209 0.581
6 0.25666666718750003 0.5775 0.2593333328125 0.572 0.259 0.5485 0.256 0.5455 0.25166666718749997 0.545 0.2403333328125 0.5475 0.236 0.55175 0.23700000000000002 0.5765 0.24 0.579 0.252 0.58 0.25666666718750003 0.5775
6 0.3156666671875 0.5765 0.3183333328125 0.5650000000000001 0.3193333328125 0.54875 0.31433333281250003 0.54625 0.3096666671875 0.54775 0.3026666671875 0.548 0.2986666671875 0.55225 0.2996666671875 0.5765 0.302 0.57875 0.3136666671875 0.5785 0.3156666671875 0.5765
6 0.337 0.57575 0.3376666671875 0.5525 0.33854066718750003 0.54648875 0.333088 0.546197 0.3235463328125 0.5466347500000001 0.3204306671875 0.5513055 0.3226666671875 0.56025 0.322 0.576 0.329 0.5785 0.3343333328125 0.5782499999999999 0.337 0.57575
6 0.357 0.5765 0.3573333328125 0.5485 0.3536666671875 0.5467500000000001 0.3426666671875 0.54775 0.3393333328125 0.5535 0.33999999999999997 0.57625 0.3416666671875 0.5785 0.3493333328125 0.5805 0.357 0.5765
6 0.5173333328124999 0.576 0.52 0.56425 0.5176666671875 0.56075 0.5163333328124999 0.5469999999999999 0.514 0.5455 0.5096666671875 0.545 0.5036666671875001 0.546 0.502 0.5475 0.5023333328125 0.5745 0.5056666671875 0.577 0.5086666671875 0.576 0.5173333328124999 0.576
6 0.49400000000000005 0.57725 0.49833333281250003 0.57275 0.499 0.549 0.49800000000000005 0.5467500000000001 0.49400000000000005 0.54475 0.4843333328125 0.54525 0.48200000000000004 0.54775 0.4823333328125 0.57375 0.4863333328125 0.5780000000000001 0.4903333328125 0.5782499999999999 0.49400000000000005 0.57725
6 0.477 0.575 0.47800000000000004 0.57225 0.4783333328125 0.5467500000000001 0.4743333328125 0.54525 0.46333333281250005 0.54525 0.461 0.5525 0.462 0.575 0.46666666718750005 0.57725 0.4743333328125 0.57675 0.477 0.575
6 0.45499999999999996 0.5782499999999999 0.4583333328125 0.5742499999999999 0.45933333281250005 0.5475 0.4556666671875 0.545 0.44566666718750003 0.5455 0.4423333328125 0.5475 0.44266666718750003 0.57575 0.44699999999999995 0.5785 0.45133333281250004 0.579 0.45499999999999996 0.5782499999999999
6 0.4286666671875 0.579 0.43533333281250003 0.57725 0.438 0.5742499999999999 0.44000000000000006 0.54875 0.43833333281250003 0.546 0.4346666671875 0.54525 0.42433333281249996 0.54625 0.4216666671875 0.54975 0.4216666671875 0.572 0.42366666718749996 0.57775 0.4254883328125 0.5783075 0.4286666671875 0.579
6 0.41566666718749995 0.579 0.4183333328125 0.5740000000000001 0.4193333328125 0.5485 0.41566666718749995 0.5455 0.404 0.546 0.40199999999999997 0.54875 0.4026666671875 0.576 0.40433333281249995 0.579 0.4136666671875 0.58 0.41566666718749995 0.579
6 0.3973333328125 0.58 0.3993333328125 0.5485 0.3966666671875 0.54625 0.3846666671875 0.546 0.38166666718750003 0.549 0.381 0.55225 0.3806666671875 0.57625 0.3856666671875 0.5820000000000001 0.38933333281250004 0.5825 0.3973333328125 0.58
6 0.3786666671875 0.5485 0.377 0.5467500000000001 0.36466666718749996 0.5475 0.361 0.5505 0.36066666718749996 0.576 0.3656666671875 0.58025 0.37666666718749997 0.58025 0.3786666671875 0.5485
6 0.5383333328125001 0.5725 0.5396666671875 0.54875 0.5376666671875 0.546 0.533 0.5445 0.523 0.548 0.5236666671875 0.55675 0.5293333328125 0.57675 0.537 0.57475 0.5383333328125001 0.5725
6 0.5563333328125 0.5755 0.558 0.5742499999999999 0.5599999999999999 0.54975 0.5586666671875 0.54625 0.5556666671875 0.54425 0.5406666671875 0.54475 0.5406666671875 0.5705 0.5411586671874999 0.5755345000000001 0.5466666671875 0.57675 0.5563333328125 0.5755
6 0.5763333328125 0.57525 0.5783333328125 0.5730000000000001 0.579 0.54875 0.5780000000000001 0.54625 0.5730000000000001 0.54425 0.563 0.54525 0.561 0.5475 0.561 0.5740000000000001 0.564 0.5775 0.5683333328125 0.57775 0.5763333328125 0.57525
6 0.5976666671875 0.572 0.5976666671875 0.54725 0.5956666671875 0.545 0.5923333328125 0.54425 0.5823333328125 0.54475 0.58 0.5467500000000001 0.5796666671875 0.57225 0.5836666671875 0.57625 0.5956666671875 0.5745 0.5976666671875 0.572
6 0.697 0.5685 0.6973333328125 0.54825 0.693 0.544 0.6893333328125 0.54325 0.6813333328125 0.54325 0.6776666671875 0.5445 0.6793333328125 0.57225 0.6843333328125001 0.5740000000000001 0.6933333328125 0.57275 0.697 0.5685
6 0.6776666671875 0.57225 0.6776666671875 0.5475 0.6703333328125 0.54375 0.6586666671875 0.54475 0.6576666671875 0.55225 0.6583333328125 0.5745 0.6613333328125 0.57625 0.6736666671875 0.57525 0.6776666671875 0.57225
6 0.6546666671875 0.57475 0.657 0.57275 0.6576666671875 0.548 0.6543333328125 0.54425 0.6506666671875 0.5435 0.642 0.5445 0.6403333328125 0.5467500000000001 0.64 0.5725 0.6423333328124999 0.57525 0.6463333328124999 0.57675 0.6546666671875 0.57475
6 0.6346666671875 0.57525 0.6373333328124999 0.57325 0.6396666671875 0.55175 0.6376666671875 0.5465 0.634 0.54425 0.6203333328125 0.54475 0.6196666671875 0.5700000000000001 0.621 0.5755 0.623 0.57725 0.6346666671875 0.57525
6 0.618 0.57275 0.6186666671875 0.5485 0.616 0.5455 0.6113333328125 0.54425 0.6016666671875 0.5445 0.599 0.548 0.5996666671875001 0.57375 0.603 0.57625 0.615 0.575 0.618 0.57275
6 0.775 0.57125 0.7769999999999999 0.5690000000000001 0.7766666671875 0.5445 0.7723333328125 0.54225 0.7663333328124999 0.54125 0.7556666671875 0.5417500000000001 0.7516666671875 0.54475 0.751 0.56475 0.754 0.572 0.757 0.57325 0.775 0.57125
6 0.7793333328125 0.5715 0.782 0.5725 0.7946666671875 0.5715 0.7969999999999999 0.5685 0.796 0.54425 0.7873333328125 0.54125 0.7793333328125 0.5417500000000001 0.776 0.544 0.7753333328124999 0.54475 0.778 0.5485 0.7776666671875 0.56825 0.7793333328125 0.5715
6 0.8166666671874999 0.56875 0.8163333328125001 0.5469999999999999 0.8130000000000001 0.5435 0.807 0.5417500000000001 0.8 0.5417500000000001 0.7966666671875 0.54375 0.7976666671875 0.5685 0.8023333328125 0.57125 0.8143333328125 0.5725 0.8166666671874999 0.56875
6 0.8336666671874999 0.57125 0.8363333328125 0.5685 0.8366666671875 0.54775 0.8353333328125 0.5445 0.826 0.54075 0.8183333328125 0.54075 0.8140000000000001 0.544 0.8163333328125001 0.5515 0.818 0.5700000000000001 0.8216666671875 0.5715 0.8336666671874999 0.57125
6 0.8533333328125 0.57125 0.8550000000000001 0.5685 0.8563333328124999 0.5587500000000001 0.8566666671875 0.54475 0.8493333328125001 0.5417500000000001 0.8413333328125001 0.5415 0.8376666671875 0.54325 0.8376666671875 0.5605 0.8403333328124999 0.56825 0.8456666671875 0.571 0.8533333328125 0.57125
8 0.17841433281250002 0.9568714999999999 0.1839506671875 0.9572672499999999 0.183687 0.9614207499999999 0.22481399999999999 0.9600362499999999 0.22481399999999999 0.95706925 0.21980499999999997 0.9552892500000001 0.2179596671875 0.9244350000000001 0.22296866718750002 0.91355675 0.22270500000000001 0.8981294999999999 0.181578 0.89832725 0.1805233328125 0.9147434999999999 0.1763053328125 0.92324825 0.17841433281250002 0.9568714999999999
8 0.22033233281250003 0.9562782500000001 0.224023 0.9576627500000001 0.224023 0.961025 0.2662046671875 0.95944275 0.265941 0.9550915 0.2619863328125 0.9541025 0.260141 0.92423725 0.263832 0.9127657499999999 0.2643593328125 0.8973385 0.22244133281249998 0.8979710000000001 0.223496 0.9131612499999999 0.21769599999999997 0.9236437499999999 0.22033233281250003 0.9562782500000001
8 0.26225 0.9539047500000001 0.2656773328125 0.9562782500000001 0.2662046671875 0.960234 0.3075953328125 0.95805825 0.3075953328125 0.9550915 0.3046953328125 0.9533115000000001 0.301268 0.92324825 0.3057496671875 0.9127657499999999 0.3060133328125 0.8967449999999999 0.2639636671875 0.8972295000000001 0.2640956671875 0.9119745 0.25987733281250003 0.92285275 0.26225 0.9539047500000001
8 0.3039043328125 0.95311375 0.3075953328125 0.9543005000000001 0.3086496671875 0.9586517499999999 0.34924933281250004 0.9576627500000001 0.34872200000000003 0.9511357500000001 0.3455583328125 0.9529159999999999 0.3431856671875 0.923446 0.34582199999999996 0.9127657499999999 0.3450313328125 0.89694275 0.30548600000000004 0.8967352500000001 0.3057496671875 0.91217225 0.3023226671875 0.92225925 0.3039043328125 0.95311375