10 0.7360013328125 0.3199395 0.7357053328125 0.29519825 0.7330396671875 0.29253175 0.7220426671875 0.29215800000000003 0.7205023328125 0.3249025 0.7330396671875 0.32571724999999996 0.7360013328125 0.3199395
10 0.7341513328125 0.40913649999999996 0.7343736671875 0.3855365 0.732151 0.3812 0.713235 0.38121775 0.712035 0.41272225 0.730706 0.41347275000000006 0.7341513328125 0.40913649999999996
0 0.7374676671875 0.37885375 0.744952 0.37874125 0.7439043328125 0.41322274999999997 0.735522 0.41412125 0.735522 0.421085 0.7295343328125 0.42164650000000004 0.729235 0.43141825 0.7629146671875 0.43130575000000004 0.763214 0.42119724999999997 0.7705486671874999 0.42086024999999994 0.7699499999999999 0.41389675 0.7783323328125 0.41378424999999996 0.7802783328125 0.37964000000000003 0.7720453328125 0.37761825 0.772345 0.3737995 0.7657586671875001 0.37267625 0.7657586671875001 0.3639155 0.7306313328125 0.3636875 0.7305823328125001 0.37447325 0.736869 0.37301324999999996 0.7374676671875 0.37885375
0 0.7705486671874999 0.41389675 0.7706983328125 0.42007399999999995 0.7635133328125 0.4213095 0.7633636671875 0.43108124999999997 0.797642 0.430969 0.7986896671875 0.4213095 0.8052759999999999 0.42018649999999996 0.8049766671875 0.413335 0.8147063328125 0.4124365 0.8169516671875 0.37907825 0.8061740000000001 0.3770565 0.8061740000000001 0.37323775000000003 0.7994383328125 0.3716655 0.7992886671874999 0.3639155 0.7659121468750001 0.36368943593749997 0.766058 0.372227 0.771746 0.37391175 0.7718956671874999 0.37761825 0.7805776671875 0.37964000000000003 0.7796796671874999 0.41299824999999996 0.7705486671874999 0.41389675
0 0.8070723328125 0.37323775000000003 0.8063236671875 0.37671975 0.8165026671875 0.37907825 0.8157539999999999 0.41221199999999997 0.805725 0.4134475 0.8061740000000001 0.42086024999999994 0.7986896671875 0.42086024999999994 0.798091 0.43130575000000004 0.8311719999999999 0.43164274999999996 0.8316209999999999 0.420748 0.8386563328125 0.420411 0.8388059999999999 0.41221199999999997 0.8498826671874999 0.41187500000000005 0.8516790000000001 0.37784275 0.8410513328125001 0.37638275 0.8413506671875 0.3731255 0.8337166671875 0.37211475 0.8332673328125001 0.36402775 0.80006 0.3636875 0.8001866671875 0.36402775 0.798989 0.3713285 0.8070723328125 0.37323775000000003
0 0.6437416671875 0.32398975 0.6340363328125 0.34304775 0.6524146671875 0.34289274999999997 0.6639783328125 0.32553899999999997 0.6656303328125001 0.2892825 0.6548923328125 0.27828149999999996 0.639199 0.2781265 0.6381663328125 0.27843650000000003 0.6456003328125 0.287733 0.6437416671875 0.32398975
0 0.6829756671875 0.28866274999999997 0.675955 0.2785915 0.65583819375 0.2780990875 0.6645976671875 0.28742325 0.6631523328125 0.32491925 0.6515886671875 0.342428 0.671412 0.34289274999999997 0.6831823328125 0.3247645 0.6829756671875 0.28866274999999997
0 0.6728576671875001 0.34289274999999997 0.6883446671875 0.34382250000000003 0.700941 0.3241445 0.701354 0.28866274999999997 0.694333 0.27843650000000003 0.6777256671874999 0.27807875000000004 0.6829756671875 0.28726825 0.6846276671875 0.32135575 0.6728576671875001 0.34289274999999997
0 0.6899966671875 0.3435125 0.708994 0.34258275 0.7191123328125 0.32569400000000004 0.720971 0.2888175 0.7116786671875001 0.2781265 0.6968110000000001 0.2785915 0.7019733328125 0.28788800000000003 0.7019733328125 0.32367975000000004 0.6899966671875 0.3435125
0 0.7279916671875 0.3435125 0.7465763328125 0.34320249999999997 0.7604113328125 0.32491925 0.759792 0.29098674999999996 0.751532 0.28014075 0.734263 0.27982125 0.7412073328125001 0.28897249999999997 0.738936 0.323215 0.7279916671875 0.3435125
0 0.761444 0.32352474999999997 0.7474023328125 0.3435125 0.7661933328125 0.3435125 0.7796153328125001 0.326004 0.780648 0.29005725 0.7715620000000001 0.2807605 0.7521516671875 0.28045075 0.7521516671875 0.2807605 0.7628893328124999 0.290212 0.761444 0.32352474999999997
0 0.7668126671875 0.34382250000000003 0.7820933328125 0.34568175 0.7979933328125 0.32662375 0.8015040000000001 0.28974725 0.793244 0.2812255 0.7730076671874999 0.2809155 0.7816803328125 0.28990225000000003 0.7800283328125001 0.32367975000000004 0.7668126671875 0.34382250000000003
6 0.2856666671875 0.30425 0.286 0.28300000000000003 0.28300000000000003 0.28075 0.2763333328125 0.28125 0.272 0.28300000000000003 0.271 0.28525 0.271 0.30625 0.273 0.30724999999999997 0.2833333328125 0.308 0.2856666671875 0.30425
6 0.30333333281249997 0.3065 0.3026666671875 0.29674999999999996 0.3036666671875 0.29025 0.3023333328125 0.28325 0.29900000000000004 0.282 0.294 0.2835 0.2903333328125 0.28325 0.2876666671875 0.28675 0.288 0.3065 0.29 0.3075 0.3023333328125 0.30724999999999997 0.30333333281249997 0.3065
6 0.3183333328125 0.30874999999999997 0.31966666718750003 0.30575 0.3193333328125 0.28500000000000003 0.3183333328125 0.2835 0.3066666671875 0.284 0.305 0.286 0.3046666671875 0.3065 0.3063333328125 0.30775 0.311 0.30724999999999997 0.3183333328125 0.30874999999999997
6 0.3393333328125 0.2935 0.33799999999999997 0.2835 0.32566666718750004 0.28375 0.323 0.28700000000000003 0.323 0.3075 0.32566666718750004 0.30924999999999997 0.3376666671875 0.3105 0.3393333328125 0.2935
6 0.3553333328125 0.29 0.3533333328125 0.28575 0.3433333328125 0.28700000000000003 0.3416666671875 0.2895 0.3413333328125 0.29375 0.3416666671875 0.30825 0.3533333328125 0.309 0.3556666671875 0.306 0.3553333328125 0.29
6 0.374 0.30474999999999997 0.374 0.2875 0.37266666718749997 0.286 0.3613333328125 0.28525 0.3593333328125 0.2895 0.3596666671875 0.30825 0.3613333328125 0.31 0.37266666718749997 0.3095 0.374 0.30474999999999997
6 0.3916666671875 0.306 0.3913333328125 0.28975 0.3806666671875 0.2875 0.3786666671875 0.28875 0.3776666671875 0.2935 0.378 0.30975 0.38166666718750003 0.31025 0.39 0.30924999999999997 0.3916666671875 0.306
6 0.40800000000000003 0.31074999999999997 0.4096666671875 0.3065 0.41 0.29075 0.4073333328125 0.288 0.3986666671875 0.2875 0.396 0.28900000000000003 0.3963333328125 0.311 0.398 0.30975 0.404 0.3085 0.40800000000000003 0.31074999999999997
6 0.4273333328125 0.3105 0.42800000000000005 0.3075 0.42766666718749996 0.29100000000000004 0.422 0.28825 0.41566666718749995 0.28825 0.414 0.29075 0.4143333328125 0.309 0.41600000000000004 0.311 0.4246666671875 0.3115 0.4273333328125 0.3105
6 0.446 0.3085 0.44566666718750003 0.2905 0.44266666718750003 0.28825 0.43533333281250003 0.28825 0.4326666671875 0.28975 0.43233333281249997 0.31025 0.43499999999999994 0.31225 0.44333333281250004 0.31225 0.446 0.3085
6 0.46266666718750005 0.31124999999999997 0.46266666718750005 0.2905 0.4603333328125 0.28900000000000003 0.4556666671875 0.28825 0.45099999999999996 0.288 0.449 0.2895 0.4493333328125 0.3115 0.45099999999999996 0.3135 0.4606666671875 0.31275 0.46266666718750005 0.31124999999999997
6 0.4803333328125 0.3085 0.4796666671875 0.29100000000000004 0.4783333328125 0.2895 0.4716666671875 0.28875 0.4686666671875 0.28925 0.46699999999999997 0.29100000000000004 0.46699999999999997 0.3105 0.47066666718750005 0.3125 0.47866666718750006 0.3125 0.4803333328125 0.3085
6 0.497 0.3115 0.497 0.3015 0.4933333328125 0.29225 0.4903333328125 0.29025 0.48600000000000004 0.29 0.48333333281249996 0.294 0.48333333281249996 0.3105 0.48600000000000004 0.31275 0.49466666718749996 0.31375000000000003 0.497 0.3115
6 0.5153333328125 0.31074999999999997 0.5156666671875 0.30474999999999997 0.515 0.29525 0.5136666671875 0.29275 0.506 0.29025 0.504 0.29075 0.5003333328124999 0.29975 0.5016666671875 0.3115 0.5053333328125 0.313 0.5133333328125 0.31275 0.5153333328125 0.31074999999999997
6 0.5313333328125001 0.3125 0.5326666671875 0.3105 0.5326666671875 0.3045 0.5323333328125 0.298 0.5306666671875 0.29500000000000004 0.529 0.29375 0.5213333328124999 0.29375 0.518 0.3 0.5176666671875 0.31025 0.5193333328125 0.3125 0.5213333328124999 0.31375000000000003 0.5313333328125001 0.3125
6 0.6306666671875 0.316 0.632 0.3105 0.6313333328125 0.2935 0.6236666671875 0.292 0.6193333328125 0.2935 0.6193333328125 0.314 0.6223333328125 0.3155 0.6263333328125 0.3145 0.6306666671875 0.316
6 0.6163333328125 0.3145 0.6153333328125 0.292 0.6076666671875001 0.2905 0.6033333328125 0.28825 0.6016666671875 0.2935 0.6013333328125 0.30674999999999997 0.6033333328125 0.3165 0.615 0.31625000000000003 0.6163333328125 0.3145
6 0.577 0.31124999999999997 0.58 0.31425000000000003 0.5806666671875 0.31025 0.5833333328125 0.3065 0.5816666671874999 0.29500000000000004 0.5763333328125 0.2925 0.5716666671875 0.2925 0.5690000000000001 0.2945 0.5686666671875 0.30625 0.5696666671874999 0.30924999999999997 0.572 0.31175 0.577 0.31124999999999997
6 0.5653333328125 0.3105 0.5643333328125 0.2935 0.5603333328125 0.29175 0.5566666671875 0.29175 0.5526666671875 0.29500000000000004 0.553 0.31275 0.5556666671875 0.31425000000000003 0.564 0.31375000000000003 0.5653333328125 0.3105
6 0.5486666671875 0.31375000000000003 0.5496666671875 0.30625 0.5483333328125 0.29525 0.5433333328125001 0.2945 0.5393333328125001 0.296 0.5373333328125 0.29825 0.5366666671875 0.308 0.538 0.3125 0.5403333328125 0.314 0.5486666671875 0.31375000000000003
6 0.5980000000000001 0.31275 0.5993333328125 0.307 0.5986666671875 0.29525 0.596 0.2935 0.592 0.2945 0.5876666671875 0.29425 0.5860000000000001 0.29825 0.5856666671874999 0.3075 0.5876666671875 0.31375000000000003 0.5963333328125 0.31425000000000003 0.5980000000000001 0.31275
6 0.3596666671875 0.3995 0.3596666671875 0.37925 0.3576666671875 0.37725 0.34900000000000003 0.377 0.3456666671875 0.37775 0.344 0.38075000000000003 0.3443333328125 0.40049999999999997 0.3473333328125 0.40225 0.3573333328125 0.40225 0.3596666671875 0.3995
6 0.33999999999999997 0.40049999999999997 0.341 0.3805 0.3376666671875 0.37825000000000003 0.3313333328125 0.378 0.3283333328125 0.37825000000000003 0.32599999999999996 0.3805 0.32599999999999996 0.40149999999999997 0.3293333328125 0.4025 0.33799999999999997 0.4025 0.33999999999999997 0.40049999999999997
6 0.31433333281250003 0.399 0.31966666718750003 0.39875 0.3213333328125 0.397 0.3206666671875 0.3765 0.31466666718749997 0.374 0.3096666671875 0.3745 0.307 0.3735 0.3026666671875 0.3765 0.3026666671875 0.397 0.3063333328125 0.39825 0.311 0.39775 0.31433333281250003 0.399
6 0.3 0.3975 0.30133333281249997 0.39625 0.30133333281249997 0.37575 0.3003333328125 0.37425 0.2926666671875 0.37324999999999997 0.28700000000000003 0.37 0.2843333328125 0.3755 0.284 0.393 0.28500000000000003 0.39625 0.28700000000000003 0.39775 0.3 0.3975
6 0.282 0.39675 0.28300000000000003 0.396 0.2806666671875 0.374 0.2786666671875 0.37174999999999997 0.275 0.37124999999999997 0.2713333328125 0.36924999999999997 0.2673333328125 0.37124999999999997 0.266 0.37525 0.267 0.39649999999999996 0.271 0.39775 0.282 0.39675
6 0.265 0.39649999999999996 0.2646666671875 0.3725 0.2636666671875 0.371 0.25166666718749997 0.36924999999999997 0.24866666718750002 0.37324999999999997 0.2483333328125 0.37725 0.248 0.385 0.25166666718749997 0.39875 0.2633333328125 0.39775 0.265 0.39649999999999996
6 0.44733333281250004 0.40199999999999997 0.45066666718750004 0.40374999999999994 0.4603333328125 0.4035 0.4623333328125 0.40025000000000005 0.462 0.38925 0.4646666671875 0.385 0.4646666671875 0.3805 0.46266666718750005 0.378 0.45766666718750004 0.375 0.4483333328125 0.3755 0.445 0.37725 0.4446666671875 0.38125 0.44800000000000006 0.38825 0.44666666718750003 0.39225 0.44733333281250004 0.40199999999999997
6 0.4453333328125 0.40125 0.446 0.398 0.4463333328125 0.384 0.4453333328125 0.381 0.44333333281250004 0.379 0.43099999999999994 0.38075000000000003 0.43099999999999994 0.40125 0.43166666718749996 0.40225 0.44333333281250004 0.403 0.4453333328125 0.40125
6 0.42833333281249997 0.40025000000000005 0.42800000000000005 0.3805 0.425 0.3795 0.41566666718749995 0.379 0.414 0.38325 0.414 0.40125 0.41566666718749995 0.403 0.426 0.40275 0.42833333281249997 0.40025000000000005
6 0.2346666671875 0.5215 0.23500000000000001 0.5015 0.23199999999999998 0.49874999999999997 0.22400000000000003 0.499 0.2206666671875 0.5025000000000001 0.2206666671875 0.52125 0.2236666671875 0.523 0.2326666671875 0.5225 0.2346666671875 0.5215
6 0.2526666671875 0.5215 0.253 0.50175 0.248 0.49874999999999997 0.24 0.49924999999999997 0.238 0.50125 0.2383333328125 0.52125 0.2403333328125 0.52275 0.25166666718749997 0.5225 0.2526666671875 0.5215
6 0.27 0.5215 0.2713333328125 0.50075 0.2676666671875 0.499 0.25866666718750003 0.49874999999999997 0.2553333328125 0.5015 0.255 0.52125 0.25833333281250004 0.52275 0.2676666671875 0.52275 0.27 0.5215
6 0.28900000000000003 0.50275 0.288 0.49974999999999997 0.2846666671875 0.49874999999999997 0.2753333328125 0.49874999999999997 0.2726666671875 0.5015 0.2726666671875 0.521 0.2746666671875 0.522 0.28700000000000003 0.52175 0.28900000000000003 0.50275
6 0.3066666671875 0.51375 0.30533333281249997 0.4995 0.3023333328125 0.49775 0.29300000000000004 0.49850000000000005 0.2903333328125 0.5005 0.2906666671875 0.52125 0.2943333328125 0.52225 0.30533333281249997 0.52125 0.3066666671875 0.51375
6 0.33999999999999997 0.51825 0.3393333328125 0.5 0.3376666671875 0.49874999999999997 0.3293333328125 0.499 0.32566666718750004 0.501 0.32599999999999996 0.5215 0.33799999999999997 0.52225 0.3393333328125 0.5215 0.33999999999999997 0.51825
6 0.355 0.51775 0.3526666671875 0.5 0.3416666671875 0.49675 0.3396666671875 0.50075 0.3403333328125 0.521 0.3413333328125 0.52175 0.3506666671875 0.52125 0.355 0.51775
6 0.322 0.5185 0.3213333328125 0.50275 0.318 0.49850000000000005 0.311 0.5 0.309 0.50175 0.309 0.5207499999999999 0.31033333281250003 0.52175 0.3206666671875 0.521 0.322 0.5185
6 0.4223333328125 0.518 0.421 0.49824999999999997 0.41966666718749995 0.49725 0.40833333281249995 0.49800000000000005 0.40800000000000003 0.51775 0.41166666718749995 0.52025 0.41966666718749995 0.52025 0.4223333328125 0.518
6 0.43933333281250003 0.5215 0.44066666718749997 0.5175 0.441 0.49974999999999997 0.43933333281250003 0.49524999999999997 0.43533333281250003 0.49325 0.42699999999999994 0.49175 0.42400000000000004 0.49349999999999994 0.422 0.49725 0.42300000000000004 0.51875 0.4273333328125 0.521 0.43383333281249997 0.52025 0.43933333281250003 0.5215
6 0.5683333328125 0.5197499999999999 0.5706666671875 0.51525 0.5700000000000001 0.49800000000000005 0.5623333328125 0.4965 0.557 0.49800000000000005 0.558 0.5037499999999999 0.5566666671875 0.5175 0.5603333328125 0.5195000000000001 0.5683333328125 0.5197499999999999
6 0.5546666671875 0.518 0.5553333328125001 0.5155000000000001 0.5546666671875 0.50175 0.5559999999999999 0.49800000000000005 0.5456666671875 0.49625 0.54 0.49749999999999994 0.5396666671875 0.5175 0.541 0.519 0.5526666671875 0.5195000000000001 0.5546666671875 0.518
6 0.5386666671875 0.5175 0.5393333328125001 0.49800000000000005 0.5296666671875 0.49574999999999997 0.5246666671875 0.49800000000000005 0.5243333328124999 0.518 0.5263333328125 0.51925 0.537 0.5197499999999999 0.5386666671875 0.5175
6 0.5226666671875 0.5175 0.5223333328125 0.50875 0.524 0.49775 0.5213333328124999 0.4965 0.514 0.496 0.5093333328125 0.49725 0.5083333328124999 0.49824999999999997 0.508 0.5065000000000001 0.5076666671875001 0.5175 0.509 0.51925 0.5213333328124999 0.5197499999999999 0.5226666671875 0.5175
6 0.5053333328125 0.5195000000000001 0.5053333328125 0.5015 0.507 0.49800000000000005 0.5016666671875 0.49675 0.49366666718749996 0.497 0.49133333281249997 0.5 0.49133333281249997 0.518 0.49400000000000005 0.5197499999999999 0.502 0.52025 0.5053333328125 0.5195000000000001
6 0.6346666671875 0.518 0.6363333328125 0.51475 0.6356666671875 0.5037499999999999 0.6386666671875 0.49725 0.6256666671875 0.49574999999999997 0.6196666671875 0.49924999999999997 0.618 0.50475 0.619 0.51725 0.6223333328125 0.5185 0.6346666671875 0.518
6 0.6526666671875 0.5145 0.6523333328125 0.50125 0.6556666671875 0.49775 0.654 0.4965 0.642 0.4955 0.6403333328125 0.4965 0.6376666671875 0.50175 0.6383333328125 0.5175 0.643 0.5185 0.6506666671875 0.51825 0.6526666671875 0.5145
6 0.6686666671875 0.49800000000000005 0.666 0.49625 0.6583333328125 0.49574999999999997 0.6553333328125001 0.501 0.6543333328125 0.5175 0.666 0.5185 0.6683333328125001 0.51475 0.6686666671875 0.49800000000000005
6 0.7633333328125 0.517 0.765 0.51375 0.7646666671875 0.49749999999999994 0.7636666671875 0.49524999999999997 0.7516666671875 0.495 0.745 0.50225 0.7436666671875 0.5055 0.7436666671875 0.5135 0.7473333328125 0.5175 0.7633333328125 0.517
6 0.7816666671875 0.5135 0.7793333328125 0.5005 0.7713333328124999 0.4955 0.767 0.49725 0.7663333328124999 0.51525 0.7676666671875 0.51675 0.779 0.517 0.7816666671875 0.5135
6 0.7936666671875 0.51675 0.7953333328125 0.5135 0.7926666671875 0.49400000000000005 0.7856666671875 0.49400000000000005 0.7826666671875 0.497 0.7813333328125001 0.50475 0.7816666671875 0.5145 0.7833333328125 0.51625 0.7936666671875 0.51675
6 0.8426666671874999 0.51325 0.8400000000000001 0.50225 0.8400000000000001 0.4955 0.8343333328125 0.49349999999999994 0.826 0.49349999999999994 0.8236666671874999 0.49424999999999997 0.8213333328125 0.499 0.8220000000000001 0.51475 0.8300000000000001 0.5165 0.8406666671874999 0.5155000000000001 0.8426666671874999 0.51325
6 0.8460000000000001 0.51425 0.8526666671875001 0.51725 0.8573333328125001 0.51675 0.86 0.51075 0.86 0.5005 0.858 0.49375 0.857 0.493 0.8483333328124999 0.49275 0.8436666671875 0.49400000000000005 0.843 0.4955 0.8426666671874999 0.49800000000000005 0.8456666671875 0.506 0.845 0.511 0.8460000000000001 0.51425
6 0.8443333328125 0.6275000000000001 0.845 0.61475 0.844 0.61125 0.837 0.6075 0.8300000000000001 0.60725 0.8286666671875 0.60825 0.8306666671875 0.62825 0.8336666671874999 0.6305 0.8413333328125001 0.62975 0.8443333328125 0.6275000000000001
6 0.8256666671874999 0.63075 0.8276666671875 0.6292500000000001 0.8286666671875 0.6247499999999999 0.827 0.609 0.8233333328124999 0.60725 0.8173333328125001 0.60725 0.8143333328125 0.60975 0.8143333328125 0.62325 0.8156666671874999 0.629 0.8176666671874999 0.63075 0.8256666671874999 0.63075
6 0.8106666671875 0.6305 0.8133333328125 0.629 0.8143333328125 0.627 0.8143333328125 0.61425 0.8130000000000001 0.6105 0.8106666671875 0.60825 0.807 0.60725 0.8003333328125001 0.608 0.7976666671875 0.60975 0.7976666671875 0.6235 0.8006666671874999 0.6295 0.8036666671875 0.631 0.8106666671875 0.6305
6 0.796 0.63025 0.798 0.627 0.7976666671875 0.61075 0.7953333328125 0.60825 0.7926666671875 0.60775 0.7853333328125001 0.60775 0.7823333328125 0.6094999999999999 0.7826666671875 0.6235 0.784 0.6287499999999999 0.7866666671875 0.63075 0.796 0.63025
6 0.782 0.614 0.7806666671875 0.61 0.7753333328124999 0.60775 0.7706666671875 0.60775 0.7673333328124999 0.60975 0.7683333328125 0.63075 0.7713333328124999 0.63175 0.7826666671875 0.63075 0.782 0.614
6 0.767 0.63075 0.7673333328124999 0.623 0.765 0.60975 0.763 0.6085 0.7556666671875 0.60775 0.7516666671875 0.6085 0.7503333328124999 0.61 0.7513333328125 0.631 0.7553333328125 0.6325000000000001 0.766 0.6315000000000001 0.767 0.63075
6 0.7513333328125 0.631 0.7496666671875001 0.6105 0.7476666671875 0.60875 0.745 0.60825 0.7393333328125 0.60825 0.7363333328125 0.61 0.736 0.631 0.74 0.6325000000000001 0.7483333328125 0.6325000000000001 0.7513333328125 0.631
6 0.7356666671875 0.63075 0.7356666671875 0.61525 0.7343333328125 0.61025 0.7316666671875 0.6085 0.7236666671875 0.60825 0.7196666671874999 0.6105 0.7203333328125 0.6315000000000001 0.7243333328125 0.6327499999999999 0.7326666671875001 0.6325000000000001 0.7356666671875 0.63075
6 0.6863333328125 0.633 0.6886666671875 0.631 0.6883333328125001 0.615 0.6866666671874999 0.61075 0.6839999999999999 0.6094999999999999 0.6736666671875 0.6085 0.6686666671875 0.611 0.6683333328125001 0.62675 0.67 0.63075 0.6736666671875 0.63325 0.6863333328125 0.633
6 0.7043333328125 0.631 0.7043333328125 0.615 0.7030000000000001 0.61125 0.7016666671875 0.60975 0.6983333328125 0.6092500000000001 0.6916666671875 0.6094999999999999 0.6883333328125001 0.61075 0.6883333328125001 0.63125 0.6893333328125 0.6327499999999999 0.7013333328125 0.633 0.7043333328125 0.631
6 0.7203333328125 0.63075 0.7186666671874999 0.61075 0.7163333328125 0.609 0.7126666671875 0.60875 0.706 0.61 0.7043333328125 0.61125 0.704 0.631 0.7073333328125 0.6327499999999999 0.7176666671875 0.6327499999999999 0.7203333328125 0.63075
6 0.6576666671875 0.63125 0.6566666671875 0.6125 0.6546666671875 0.6105 0.648 0.61 0.6456666671875 0.61 0.6426666671875 0.612 0.6423333328124999 0.633 0.6453333328124999 0.63425 0.6543333328125 0.634 0.6576666671875 0.63125
6 0.642 0.63075 0.6423333328124999 0.615 0.6406666671875 0.6115 0.6386666671875 0.60975 0.6333333328124999 0.6094999999999999 0.628 0.60975 0.6256666671875 0.61125 0.6253333328124999 0.62975 0.6263333328125 0.63375 0.6386666671875 0.63425 0.642 0.63075
6 0.6256666671875 0.6315000000000001 0.6253333328124999 0.614 0.6226666671875 0.6105 0.6123333328125 0.61025 0.61 0.61125 0.6103333328125 0.634 0.611 0.63475 0.623 0.6345 0.6256666671875 0.6315000000000001
6 0.6076666671875001 0.63475 0.61 0.6315000000000001 0.61 0.6144999999999999 0.6083333328125 0.61175 0.6056666671875 0.61025 0.596 0.6092500000000001 0.591 0.61125 0.5900000000000001 0.627 0.593 0.6335 0.5953333328125 0.635 0.6076666671875001 0.63475
6 0.5776666671874999 0.631 0.5776666671874999 0.6144999999999999 0.5763333328125 0.61125 0.5653333328125 0.61025 0.562 0.61125 0.5626666671875 0.6345 0.564 0.63525 0.576 0.635 0.5776666671874999 0.631
6 0.561 0.6345 0.5606666671875 0.6132500000000001 0.558 0.6115 0.5526666671875 0.61025 0.5446666671875 0.61075 0.5456666671875 0.6345 0.5483333328125 0.63575 0.5599999999999999 0.635 0.561 0.6345
6 0.545 0.6345 0.5436666671875 0.61275 0.5413333328125 0.61075 0.5326666671875 0.61 0.53 0.61125 0.529 0.6345 0.532 0.636 0.5429999999999999 0.6355000000000001 0.545 0.6345
6 0.5269999999999999 0.6355000000000001 0.5286666671875 0.63325 0.5296666671875 0.6155 0.5286666671875 0.6132500000000001 0.5256666671875 0.61125 0.5156666671875 0.6105 0.5116666671875 0.61125 0.5103333328125 0.61425 0.51 0.623 0.5126666671875 0.635 0.517 0.6365000000000001 0.5269999999999999 0.6355000000000001
6 0.4783333328125 0.637 0.4796666671875 0.63475 0.4796666671875 0.61475 0.4783333328125 0.612 0.4663333328125 0.6125 0.4643333328125 0.614 0.46333333281250005 0.6265 0.46299999999999997 0.63475 0.465 0.637 0.46666666718750005 0.63775 0.4783333328125 0.637
6 0.46333333281250005 0.6355000000000001 0.46399999999999997 0.61475 0.4613333328125 0.6125 0.45099999999999996 0.61175 0.44699999999999995 0.614 0.44699999999999995 0.636 0.45 0.63825 0.4623333328125 0.6375 0.46333333281250005 0.6355000000000001
6 0.4463333328125 0.61475 0.44333333281250004 0.613 0.43533333281250003 0.613 0.4313333328125 0.6144999999999999 0.43233333281249997 0.638 0.4436666671875 0.638 0.446 0.63525 0.4463333328125 0.61475
6 0.4303333328125 0.615 0.42800000000000005 0.613 0.4186666671875 0.613 0.4153333328125 0.614 0.41500000000000004 0.6385 0.42766666718749996 0.63875 0.4296666671875 0.634 0.4303333328125 0.615
6 0.414 0.61475 0.41200000000000003 0.613 0.40700000000000003 0.61275 0.4 0.6134999999999999 0.3986666671875 0.615 0.3986666671875 0.6385 0.4 0.63925 0.41200000000000003 0.63875 0.414 0.61475
6 0.398 0.61475 0.395 0.6134999999999999 0.3846666671875 0.613 0.3823333328125 0.61475 0.38166666718750003 0.61875 0.38166666718750003 0.63875 0.3843333328125 0.64025 0.397 0.63875 0.398 0.61475
6 0.261 0.6425 0.2616666671875 0.62175 0.26033333281250004 0.617 0.2536666671875 0.61575 0.248 0.617 0.2463333328125 0.6252500000000001 0.246 0.63875 0.2476666671875 0.6425 0.25166666718749997 0.64325 0.261 0.6425
6 0.2673333328125 0.64275 0.2753333328125 0.64225 0.2783333328125 0.639 0.2786666671875 0.61775 0.275 0.6155 0.26433333281250004 0.6174999999999999 0.2626666671875 0.61925 0.2633333328125 0.63025 0.26233333281250004 0.635 0.2636666671875 0.6415 0.2673333328125 0.64275
6 0.2956666671875 0.63875 0.2943333328125 0.63525 0.2943333328125 0.617 0.292 0.616 0.28300000000000003 0.616 0.27999999999999997 0.61875 0.2806666671875 0.6405000000000001 0.28300000000000003 0.64225 0.29300000000000004 0.641 0.2956666671875 0.63875
6 0.3803333328125 0.6385 0.3806666671875 0.637 0.38 0.62225 0.381 0.61525 0.377 0.61375 0.37333333281250003 0.61425 0.369 0.6132500000000001 0.3656666671875 0.61525 0.36466666718749996 0.618 0.3643333328125 0.63875 0.368 0.64025 0.377 0.64 0.3803333328125 0.6385
6 0.363 0.6385 0.3623333328125 0.6155 0.358 0.6144999999999999 0.3503333328125 0.61475 0.3486666671875 0.61525 0.3476666671875 0.618 0.3473333328125 0.63875 0.3493333328125 0.6407499999999999 0.36066666718749996 0.64 0.363 0.6385
6 0.346 0.6385 0.34500000000000003 0.6174999999999999 0.34199999999999997 0.6155 0.3333333328125 0.6155 0.3306666671875 0.61825 0.3306666671875 0.6395 0.333 0.6407499999999999 0.3443333328125 0.64 0.346 0.6385
6 0.329 0.6385 0.32799999999999996 0.63575 0.3293333328125 0.63075 0.3286666671875 0.618 0.3263333328125 0.61625 0.3226666671875 0.617 0.3183333328125 0.6155 0.315 0.616 0.314 0.6174999999999999 0.314 0.6395 0.3173333328125 0.64125 0.3263333328125 0.6405000000000001 0.329 0.6385
6 0.31233333281250003 0.63875 0.311 0.6174999999999999 0.31033333281250003 0.6165 0.2986666671875 0.616 0.29733333281249996 0.61875 0.29700000000000004 0.63925 0.2986666671875 0.64125 0.31033333281250003 0.6407499999999999 0.31233333281250003 0.63875
1 0.8365063328125 0.9258955 0.7651796671875 0.9279275 0.764277 0.959763 0.8353776671875 0.9573924999999999 0.8365063328125 0.9258955
2 0.47897866718750004 0.921606 0.4404516671875 0.9233307500000001 0.4394483328125 0.9878439999999999 0.4771726671875 0.98513425 0.47897866718750004 0.921606
5 0.495461 0.9420375 0.4791266671875 0.94287025 0.47690666718749997 0.977373 0.4949853328125 0.976778 0.495461 0.9420375
5 0.513857 0.9420375 0.4953816671875 0.9424742500000001 0.4953023328125 0.9764212499999999 0.5133813328125 0.97558825 0.513857 0.9420375
5 0.3295733328125 0.83889225 0.3101416671875 0.8400797499999999 0.311179 0.874066 0.3309563328125 0.8733397500000001 0.3295733328125 0.83889225
5 0.3499036671875 0.8380622499999999 0.329504 0.83852375 0.33067966718749997 0.8733397500000001 0.350595 0.87271725 0.3499036671875 0.8380622499999999
5 0.3686433328125 0.8372059999999999 0.350595 0.8378755 0.3502493328125 0.87237975 0.3698883328125 0.871342 0.3686433328125 0.8372059999999999
5 0.3888356671875 0.8365835 0.36892 0.8370974999999999 0.3694733328125 0.87144575 0.3882823328125 0.8710307500000001 0.3888356671875 0.8365835
5 0.4076446671875 0.8353382500000001 0.3882823328125 0.83619 0.3875906671875 0.8711344999999999 0.4076446671875 0.8705120000000001 0.4076446671875 0.8353382500000001
5 0.4263153328125 0.834197 0.40799033281249997 0.8348935000000001 0.40778299999999995 0.869267 0.427975 0.8690595 0.4263153328125 0.834197
5 0.44581600000000005 0.833367 0.426661 0.83424525 0.427145 0.8681255 0.44512433281249997 0.8679180000000001 0.44581600000000005 0.833367
5 0.5074293328125 0.83069725 0.48941566718749996 0.8319112499999999 0.4877903328125 0.8653522499999999 0.5065996671875 0.8655597500000001 0.5074293328125 0.83069725
5 0.524717 0.8305935 0.5075676671875 0.830874 0.506323 0.86493725 0.523334 0.8643147499999999 0.524717 0.8305935
5 0.5428346671875001 0.8304382499999999 0.525374 0.830485 0.523749 0.86405575 0.5428346671875001 0.8641595000000001 0.5428346671875001 0.8304382499999999
5 0.5621970000000001 0.82919325 0.5431803328125 0.8291885000000001 0.5426963328125 0.8637444999999999 0.5608136671875 0.8633292499999999 0.5621970000000001 0.82919325
5 0.5804526671875 0.82836325 0.5627153328125 0.8287995 0.5606756671875 0.86312175 0.5792080000000001 0.862603 0.5804526671875 0.82836325
5 0.5981553328125 0.8276367499999999 0.580349 0.827892 0.5792080000000001 0.861773 0.596634 0.8613580000000001 0.5981553328125 0.8276367499999999
5 0.616826 0.8271179999999999 0.5988466671875 0.8276325 0.596634 0.8613580000000001 0.6151663328125 0.8618767500000001 0.616826 0.8271179999999999
5 0.7130150000000001 0.8230999999999999 0.6943443328125001 0.8233075 0.6932376671875 0.8557835 0.7131533328125 0.85599125 0.7130150000000001 0.8230999999999999
5 0.7296113328125 0.8230999999999999 0.7131186671874999 0.82283525 0.7130150000000001 0.8551610000000001 0.728643 0.8551610000000001 0.7296113328125 0.8230999999999999
5 0.748282 0.82227 0.7302336671874999 0.822576 0.7282283328125 0.8547459999999999 0.748282 0.8547459999999999 0.748282 0.82227
5 0.7655696671875 0.8209212499999999 0.7493883328125001 0.8216475000000001 0.7491116671875 0.8539160000000001 0.7657079999999999 0.853501 0.7655696671875 0.8209212499999999
5 0.7834106671875001 0.8208175000000001 0.7651546671875 0.8210200000000001 0.7659846671875 0.853501 0.7832723328125 0.8529822499999999 0.7834106671875001 0.8208175000000001
5 0.8011133328125 0.8204024999999999 0.7838253328125 0.8210200000000001 0.783134 0.8529822499999999 0.8011133328125 0.8529822499999999 0.8011133328125 0.8204024999999999
5 0.8196456671875 0.81957225 0.8011133328125 0.81998275 0.8020813328124999 0.8525672500000001 0.818401 0.8516332500000001 0.8196456671875 0.81957225
5 0.8370716671875 0.819261 0.8196456671875 0.819261 0.817433 0.851737 0.8356886671874999 0.8516332500000001 0.8370716671875 0.819261
10 0.5008353328124999 0.37989725 0.47929133281249997 0.38060700000000003 0.4787336671875 0.41138624999999995 0.5000243328125 0.4116905 0.5008353328124999 0.37989725
7 0.3124653328125 0.10767175 0.22172999999999998 0.10387424999999999 0.22172999999999998 0.1488805 0.3124653328125 0.151834 0.3124653328125 0.10767175
7 0.40095099999999995 0.1115725 0.3130746671875 0.10777175000000001 0.31359 0.16558 0.40113833281250005 0.16895549999999998 0.40095099999999995 0.1115725
7 0.48718700000000004 0.11466675 0.401701 0.11129125 0.40095099999999995 0.16895549999999998 0.48643733281249996 0.17204950000000002 0.48718700000000004 0.11466675
7 0.570283 0.11674199999999998 0.48695266718749997 0.114626 0.487984 0.17117125 0.5699080000000001 0.17426550000000002 0.570283 0.11674199999999998
7 0.6542696671875 0.12039875 0.5699080000000001 0.116735 0.5693456671875 0.17314025 0.6507076671875 0.17623450000000002 0.6542696671875 0.12039875
7 0.7367563328125 0.12348925 0.6540353328124999 0.11954725 0.6529573328125 0.1625885 0.7343189999999999 0.165542 0.7367563328125 0.12348925
7 0.816431 0.125599 0.7362876671875 0.12306225 0.7341316671875 0.16497925 0.8151186671874999 0.16919875 0.816431 0.125599
0 0.5012246671875 0.37777475 0.5034533328124999 0.37858825 0.5035926671875 0.4095235 0.49857766718749996 0.4197655 0.49871699999999997 0.43209774999999995 0.5356333328125 0.43220225 0.5360513328125001 0.42097225 0.5392553328125 0.4138655 0.5399516671875 0.3807355 0.537723 0.37874975 0.5375836671875 0.37268425 0.535076 0.37153475 0.5357726671874999 0.3619195 0.4992743328125 0.361397 0.49843833281250005 0.37254925 0.5015033328125 0.37181775 0.5012246671875 0.37777475
0 0.5378623328125001 0.37802674999999997 0.540509 0.37907199999999996 0.5403696671875 0.412829 0.5374443328125 0.416278 0.5361903328125 0.4317455 0.572271 0.4317025 0.5719923328125 0.41602575 0.5749176671875 0.41456275 0.5757536671875 0.38028300000000004 0.5731066671875 0.37735675 0.5732459999999999 0.36178475 0.5363296671875 0.3612835 0.5347973328125 0.3706625 0.5378623328125001 0.37311475 0.5378623328125001 0.37802674999999997
0 0.5734633328125 0.4215865 0.5912716671875 0.4210375 0.5915156671874999 0.41499800000000003 0.5938329999999999 0.41426575000000004 0.5948089999999999 0.37976725 0.5934673328125 0.3783945 0.5906616671875 0.39230375 0.5764823328124999 0.38904550000000004 0.5762686671874999 0.41371675 0.5729753328125 0.4160045 0.5734633328125 0.4215865
0 0.5913936671875 0.421312 0.6098116671875 0.4217695 0.6099336671875 0.415364 0.6129830000000001 0.41435725 0.613837 0.37180599999999997 0.608104 0.371989 0.6096896671875001 0.37958425 0.6098116671875 0.392853 0.5983463328124999 0.39257825 0.595236 0.3851575 0.594321 0.41408275000000005 0.5921253328125 0.41545550000000003 0.5913936671875 0.421312
0 0.6102996671875001 0.41591300000000003 0.6104216671875 0.420946 0.6288400000000001 0.420763 0.6292056671874999 0.41417425 0.6315233328125001 0.41344225 0.6318893328125 0.3832445 0.6296936671875 0.39102275 0.6178619999999999 0.387454 0.6198136671875 0.384251 0.619082 0.37555774999999997 0.627864 0.37235025 0.614447 0.3720805 0.613837 0.41344225 0.6102996671875001 0.41591300000000003
0 0.6295716671875 0.41417425 0.6288400000000001 0.420946 0.647624 0.421678 0.6477459999999999 0.41499800000000003 0.651771 0.41353375000000003 0.652381 0.38498325 0.6344203328125 0.38195575000000004 0.632865 0.38178049999999997 0.6333529999999999 0.41234425 0.6295716671875 0.41417425
0 0.6490266671875 0.42094475 0.6674446671875 0.42167674999999993 0.6674446671875 0.41490525 0.6717139999999999 0.41444749999999997 0.6734216671875 0.38296874999999997 0.6722016671875 0.38315175 0.6646393328125 0.38690375 0.6628096671875 0.389649 0.661346 0.3917535 0.6591506671875 0.39340074999999997 0.6576866671875 0.3921195 0.6579306671875 0.38351775 0.6551560000000001 0.38424274999999997 0.6532956671875 0.4120685 0.6496363328125 0.41508825 0.6490266671875 0.42094475
0 0.6676886671875 0.42121924999999993 0.685619 0.42112774999999997 0.685985 0.414539 0.690132 0.41398999999999997 0.6912296671875 0.40062974999999995 0.6778126671875 0.39541400000000004 0.6773246671875001 0.38177925 0.6745193328125 0.3828705 0.6725676671875 0.413441 0.6678106671874999 0.41527125 0.6676886671875 0.42121924999999993
0 0.6869606671875 0.42103624999999995 0.7051350000000001 0.42176824999999996 0.7056226671875 0.41490525 0.710258 0.4142645 0.7111116671875 0.3787595 0.7073303328125 0.3794 0.7056226671875 0.39257725 0.7081843328125 0.3973355 0.69928 0.40026375 0.6928153328125 0.40025199999999994 0.6918396671875 0.413807 0.6869606671875 0.41481375 0.6869606671875 0.42103624999999995