0 0.6664483328124999 0.45879149999999996 0.6740776671875001 0.45959275 0.6751456671875 0.49039175 0.6673636671875001 0.49199475000000004 0.6675163328125 0.49886425 0.6621756671875 0.49909325000000004 0.6608023328125 0.50825275 0.6963553328125001 0.50790925 0.6951346671875 0.49909325000000004 0.70017 0.49840625000000005 0.6997123328125 0.493254 0.7070366671875 0.49256700000000003 0.7074943328125001 0.46073775 0.7004753328125 0.45799 0.7007803328125 0.45283775000000004 0.694219 0.45180725 0.6940666671875 0.44230425 0.662786 0.44276225 0.6618706671875 0.45272325 0.6659903328125 0.45169275000000003 0.6664483328124999 0.45879149999999996
0 0.7004753328125 0.45799 0.7082573328125 0.46142475000000005 0.7081046671875 0.49107874999999995 0.7004753328125 0.4935975 0.7010856671875 0.49760475 0.695745 0.50012375 0.6963553328125001 0.50802375 0.7300773328125 0.50768025 0.729772 0.49886425 0.735723 0.49794825 0.7355703328125001 0.492338 0.7444206671875 0.49130775 0.7439626671874999 0.45856250000000004 0.7361806671875 0.457303 0.7361806671875 0.45203625000000003 0.7285513328125 0.45100575000000004 0.7285513328125 0.44196074999999996 0.6938556671875 0.44212999999999997 0.6940666671875 0.45146375 0.7003226671875 0.45318125 0.7004753328125 0.45799
0 0.7361496671875 0.45707375 0.7443893328125 0.4589055 0.7446946671875 0.49130725000000003 0.7361496671875 0.49245225000000004 0.7364546671875 0.49806249999999996 0.7298936671875 0.49920749999999997 0.730046 0.50768 0.7628523328125 0.5075655 0.761937 0.498177 0.7698716671875 0.49737549999999997 0.7701766671875 0.49119275 0.778264 0.49119275 0.7781113328125 0.45741725000000005 0.7694136671875 0.45707375 0.769719 0.4519215 0.7643783328125 0.45043300000000003 0.7636153328125 0.441388 0.7281936671875 0.44227299999999997 0.7277573328125 0.450662 0.7363023328125 0.4514635 0.7361496671875 0.45707375
5 0.24472233281250003 0.9628545000000001 0.26749999999999996 0.9620832500000001 0.26749999999999996 0.924506 0.24527766718750002 0.924089 0.24472233281250003 0.9628545000000001
5 0.2686666671875 0.92544375 0.2682223328125 0.9617915 0.288 0.96116675 0.2877776671875 0.9611245 0.2877776671875 0.9244435 0.2686666671875 0.92544375
5 0.2882223328125 0.95979075 0.30733333281249997 0.9576667499999999 0.3113333328125 0.922776 0.2877776671875 0.92411 0.2882223328125 0.95979075
5 0.3082223328125 0.95912375 0.32599999999999996 0.9586667500000001 0.32911100000000004 0.9221090000000001 0.3086666671875 0.9231095 0.3082223328125 0.95912375
5 0.3273333328125 0.95816675 0.34644433281250003 0.9577899999999999 0.346 0.9191079999999999 0.3277776671875 0.92010825 0.3273333328125 0.95816675
5 0.46555566718749997 0.94945325 0.48333333281249996 0.9486667499999999 0.482889 0.91143825 0.46555566718749997 0.912772 0.46555566718749997 0.94945325
5 0.48333333281249996 0.912772 0.48333333281249996 0.94945325 0.5002636375 0.9469259484375 0.502 0.91077125 0.48333333281249996 0.912772
5 0.5011110000000001 0.9474525 0.5193333328125 0.94666675 0.522 0.91177175 0.502 0.912772 0.5011110000000001 0.9474525
5 0.5202223328125 0.9467855000000001 0.5393333328125001 0.94566675 0.538889 0.91077125 0.5202223328125 0.91110475 0.5202223328125 0.9467855000000001
5 0.538 0.9457852499999999 0.5566666671875 0.94466675 0.557111 0.9084369999999999 0.5393333328125001 0.91043775 0.538 0.9457852499999999
5 0.7608889999999999 0.9329627500000001 0.7793333328125 0.93216675 0.7804443328125 0.897282 0.7626666671875 0.897949 0.7608889999999999 0.9329627500000001
5 0.7426666671875 0.89894925 0.742 0.9341667499999999 0.7608889999999999 0.9309620000000001 0.7613333328125 0.8982825 0.7426666671875 0.89894925
5 0.7284443328125 0.89894925 0.7253333328125 0.9341667499999999 0.7422223328124999 0.932296 0.7435556671875 0.89961625 0.7284443328125 0.89894925
5 0.7093333328125 0.9019505000000001 0.708 0.9346667500000001 0.7257776671875 0.93396325 0.7266666671875 0.89994975 0.7093333328125 0.9019505000000001
5 0.6915556671875 0.9022840000000001 0.6906666671874999 0.9361667499999999 0.708 0.93496375 0.708 0.9016170000000001 0.6915556671875 0.9022840000000001
5 0.6737776671875 0.9029510000000001 0.6726666671875 0.9361667499999999 0.6915556671875 0.9362975 0.692889 0.9019505000000001 0.6737776671875 0.9029510000000001
0 0.5077776671875001 0.4644425 0.5051110000000001 0.46077450000000003 0.5051110000000001 0.44443475 0.470889 0.44443475 0.470889 0.45210425 0.47133333281249995 0.45277124999999996 0.4726666671875 0.4601075 0.4726666671875 0.49445449999999996 0.470889 0.49645525 0.47044433281250003 0.51246175 0.5046666671875 0.51216675 0.5046666671875 0.49678875 0.5073333328125 0.49478799999999995 0.5077776671875001 0.4644425
0 0.470889 0.5001235 0.4726666671875 0.49512150000000005 0.4722223328125 0.48945249999999996 0.47044433281250003 0.45343825000000004 0.47000000000000003 0.44343425 0.4326666671875 0.44376775 0.4344443328125 0.4614415 0.43755566718749994 0.4614415 0.4362223328125 0.49445449999999996 0.4346666671875 0.51016675 0.47000000000000003 0.51046075 0.47000000000000003 0.5037915 0.470889 0.5001235
0 0.724762 0.37185450000000003 0.72127 0.37185450000000003 0.72 0.36613799999999996 0.7025396671874999 0.36613799999999996 0.7031746671875 0.37137825 0.7085713328125001 0.37209275 0.707619 0.406154 0.7025396671874999 0.40972675000000003 0.7025396671874999 0.415205 0.7204763328125 0.41511899999999996 0.7206349999999999 0.40782125 0.7250793328125 0.40663024999999997 0.724762 0.37185450000000003
0 0.664762 0.40782125 0.6644443328125 0.41377600000000003 0.6825396671874999 0.41377600000000003 0.6825396671874999 0.40901224999999997 0.6873016671875 0.40663024999999997 0.6879366671875 0.372331 0.6841269999999999 0.37161625 0.6841269999999999 0.36637624999999996 0.6638096671875 0.36547625 0.6641269999999999 0.37399825 0.6698413328124999 0.37185450000000003 0.667619 0.406154 0.664762 0.40782125
0 0.7085713328125001 0.37304550000000003 0.7025396671874999 0.37018724999999997 0.7015873328125 0.3666145 0.683492 0.36637624999999996 0.683492 0.37209275 0.688889 0.37328375 0.686984 0.4056775 0.683492 0.40853575 0.682857 0.41425225 0.7019046671875 0.41440475 0.7022223328125 0.408774 0.7066666671874999 0.40591575 0.7085713328125001 0.37304550000000003
0 0.6481480000000001 0.37348225 0.645432 0.37200025000000003 0.6451853328125 0.366072 0.6271606671875001 0.36625725 0.6266666671875 0.37125925 0.6306173328125 0.37200025000000003 0.6308643328125 0.40664350000000005 0.6274073328124999 0.40942249999999997 0.6274073328124999 0.41423924999999995 0.6448146671874999 0.41425925 0.645432 0.4086815 0.6488889999999999 0.406273 0.6481480000000001 0.37348225
6 0.217 0.37425 0.2106666671875 0.374 0.20866666718750002 0.37475 0.2073333328125 0.37825000000000003 0.20833333281250002 0.397 0.22033333281249998 0.3955 0.2216666671875 0.376 0.217 0.37425
6 0.2396666671875 0.37675000000000003 0.236 0.37425 0.2296666671875 0.37374999999999997 0.2266666671875 0.374 0.22433333281249998 0.37575 0.2246666671875 0.395 0.236 0.397 0.2383333328125 0.39225 0.2396666671875 0.37675000000000003
6 0.252 0.39849999999999997 0.255 0.394 0.2556666671875 0.37575 0.25233333281250003 0.374 0.2436666671875 0.3735 0.24100000000000002 0.37625000000000003 0.24133333281249997 0.39475 0.244 0.39675 0.2463333328125 0.396 0.252 0.39849999999999997
6 0.274 0.3895 0.2733333328125 0.37575 0.2716666671875 0.37425 0.268 0.37374999999999997 0.2606666671875 0.374 0.259 0.37575 0.2596666671875 0.39575 0.263 0.3975 0.2713333328125 0.39725 0.274 0.3895
6 0.2906666671875 0.39525 0.2906666671875 0.37525 0.2853333328125 0.3735 0.2773333328125 0.377 0.277 0.395 0.2793333328125 0.39725 0.288 0.39725 0.2906666671875 0.39525
6 0.37966666718750003 0.39649999999999996 0.3803333328125 0.393 0.37933333281250003 0.377 0.369 0.37525 0.3653333328125 0.37675000000000003 0.3656666671875 0.39649999999999996 0.368 0.39825 0.37733333281250003 0.39849999999999997 0.37966666718750003 0.39649999999999996
6 0.3613333328125 0.3775 0.3593333328125 0.376 0.352 0.375 0.3493333328125 0.375 0.3476666671875 0.37675000000000003 0.3483333328125 0.3975 0.3493333328125 0.399 0.361 0.398 0.3613333328125 0.3775
6 0.3443333328125 0.39649999999999996 0.344 0.37675000000000003 0.3416666671875 0.37475 0.3346666671875 0.37425 0.33166666718750004 0.37475 0.32966666718750004 0.37675000000000003 0.32999999999999996 0.39725 0.3333333328125 0.39925 0.3416666671875 0.39875 0.3443333328125 0.39649999999999996
6 0.3096666671875 0.37675000000000003 0.3066666671875 0.37475 0.2996666671875 0.3745 0.2943333328125 0.3765 0.29500000000000004 0.39825 0.3066666671875 0.39875 0.3093333328125 0.395 0.3096666671875 0.37675000000000003
6 0.32599999999999996 0.39649999999999996 0.3263333328125 0.376 0.323 0.37475 0.314 0.3745 0.31233333281250003 0.37625000000000003 0.31266666718749997 0.39625 0.31433333281250003 0.39775 0.324 0.398 0.32599999999999996 0.39649999999999996
6 0.4303333328125 0.39675 0.43 0.389 0.42300000000000004 0.378 0.42033333281249996 0.3765 0.41633333281249996 0.377 0.41600000000000004 0.39649999999999996 0.4193333328125 0.39925 0.42766666718749996 0.39875 0.4303333328125 0.39675
6 0.41333333281250006 0.39625 0.4126666671875 0.377 0.403 0.376 0.3993333328125 0.37725 0.4 0.39725 0.403 0.39849999999999997 0.41200000000000003 0.398 0.41333333281250006 0.39625
6 0.3963333328125 0.39649999999999996 0.3966666671875 0.39375 0.396 0.377 0.3926666671875 0.37575 0.3843333328125 0.37575 0.3823333328125 0.378 0.3826666671875 0.39649999999999996 0.3846666671875 0.39825 0.3936666671875 0.39849999999999997 0.3963333328125 0.39649999999999996
6 0.44800000000000006 0.39675 0.44800000000000006 0.38075000000000003 0.44333333281250004 0.379 0.4373333328125 0.37925 0.43499999999999994 0.38075000000000003 0.43533333281250003 0.398 0.43833333281250003 0.39925 0.4463333328125 0.399 0.44800000000000006 0.39675
6 0.4646666671875 0.3935 0.46266666718750005 0.3815 0.45499999999999996 0.383 0.45199999999999996 0.3855 0.45066666718750004 0.38925 0.45099999999999996 0.3975 0.4533333328125 0.39849999999999997 0.46266666718750005 0.39875 0.4646666671875 0.3935
6 0.47933333281249996 0.399 0.48166666718749995 0.397 0.4813333328125 0.38175 0.47800000000000004 0.38025000000000003 0.47066666718750005 0.38175 0.4683333328125 0.38425 0.46699999999999997 0.39225 0.46799999999999997 0.39775 0.4703333328125 0.399 0.47933333281249996 0.399
6 0.497 0.39625 0.496 0.37925 0.49400000000000005 0.37725 0.48733333281249996 0.37725 0.4836666671875 0.3795 0.48333333281249996 0.39625 0.48600000000000004 0.39849999999999997 0.49400000000000005 0.399 0.497 0.39625
6 0.513 0.39649999999999996 0.513 0.37825000000000003 0.5103333328125 0.377 0.502 0.3765 0.5 0.37925 0.5003333328124999 0.39649999999999996 0.502 0.398 0.5106666671875 0.398 0.513 0.39649999999999996
6 0.5446666671875 0.39849999999999997 0.5463333328125 0.39675 0.5469999999999999 0.38025000000000003 0.5456666671875 0.377 0.5446666671875 0.37575 0.5363333328125 0.375 0.533 0.37525 0.532 0.3775 0.5316666671875 0.39625 0.533 0.39825 0.536 0.399 0.5446666671875 0.39849999999999997
6 0.5616666671874999 0.397 0.5606666671875 0.37675000000000003 0.5526666671875 0.37575 0.5486666671875 0.37675000000000003 0.5483333328125 0.37775 0.5486666671875 0.39725 0.5523333328125 0.3995 0.5603333328125 0.39875 0.5616666671874999 0.397
6 0.3966666671875 0.47325 0.399 0.46725000000000005 0.398 0.46299999999999997 0.3933333328125 0.46025 0.3843333328125 0.4605 0.3806666671875 0.46224999999999994 0.38333333281250004 0.48550000000000004 0.3846666671875 0.48674999999999996 0.3963333328125 0.48624999999999996 0.3966666671875 0.47325
6 0.3776666671875 0.48650000000000004 0.37966666718750003 0.485 0.3803333328125 0.48150000000000004 0.381 0.47000000000000003 0.37966666718750003 0.46575 0.377 0.46325000000000005 0.36866666718749996 0.46349999999999997 0.366 0.46575 0.36666666718749996 0.485 0.36866666718749996 0.48650000000000004 0.3716666671875 0.48575 0.3776666671875 0.48650000000000004
6 0.361 0.48674999999999996 0.3643333328125 0.48274999999999996 0.3636666671875 0.46475 0.3613333328125 0.4625 0.3493333328125 0.46375 0.3483333328125 0.466 0.3493333328125 0.48550000000000004 0.3533333328125 0.48724999999999996 0.361 0.48674999999999996
6 0.2943333328125 0.48650000000000004 0.2956666671875 0.46825 0.2946666671875 0.46399999999999997 0.28300000000000003 0.46325000000000005 0.2796666671875 0.4665 0.2793333328125 0.479 0.2806666671875 0.48624999999999996 0.2826666671875 0.4875 0.2943333328125 0.48650000000000004
6 0.27599999999999997 0.483 0.277 0.4665 0.2713333328125 0.46399999999999997 0.264 0.465 0.26233333281250004 0.4665 0.26233333281250004 0.485 0.26433333281250004 0.48674999999999996 0.274 0.48650000000000004 0.27599999999999997 0.483
6 0.254 0.4795 0.253 0.46275000000000005 0.2396666671875 0.46175 0.23700000000000002 0.46399999999999997 0.23733333281250002 0.483 0.23933333281250002 0.4845 0.25166666718749997 0.4845 0.254 0.4795
6 0.2336666671875 0.46725000000000005 0.2326666671875 0.46299999999999997 0.229 0.46375 0.22033333281249998 0.4625 0.219 0.46900000000000003 0.2196666671875 0.48324999999999996 0.2206666671875 0.484 0.23199999999999998 0.48324999999999996 0.2336666671875 0.46725000000000005
6 0.21600000000000003 0.48274999999999996 0.2166666671875 0.4625 0.2033333328125 0.46275000000000005 0.20099999999999998 0.4715 0.2013333328125 0.4835 0.2033333328125 0.4845 0.21433333281250003 0.48425 0.21600000000000003 0.48274999999999996
6 0.1966666671875 0.48375 0.198 0.46675000000000005 0.1966666671875 0.46399999999999997 0.1853333328125 0.461 0.1826666671875 0.46299999999999997 0.1826666671875 0.47850000000000004 0.1843333328125 0.484 0.186 0.485 0.1966666671875 0.48375
6 0.17333333281250002 0.584 0.16999999999999998 0.5820000000000001 0.16 0.5822499999999999 0.158 0.58275 0.157 0.58675 0.157 0.60725 0.1696666671875 0.60725 0.1716666671875 0.6045 0.17333333281250002 0.584
6 0.1886666671875 0.6042500000000001 0.191 0.5835 0.187 0.5815 0.1806666671875 0.58175 0.1776666671875 0.58275 0.17466666718749999 0.587 0.17533333281250002 0.606 0.1776666671875 0.6075 0.1856666671875 0.60725 0.1886666671875 0.6042500000000001
6 0.2073333328125 0.603 0.20866666718750002 0.5822499999999999 0.205 0.58075 0.1973333328125 0.581 0.194 0.5825 0.1923333328125 0.5862499999999999 0.1926666671875 0.606 0.1933333328125 0.60675 0.205 0.60625 0.2073333328125 0.603
6 0.22433333281249998 0.60475 0.225 0.60275 0.2266666671875 0.58375 0.22433333281249998 0.58125 0.21600000000000003 0.58125 0.2126666671875 0.58175 0.21000000000000002 0.585 0.2096666671875 0.6045 0.21200000000000002 0.60625 0.2213333328125 0.606 0.22433333281249998 0.60475
6 0.242 0.601 0.2416666671875 0.58175 0.24 0.5805 0.229 0.5822499999999999 0.227 0.58475 0.2266666671875 0.6035 0.231 0.6054999999999999 0.2396666671875 0.6052500000000001 0.242 0.601
6 0.258 0.60325 0.25866666718750003 0.6012500000000001 0.2593333328125 0.58375 0.2556666671875 0.58125 0.244 0.5835 0.244 0.6035 0.24733333281249997 0.60475 0.2556666671875 0.6045 0.258 0.60325
6 0.275 0.60375 0.2763333328125 0.58475 0.2753333328125 0.58125 0.2656666671875 0.58175 0.26233333281250004 0.5835 0.262 0.6035 0.26433333281250004 0.6052500000000001 0.2726666671875 0.6052500000000001 0.275 0.60375
6 0.2763333328125 0.60475 0.2863333328125 0.6035 0.28900000000000003 0.59975 0.2906666671875 0.58375 0.2786666671875 0.5822499999999999 0.275 0.584 0.2763333328125 0.5865 0.2736666671875 0.597 0.2736666671875 0.6035 0.2763333328125 0.60475
6 0.3576666671875 0.6 0.3583333328125 0.59175 0.3556666671875 0.5832499999999999 0.3496666671875 0.57875 0.3456666671875 0.57925 0.344 0.583 0.3433333328125 0.6014999999999999 0.3453333328125 0.60325 0.356 0.602 0.3576666671875 0.6
6 0.373 0.6012500000000001 0.3743333328125 0.59975 0.3756666671875 0.58425 0.3736666671875 0.5755 0.366 0.57375 0.361 0.5742499999999999 0.3586666671875 0.576 0.3563333328125 0.58125 0.356 0.58825 0.3586666671875 0.6014999999999999 0.362 0.60275 0.373 0.6012500000000001
6 0.43833333281250003 0.6002500000000001 0.43966666718749997 0.5980000000000001 0.43933333281250003 0.5780000000000001 0.43533333281250003 0.5735 0.4273333328125 0.57625 0.4256666671875 0.57925 0.42533333281249996 0.59325 0.4266666671875 0.59925 0.4313333328125 0.60075 0.43833333281250003 0.6002500000000001
6 0.4563333328125 0.596 0.4556666671875 0.57775 0.4503333328125 0.5742499999999999 0.44333333281250004 0.5755 0.44166666718750003 0.5782499999999999 0.442 0.5995 0.44299999999999995 0.6002500000000001 0.45499999999999996 0.59975 0.4563333328125 0.596
6 0.4723333328125 0.57775 0.46666666718750005 0.5742499999999999 0.4583333328125 0.576 0.45899999999999996 0.59925 0.471 0.59975 0.4726666671875 0.596 0.4723333328125 0.57775
6 0.4893333328125 0.5955 0.4886666671875 0.5782499999999999 0.48666666718749996 0.5755 0.48266666718750006 0.57375 0.4743333328125 0.57525 0.4733333328125 0.576 0.4743333328125 0.59925 0.4876666671875 0.5995 0.4893333328125 0.5955
6 0.49400000000000005 0.59925 0.5023333328125 0.5995 0.505 0.5962500000000001 0.5043333328124999 0.577 0.5023333328125 0.5755 0.49066666718749996 0.57525 0.48966666718749996 0.57625 0.4916666671875 0.58375 0.4916666671875 0.5972500000000001 0.49400000000000005 0.59925
6 0.5700000000000001 0.59575 0.5703333328125 0.576 0.5683333328125 0.5740000000000001 0.561 0.5730000000000001 0.557 0.5735 0.5549999999999999 0.575 0.5556666671875 0.59575 0.5596666671875 0.5974999999999999 0.5683333328125 0.59775 0.5700000000000001 0.59575
6 0.5856666671874999 0.59575 0.5853333328125 0.576 0.5836666671875 0.5742499999999999 0.5773333328125 0.57325 0.572 0.5742499999999999 0.5703333328125 0.576 0.5706666671875 0.59575 0.5740000000000001 0.5974999999999999 0.5836666671875 0.59775 0.5856666671874999 0.59575
6 0.6016666671875 0.59075 0.6 0.5765 0.5916666671875 0.57325 0.5873333328125 0.5745 0.587 0.5955 0.591 0.5972500000000001 0.5993333328125 0.5974999999999999 0.6016666671875 0.59075
6 0.6953333328125 0.595 0.6973333328125 0.59225 0.697 0.576 0.6953333328125 0.5730000000000001 0.6936666671875 0.57175 0.6853333328125 0.57125 0.682 0.57225 0.679 0.576 0.6786666671875 0.58425 0.6803333328125001 0.59225 0.6853333328125 0.5955 0.6953333328125 0.595
6 0.7096666671875 0.59525 0.713 0.59225 0.7110000000000001 0.57225 0.709 0.57125 0.6986666671874999 0.57175 0.6973333328125 0.57225 0.6980000000000001 0.5925 0.701 0.59475 0.7096666671875 0.59525
6 0.727 0.59175 0.725 0.572 0.7176666671875 0.57125 0.7143333328125 0.572 0.713 0.5735 0.7133333328125 0.5925 0.7166666671875 0.5945 0.724 0.5940000000000001 0.727 0.59175
6 0.7596666671875 0.59325 0.7716666671875 0.59375 0.7736666671875 0.59175 0.772 0.572 0.7673333328124999 0.5702499999999999 0.7596666671875 0.56975 0.7533333328125 0.5730000000000001 0.7523333328125 0.5755 0.7533333328125 0.58375 0.7566666671875 0.59175 0.7596666671875 0.59325
6 0.7873333328125 0.5945 0.7906666671875 0.592 0.7906666671875 0.57775 0.7886666671875 0.57225 0.783 0.5685 0.7743333328124999 0.57075 0.773 0.5735 0.7756666671875 0.5915 0.7796666671875 0.5940000000000001 0.7873333328125 0.5945
6 0.769 0.7075 0.7766666671875 0.7075 0.7796666671875 0.70525 0.7793333328125 0.68675 0.7733333328125 0.683 0.7636666671875 0.68425 0.762 0.6855 0.7656666671875 0.69225 0.765 0.705 0.769 0.7075
6 0.7643333328125 0.70575 0.7656666671875 0.701 0.764 0.6855 0.7556666671875 0.6825 0.75 0.6845 0.7496666671875001 0.70525 0.7533333328125 0.70775 0.7616666671875 0.708 0.7643333328125 0.70575
6 0.748 0.7085 0.7513333328125 0.701 0.7483333328125 0.686 0.7466666671875 0.6845 0.7406666671875 0.683 0.7356666671875 0.6837500000000001 0.7336666671875001 0.68525 0.735 0.705 0.7383333328125 0.7082499999999999 0.748 0.7085
6 0.734 0.70525 0.733 0.6865 0.729 0.6845 0.7216666671875 0.68475 0.7196666671874999 0.68575 0.7206666671875 0.70675 0.724 0.7085 0.7323333328125 0.708 0.734 0.70525
6 0.7196666671874999 0.70075 0.7166666671875 0.6865 0.7150000000000001 0.6849999999999999 0.7093333328125 0.6837500000000001 0.7026666671874999 0.6849999999999999 0.7046666671875 0.709 0.717 0.70925 0.7183333328125 0.7082499999999999 0.7196666671874999 0.70075
6 0.7036666671875 0.70875 0.7023333328125 0.686 0.6943333328125 0.6837500000000001 0.6866666671874999 0.6849999999999999 0.6883333328125001 0.7085 0.6926666671875 0.7105 0.7013333328125 0.71025 0.7036666671875 0.70875
6 0.688 0.709 0.6873333328125 0.69275 0.6856666671875 0.68625 0.683 0.6849999999999999 0.6759999999999999 0.68475 0.6723333328125001 0.6855 0.6716666671875 0.68675 0.6733333328125 0.709 0.6769999999999999 0.71075 0.6853333328125 0.7105 0.688 0.709
6 0.6726666671875 0.70875 0.6706666671875 0.6875 0.667 0.6855 0.6599999999999999 0.6855 0.658 0.68575 0.6559999999999999 0.688 0.6576666671875 0.70975 0.6616666671875 0.7115 0.6696666671875 0.7110000000000001 0.6726666671875 0.70875
6 0.6543333328125 0.712 0.657 0.70925 0.6563333328125001 0.693 0.6543333328125 0.6877500000000001 0.651 0.686 0.6436666671875 0.686 0.6413333328124999 0.687 0.6403333328125 0.6910000000000001 0.642 0.71 0.6453333328124999 0.712 0.6543333328125 0.712
6 0.6413333328124999 0.7095 0.6406666671875 0.69275 0.639 0.68825 0.6343333328125 0.6865 0.6266666671875 0.68675 0.625 0.688 0.626 0.7105 0.6293333328124999 0.71275 0.6386666671875 0.7125 0.6413333328124999 0.7095
6 0.6233333328125 0.71275 0.626 0.7095 0.6253333328124999 0.6925 0.6233333328125 0.6872499999999999 0.6113333328125 0.68625 0.6066666671875 0.689 0.607 0.705 0.611 0.7110000000000001 0.6143333328125 0.713 0.6233333328125 0.71275
6 0.5456666671875 0.71275 0.5446666671875 0.69075 0.5423333328125 0.68925 0.5353333328125001 0.68825 0.5293333328125 0.68875 0.5276666671875 0.69075 0.528 0.709 0.5326666671875 0.71475 0.5426666671875 0.7150000000000001 0.5456666671875 0.71275
6 0.5616666671874999 0.71275 0.5616666671874999 0.693 0.5603333328125 0.6895 0.5536666671875 0.688 0.5483333328125 0.688 0.5463333328125 0.689 0.5466666671875 0.71275 0.5509999999999999 0.7144999999999999 0.5593333328125001 0.71425 0.5616666671874999 0.71275
6 0.576 0.71375 0.5776666671874999 0.71275 0.5783333328125 0.7095 0.5773333328125 0.68925 0.5730000000000001 0.6877500000000001 0.563 0.688 0.5613333328125 0.68925 0.5623333328125 0.71275 0.5683333328125 0.71425 0.576 0.71375
6 0.5933333328125 0.71275 0.5923333328125 0.68925 0.5873333328125 0.688 0.5793333328125 0.688 0.5783333328125 0.69075 0.5796666671875 0.71275 0.5913333328125 0.71375 0.5933333328125 0.71275
6 0.5133333328125 0.71475 0.5126666671875 0.692 0.5096666671875 0.68975 0.5006666671875 0.68975 0.49766666718749997 0.6917500000000001 0.499 0.71475 0.501 0.7165 0.5116666671875 0.7165 0.5133333328125 0.71475
6 0.49733333281250003 0.71325 0.496 0.6925 0.4916666671875 0.6900000000000001 0.48333333281249996 0.69025 0.4813333328125 0.69225 0.483 0.7150000000000001 0.48600000000000004 0.717 0.496 0.7165 0.49733333281250003 0.71325
6 0.4806666671875 0.7115 0.47933333281249996 0.6915 0.47800000000000004 0.6900000000000001 0.4703333328125 0.6900000000000001 0.46566666718749994 0.69275 0.46666666718750005 0.71675 0.47000000000000003 0.71775 0.479 0.71675 0.4806666671875 0.7115
6 0.46266666718750005 0.718 0.4646666671875 0.7165 0.465 0.7135 0.4636666671875 0.69275 0.45899999999999996 0.69025 0.4516666671875 0.6900000000000001 0.44699999999999995 0.69275 0.44699999999999995 0.7105 0.4486666671875 0.71675 0.4543333328125 0.71875 0.46266666718750005 0.718
6 0.4153333328125 0.717 0.4146666671875 0.69325 0.41233333281249995 0.69225 0.40599999999999997 0.6925 0.40133333281250005 0.6935 0.4 0.6952499999999999 0.4006666671875 0.7190000000000001 0.4033333328125 0.7205 0.41200000000000003 0.72 0.4153333328125 0.717
6 0.197 0.72475 0.1966666671875 0.70125 0.1853333328125 0.70175 0.1826666671875 0.7030000000000001 0.1813333328125 0.7055 0.1816666671875 0.7245 0.185 0.72775 0.1933333328125 0.7275 0.197 0.72475
6 0.213 0.7245 0.2136666671875 0.701 0.2093333328125 0.6995 0.20099999999999998 0.7005 0.1983333328125 0.7035 0.1973333328125 0.7082499999999999 0.1973333328125 0.72475 0.2006666671875 0.72675 0.2113333328125 0.72575 0.213 0.7245
6 0.22999999999999998 0.7245 0.2306666671875 0.708 0.23333333281250002 0.701 0.2306666671875 0.6985 0.22433333281249998 0.69775 0.21833333281249998 0.6995 0.215 0.70475 0.2146666671875 0.7245 0.2196666671875 0.7262500000000001 0.22833333281249998 0.7255 0.22999999999999998 0.7245
6 0.2463333328125 0.7245 0.24733333281249997 0.7212500000000001 0.24900000000000003 0.70125 0.248 0.6980000000000001 0.24300000000000002 0.697 0.236 0.69825 0.23199999999999998 0.70375 0.2323333328125 0.7245 0.23500000000000001 0.72575 0.2443333328125 0.7255 0.2463333328125 0.7245
6 0.263 0.724 0.26433333281250004 0.7205 0.265 0.6990000000000001 0.264 0.697 0.259 0.69675 0.252 0.69825 0.25 0.701 0.25 0.724 0.2513333328125 0.725 0.26 0.7252500000000001 0.263 0.724
6 0.2796666671875 0.72275 0.2806666671875 0.7205 0.2816666671875 0.701 0.2803333328125 0.697 0.274 0.6965 0.2686666671875 0.6975 0.266 0.70275 0.2666666671875 0.72325 0.2673333328125 0.72425 0.2766666671875 0.72425 0.2796666671875 0.72275
6 0.298 0.72025 0.298 0.6975 0.29500000000000004 0.69625 0.286 0.697 0.28300000000000003 0.69975 0.2836666671875 0.7222500000000001 0.2866666671875 0.72425 0.29533333281249996 0.72375 0.298 0.72025
6 0.3156666671875 0.72075 0.3156666671875 0.69725 0.31 0.6955 0.3023333328125 0.69675 0.3003333328125 0.69875 0.3 0.7212500000000001 0.3023333328125 0.72325 0.3133333328125 0.7224999999999999 0.3156666671875 0.72075
6 0.33199999999999996 0.717 0.3326666671875 0.69725 0.327 0.6950000000000001 0.322 0.6950000000000001 0.3173333328125 0.697 0.3163333328125 0.69975 0.3173333328125 0.7205 0.3206666671875 0.7224999999999999 0.32966666718750004 0.7222500000000001 0.33199999999999996 0.717
6 0.3483333328125 0.7205 0.3493333328125 0.71375 0.3493333328125 0.696 0.3456666671875 0.69375 0.3383333328125 0.69425 0.3333333328125 0.69825 0.3333333328125 0.7205 0.3366666671875 0.7222500000000001 0.346 0.722 0.3483333328125 0.7205
6 0.3616666671875 0.7215 0.36466666718749996 0.7205 0.3653333328125 0.7175 0.3653333328125 0.69475 0.3533333328125 0.69375 0.351 0.69575 0.35 0.69725 0.351 0.72075 0.354 0.72175 0.3616666671875 0.7215
6 0.3803333328125 0.7205 0.382 0.71725 0.3823333328125 0.7112499999999999 0.38133333281250004 0.6950000000000001 0.3806666671875 0.6940000000000001 0.372 0.6935 0.369 0.69375 0.367 0.696 0.36666666718749996 0.7135 0.368 0.7205 0.371 0.7212500000000001 0.3803333328125 0.7205
6 0.3993333328125 0.7015 0.3976666671875 0.69325 0.3963333328125 0.6925 0.3863333328125 0.6935 0.384 0.6955 0.3846666671875 0.72 0.3963333328125 0.72075 0.3983333328125 0.71825 0.3993333328125 0.7015
7 0.2323806671875 0.04127375 0.1442056671875 0.03841425 0.1462383328125 0.07959175 0.233651 0.08264200000000001 0.2323806671875 0.04127375
7 0.3184593328125 0.045226499999999996 0.2333336671875 0.041795 0.23435 0.08316325 0.31871333281249997 0.08678525000000001 0.3184593328125 0.045226499999999996
7 0.401044 0.048658 0.3185863328125 0.0453105 0.3215086671875 0.09917675000000001 0.4015523328125 0.10241750000000001 0.401044 0.048658
7 0.48343800000000003 0.052520750000000005 0.4005356671875 0.047931 0.4011073328125 0.1015145 0.4847086671875 0.10456475000000001 0.48343800000000003 0.052520750000000005
7 0.5655146671875 0.05518975 0.48407333281250003 0.051742500000000004 0.48343800000000003 0.104374 0.5652603328125 0.107043 0.5655146671875 0.05518975
7 0.6442876671875 0.0569055 0.5660226671874999 0.054601250000000004 0.5662766671874999 0.0952235 0.6442876671875 0.097511 0.6442876671875 0.0569055
7 0.2467603328125 0.207057 0.156673 0.2034605 0.15898033281249999 0.24473425 0.247404 0.2473105 0.2467603328125 0.207057
7 0.3332523328125 0.20862474999999997 0.24708199999999997 0.20667975 0.2495503328125 0.26047125000000004 0.33454 0.26224225 0.3332523328125 0.20862474999999997
7 0.41566666718749995 0.21023 0.3331986671875 0.20828950000000002 0.33518400000000004 0.26175424999999997 0.4163106671875 0.2638475 0.41566666718749995 0.21023
7 0.4969543328125 0.21159975000000003 0.41529133281249997 0.2092955 0.4171153328125 0.26392925 0.4986713328125 0.26586150000000003 0.4969543328125 0.21159975000000003
7 0.576686 0.21337 0.49711533281250003 0.21130749999999998 0.49877866718749997 0.26489425 0.5775443328125001 0.2663435 0.576686 0.21337
7 0.6573833328124999 0.21530225 0.577598 0.2131185 0.5786176671875001 0.25297925 0.6578126671875 0.25378449999999997 0.6573833328124999 0.21530225
7 0.7372223328125 0.21659025 0.6567396671875 0.21513049999999997 0.6571686671875 0.2547505 0.7365783328125 0.25732675 0.7372223328125 0.21659025
0 0.5740653328125 0.407756 0.5718406671875 0.40955325 0.5718406671875 0.414945 0.5903216671875 0.41468825000000004 0.5894663328124999 0.40891124999999995 0.5932306671875 0.407756 0.5925463328125 0.373479 0.5898083328125 0.37322225000000003 0.5896373328125 0.36706 0.570472 0.3669315 0.570472 0.374506 0.574921 0.37258025 0.5740653328125 0.407756
0 0.593573 0.40685725 0.5898083328125 0.41006675000000004 0.5899796671875001 0.414945 0.6088026671875 0.41456 0.6088026671875 0.40942475 0.6115406671875 0.4072425 0.6130806671875 0.37360725 0.6081183328125 0.37245175 0.6084606671875 0.3669315 0.589509 0.366764 0.590835 0.372837 0.5927173328124999 0.37360725 0.593573 0.40685725
0 0.6115406671875 0.40749925 0.608974 0.40916800000000003 0.608974 0.41443149999999995 0.6277969999999999 0.41430325 0.6277969999999999 0.40916800000000003 0.6308773328124999 0.40647225000000003 0.6303639999999999 0.37245175 0.6267703328125 0.37181000000000003 0.6269413328125 0.3665465 0.6083323328125 0.36660349999999997 0.6084606671875 0.37181000000000003 0.6130806671875 0.37412075 0.6115406671875 0.40749925
10 0.6642533328125 0.402103 0.664559 0.38044625 0.6618096671875 0.3748315 0.649285 0.37471675000000004 0.648827 0.4053115 0.6619623328124999 0.40611375 0.6642533328125 0.402103
10 0.43500433281250006 0.46191975 0.4144443328125 0.46248100000000003 0.4149793328125 0.49253925 0.4354626671875 0.49265375 0.43500433281250006 0.46191975
10 0.6455703328125 0.4869745 0.6429716671875 0.49052975 0.6629963328125 0.49052975 0.6651363328125 0.48651574999999997 0.665748 0.46495600000000004 0.663455 0.46174499999999996 0.6614676671875 0.46036875000000005 0.6494683328125 0.46047475000000004 0.6431243328125 0.46036875000000005 0.6461816671875 0.46461199999999997 0.6455703328125 0.4869745
5 0.3631466671875 0.9202305000000001 0.3461316671875 0.9206177500000001 0.3456086671875 0.95583975 0.3631466671875 0.9547535 0.3631466671875 0.9202305000000001
5 0.38245433281249996 0.919989 0.3636293328125 0.9204667499999999 0.3634683328125 0.9542705 0.383098 0.95233925 0.38245433281249996 0.919989
5 0.44592866718749996 0.9156175 0.4279883328125 0.9160925000000001 0.42662066718749997 0.951468 0.44592866718749996 0.950261 0.44592866718749996 0.9156175
5 0.464271 0.91501375 0.4458883328125 0.9156397500000001 0.44576766718750005 0.9505025 0.46459266718750003 0.94989875 0.464271 0.91501375
5 0.6539056671875 0.904339 0.637103 0.9047885000000001 0.6368156671875 0.93784675 0.6557726671874999 0.9374157500000001 0.6539056671875 0.904339
5 0.6728626671875 0.9032617500000001 0.653439 0.90398075 0.655629 0.936877 0.6724316671875 0.9366617500000001 0.6728626671875 0.9032617500000001
0 0.5067923328124999 0.50150675 0.5242273328125 0.5014265 0.5240133328125001 0.49580925000000003 0.5260456671875 0.49484625 0.5257246671875 0.4610625 0.5247620000000001 0.46098225 0.522195 0.47390175 0.5080756671875 0.47152775 0.5085036671875 0.4939635 0.5066853328125 0.49605 0.5067923328124999 0.50150675
0 0.5244413328124999 0.501587 0.542304 0.5014265 0.542411 0.4962905 0.544978 0.494766 0.5445503328125 0.462908 0.5438016671875 0.46082175000000003 0.5433736671875 0.45335875000000003 0.5400579999999999 0.45351925 0.5410206671875 0.46017975 0.5416623328125 0.4727785 0.5406996671875001 0.47542650000000003 0.528185 0.47285875 0.527864 0.4675625 0.5263933328125 0.46591225 0.5263666671875 0.49420425 0.5242273328125 0.4962905 0.5244413328124999 0.501587
0 0.5447643328125 0.46314875000000005 0.54562 0.49444499999999997 0.5426249999999999 0.496451 0.5425180000000001 0.5008647500000001 0.5618783328125 0.500624 0.5616643328125 0.49484625 0.5639106671875 0.49436475 0.5650873328125 0.46403150000000004 0.5631619999999999 0.46395125000000004 0.5598460000000001 0.47261800000000004 0.5489356671875 0.46860549999999995 0.550861 0.46379075 0.5491496671875 0.45825375 0.5610226671875 0.4544805 0.5613436671875001 0.4532785 0.5435876671875 0.4535995 0.5447643328125 0.46314875000000005
0 0.5621993328125 0.50072325 0.5800620000000001 0.500643 0.580704 0.49502575000000004 0.5825223328125 0.49422325 0.5839126671875 0.4656555 0.5653013328125 0.4642075 0.5644453328125 0.49382200000000004 0.5621993328125 0.49582825 0.5621993328125 0.50072325
0 0.5809179999999999 0.500643 0.6002783328125 0.5003219999999999 0.6001713328125 0.49454425 0.6030593328125 0.49374175 0.6029523328125 0.46380999999999994 0.5984596671875 0.46557525 0.594716 0.4675815 0.5934326671875 0.46926674999999995 0.592042 0.47191475 0.589368 0.47408149999999993 0.5876566671875 0.47255675 0.5881913328125 0.464853 0.5844210000000001 0.46571175 0.5842336671874999 0.4936615 0.5812386671875001 0.49582825 0.5809179999999999 0.500643
0 0.6000643328125 0.5004825 0.6188896671874999 0.49992074999999997 0.6178203328125 0.49414300000000005 0.6217776671874999 0.49309975 0.6234893328125 0.4802605 0.6078726671875 0.4767295 0.606803 0.462847 0.603808 0.46390675000000003 0.603701 0.49342075 0.600492 0.49518625 0.6000643328125 0.5004825
0 0.6195316671875 0.50008125 0.6369666671875 0.4998405 0.6376083328125 0.4939825 0.6403893328125 0.4936615 0.641459 0.45955674999999996 0.6367526671875 0.45987775 0.6365386671875 0.47287775 0.638464 0.47777275 0.6235963328125 0.48085374999999997 0.6219916671875 0.49293924999999994 0.618676 0.4946245 0.6195316671875 0.50008125