0 0.529495 0.039107750000000004 0.526644 0.024561 0.532061 0.016003999999999997 0.532061 0.00659125 0.5369076671874999 0.0008155 0.485177 0.0008555 0.48473433281249995 0.0117255 0.48159833281250003 0.021566 0.48216866718749996 0.03654075 0.529495 0.039107750000000004
0 0.5374776671875 0 0.5306353328125 0.007233000000000001 0.5312056671875001 0.018785 0.53187 0.01876625 0.532061 0.032690000000000004 0.578247 0.03504325 0.5779620000000001 0.009586250000000001 0.583664 0.0031685 0.5828086671875 0 0.5374776671875 0
0 0.7696713328125 0.054935 0.8121513328125 0.0585715 0.8138616671875001 0.043811 0.8249806671875 0.0365375 0.8246956671874999 0.026483 0.8400909999999999 0.014931249999999998 0.8423716671875001 0.0001705 0.7831553328124999 0 0.7822156671875 0.03290075 0.7722373328125001 0.040388 0.7696713328125 0.054935
0 0.8255509999999999 0.03568175 0.814432 0.044880500000000004 0.8112959999999999 0.0585715 0.8526353328124999 0.0617805 0.8532056671875001 0.04830325 0.8660349999999999 0.037821 0.86632 0.026911 0.883426 0.01814 0.8868473328125 0.00038449999999999997 0.8430363328125001 0 0.8415163328125 0.012578 0.826121 0.0254135 0.8255509999999999 0.03568175
0 0.8677456671874999 0.0367515 0.8532056671875001 0.049159 0.8532056671875001 0.06092475000000001 0.89483 0.06349175 0.89483 0.05065650000000001 0.9079446671875001 0.0418855 0.9090849999999999 0.03161725 0.9244803328125 0.020493249999999998 0.9279016671875 0.00059825 0.8865213328125 0.000588 0.8845663328125 0.017926249999999998 0.8674603328125 0.026911 0.8677456671874999 0.0367515
0 0.5787176671875 0.009239500000000001 0.5780146671875 0.020141 0.6026233328124999 0.022251 0.6028576671875 0.013811 0.6082483328125 0.005547 0.6087756671875 0.00026375 0.5838736671875 0.00044799999999999994 0.5841083328125001 0.00238225 0.5787176671875 0.009239500000000001
0 0.6026233328124999 0.022251 0.6260603328125 0.024361 0.6267636671875 0.0132835 0.6312166671874999 0.00836025 0.632857 0.00044799999999999994 0.6093616671875 0 0.6073106671875 0.005723000000000001 0.602389 0.013635249999999998 0.6026233328124999 0.022251
0 0.625826 0.02453675 0.6494973328125 0.026646750000000004 0.650435 0.0155695 0.656763 0.009239500000000001 0.658169 0 0.6330913328125 0.000044 0.6312166671874999 0.007833 0.6260603328125 0.012931999999999999 0.625826 0.02453675
0 0.649263 0.026295000000000002 0.6752779999999999 0.028405000000000003 0.6755123328125 0.01662425 0.6820746671875 0.00994275 0.6839496671874999 0.00009625000000000001 0.6577003328125001 0 0.656294 0.008536249999999999 0.650435 0.0153935 0.649263 0.026295000000000002
0 0.6748093328125 0.0287565 0.6980120000000001 0.0289325 0.7001213328125 0.01820675 0.706215 0.012931999999999999 0.706918 0.00009625000000000001 0.683481 0.00026375 0.6820746671875 0.01011875 0.6750436671875 0.01767925 0.6748093328125 0.0287565
0 0.6982463328125 0.0289325 0.7202770000000001 0.03069075 0.7242613328124999 0.02031675 0.7308236671875 0.013987 0.7326986671875 0.00044799999999999994 0.706332 0.000044 0.7066836671875001 0.0122285 0.7001213328125 0.018031 0.6982463328125 0.0289325
0 0.7195739999999999 0.030514999999999997 0.7451203328125 0.0340315 0.7472296671875001 0.021899250000000002 0.7549636671875 0.01680025 0.75637 0.00027225000000000003 0.7324056671875 0.0004835 0.7317613328125 0.0132835 0.7233240000000001 0.020141 0.7195739999999999 0.030514999999999997
5 0.28118733281249997 0.55737125 0.2551596671875 0.5575129999999999 0.2581816671875 0.59935 0.2817723328125 0.5980335 0.28118733281249997 0.55737125
5 0.305363 0.55649375 0.2809923328125 0.5569645000000001 0.28235733281250003 0.59817975 0.3067276671875 0.59817975 0.305363 0.55649375
5 0.3291486671875 0.5547385 0.305363 0.555868 0.305753 0.59788725 0.3287586671875 0.59627825 0.3291486671875 0.5547385
5 0.3525443328125 0.554446 0.3287586671875 0.55513675 0.32934366718749997 0.596571 0.3517646671875 0.5968635 0.3525443328125 0.554446
5 0.3751603328125 0.553861 0.352642 0.55404 0.3519596671875 0.5958395000000001 0.3753553328125 0.59481575 0.3751603328125 0.553861
5 0.3987996671875 0.5536835 0.3755503328125 0.55404 0.375014 0.59463825 0.39763000000000004 0.59390675 0.3987996671875 0.5536835
5 0.42063566718749995 0.552952 0.3982146671875 0.55385725 0.39763000000000004 0.5930292500000001 0.419466 0.5930292500000001 0.42063566718749995 0.552952
5 0.4934063328125 0.57814925 0.493796 0.55226 0.4918463328125 0.54962725 0.47157033281249994 0.550019 0.4694256671875 0.59131325 0.4916516671875 0.59175225 0.4934063328125 0.57814925
5 0.4912616671875 0.5904357499999999 0.5123176671875 0.58941175 0.5127076671874999 0.57844175 0.5140723328125001 0.57346875 0.5138773328124999 0.56776425 0.5129026671875 0.5651315 0.5136823328125 0.549481 0.49282133281249996 0.5497734999999999 0.49360099999999996 0.56527775 0.493991 0.57537025 0.4912616671875 0.5904357499999999
5 0.5140723328125001 0.56600925 0.5144623328125 0.568642 0.5144623328125 0.5722987500000001 0.5123176671875 0.5771255 0.511148 0.589997 0.5337636671875 0.5897045000000001 0.533569 0.579027 0.5345436671875 0.57727175 0.5357133328125 0.5743465 0.5357133328125 0.57068975 0.5341536671875 0.568642 0.5353236671875 0.54933475 0.513 0.54947075 0.5130976671874999 0.5608897500000001 0.5132926671875 0.56352275 0.5140723328125001 0.56600925
5 0.5366883328125 0.56937325 0.5368833328125 0.57156725 0.5339586671875 0.5768329999999999 0.533179 0.58955825 0.5546249999999999 0.5892655 0.55443 0.5787345 0.55521 0.5768329999999999 0.5569646671874999 0.5730299999999999 0.5571596671875 0.5717135 0.5569646671874999 0.5674717499999999 0.5559896671875 0.5651315 0.5567696671875 0.5491885 0.5349336671875 0.5489222500000001 0.5345436671875 0.5651315 0.5349336671875 0.56571675 0.5366883328125 0.56937325
5 0.5575493328125 0.56878825 0.5577443328125 0.5722987500000001 0.55521 0.576394 0.5555996671875 0.58853425 0.5756813328125 0.587803 0.5762660000000001 0.5777105 0.5780206671875 0.5739075 0.5778256671875 0.5705435 0.5766560000000001 0.5667405 0.576851 0.54845725 0.5558923328125001 0.54947075 0.5565746671875 0.56191375 0.5573546671875 0.56571675 0.5575493328125 0.56878825
5 0.5793853328125 0.567033 0.5791906671875 0.5701047499999999 0.5762660000000001 0.576394 0.5756813328125 0.5876567500000001 0.5965423328125 0.58736425 0.597712 0.575224 0.598687 0.57317625 0.5990770000000001 0.5705435 0.5990770000000001 0.56820325 0.597907 0.56323 0.5996616671874999 0.54831075 0.57612 0.548374 0.577436 0.56162125 0.5788006671875 0.56381525 0.5793853328125 0.567033
5 0.6008316671875 0.5651315 0.6018063328125 0.568642 0.6002466671875 0.5709822499999999 0.597712 0.5755165 0.5959573328125 0.58794925 0.6174036671875001 0.5880955 0.6181833328125 0.5765405 0.6193533328124999 0.5742 0.6216926671875 0.5702510000000001 0.6220826671874999 0.567033 0.6201329999999999 0.5633762499999999 0.620718 0.5481645 0.5985406671875 0.54782575 0.598102 0.56030475 0.5990770000000001 0.56279125 0.6008316671875 0.5651315
5 0.7326276671875 0.5609295000000001 0.7328223328125001 0.56326975 0.7312626671875 0.56634125 0.7295079999999999 0.5685352499999999 0.7273633328125 0.58272325 0.7480296671875 0.582577 0.7478346671875 0.57263075 0.7488096671875 0.5692665 0.7495893328125 0.56795025 0.7507593328125 0.56502475 0.7511490000000001 0.562392 0.7499793328125001 0.55917425 0.7503693328125001 0.5444012500000001 0.7318476671874999 0.54484 0.7306779999999999 0.5571265000000001 0.7312626671875 0.5588817500000001 0.7326276671875 0.5609295000000001
5 0.7291179999999999 0.57292325 0.7312626671875 0.56912025 0.7337973328125 0.566195 0.7328223328125001 0.5618070000000001 0.729898 0.5593205 0.7326276671875 0.54484 0.7094266671875 0.5447185 0.7068923328125 0.5834545 0.7289233328125 0.58243075 0.7291179999999999 0.57292325
5 0.752319 0.56034425 0.752319 0.5626845 0.752124 0.566195 0.7488096671875 0.56955925 0.747055 0.583162 0.7704506671875 0.5818455 0.7708406671875 0.572777 0.7712303328125001 0.5692665 0.7733749999999999 0.566195 0.77357 0.5626845 0.7722053328125 0.56005175 0.7698656671874999 0.5577115 0.7714253328125 0.54410875 0.7501256671875 0.54398725 0.7499793328125001 0.556395 0.7505643328125 0.55756525 0.752319 0.56034425
5 0.774545 0.56107575 0.7755196671875 0.564001 0.7720103328125 0.5692665 0.7704506671875 0.5818455 0.7883873328125001 0.5806755 0.789752 0.5697055 0.7913116671875 0.56721875 0.7932613328125 0.564586 0.7936513328125 0.56136825 0.7936513328125 0.5580040000000001 0.790532 0.555225 0.790337 0.54381625 0.7708406671875 0.5439625 0.7700606671875 0.5521535 0.7714253328125 0.5578577499999999 0.774545 0.56107575
5 0.7949256671875 0.5591437499999999 0.7949256671875 0.56161025 0.793282 0.56530975 0.7901313328125 0.56900925 0.7890356671875 0.5806217499999999 0.8078016671875 0.580108 0.8093086671874999 0.5704480000000001 0.8102673328125001 0.56880375 0.8120483328124999 0.5662345 0.8120483328124999 0.5633572499999999 0.8105413328125 0.5594520000000001 0.8113633328125 0.5431125 0.7903713328124999 0.5425925 0.7906793328124999 0.5550332499999999 0.793282 0.55678025 0.7949256671875 0.5591437499999999
5 0.8125959999999999 0.559966 0.812322 0.56294625 0.8120483328124999 0.5658235 0.8094456671874999 0.5679817500000001 0.8084866671875 0.5803135 0.8279376671875 0.5797997500000001 0.8290336671875 0.56921475 0.8302663328125 0.567365 0.8317733328125 0.5645905 0.8314993328125 0.56243225 0.8299923328125001 0.558219 0.8308143328125001 0.5425985 0.8104043328125 0.5428495 0.8102673328125001 0.55462225 0.8112263328125 0.55719125 0.8125959999999999 0.559966
5 0.832321 0.5597605 0.8330059999999999 0.56284325 0.8299923328125001 0.5679817500000001 0.8276640000000001 0.5800052499999999 0.8473890000000001 0.57908025 0.8473890000000001 0.5704480000000001 0.8499913328125001 0.566954 0.8512243328125001 0.56489875 0.8519093328125 0.5621240000000001 0.8519093328125 0.5605825 0.8498546671874999 0.555136 0.8513613328125 0.541982 0.8307800000000001 0.5422072499999999 0.8299923328125001 0.5550332499999999 0.8309513328125 0.55739675 0.832321 0.5597605
5 0.8510873328124999 0.5553415 0.8525940000000001 0.55739675 0.852731 0.56089075 0.8512243328125001 0.56356275 0.8480736671875 0.5689065 0.847115 0.5793885000000001 0.8660180000000001 0.5793885000000001 0.867388 0.56818725 0.8686206671875001 0.56613175 0.8705383328125 0.56346 0.8708123328124999 0.56027425 0.8705383328125 0.5592465 0.8684836671875 0.55606075 0.8710863328125 0.5410572499999999 0.8516693328124999 0.5410515 0.8512243328125001 0.5409545 0.8506763328125 0.55431375 0.8510873328124999 0.5553415
5 0.47878699999999996 0.7167662499999999 0.4783386671875 0.68200425 0.45845900000000006 0.6831257500000001 0.4595053328125 0.72125175 0.47878699999999996 0.7200182500000001 0.47878699999999996 0.7167662499999999
5 0.4802816671875 0.70488 0.4789363328125 0.7077955 0.47878699999999996 0.719794 0.49956300000000003 0.7188967500000001 0.5001610000000001 0.70813175 0.5001610000000001 0.70633775 0.5013566671875 0.70263725 0.4994136671875 0.6994975 0.49971266718749996 0.68021025 0.4777406671875 0.68160725 0.4777406671875 0.6978155 0.47878699999999996 0.701628 0.4802816671875 0.70488
2 0.4177663328125 0.7249275 0.414179 0.7233575 0.4149263328125 0.73558025 0.45603033281250005 0.7335619999999999 0.4554323328125 0.7249275 0.4579733328125 0.72436675 0.4584216671875 0.68568025 0.4557313328125 0.6818675 0.457824 0.65887975 0.413282 0.6608682499999999 0.41387999999999997 0.68164325 0.4162713328125 0.6876985 0.4177663328125 0.7249275
1 0.8590363328124999 0.691489 0.8605309999999999 0.6879005 0.8626236671875 0.683191 0.8605309999999999 0.6788175 0.8596343328125 0.6639035 0.7826576671875001 0.6664735 0.7795186671875001 0.7028145 0.856645 0.698105 0.8590363328124999 0.691489
6 0.1316666671875 0.136 0.13433333281249998 0.1345 0.13533333281249998 0.1315 0.13433333281249998 0.11074999999999999 0.131 0.10874999999999999 0.1226666671875 0.1085 0.1193333328125 0.1075 0.1176666671875 0.10900000000000001 0.11699999999999999 0.11950000000000001 0.1196666671875 0.1345 0.1226666671875 0.13625 0.1316666671875 0.136
6 0.158 0.1365 0.1593333328125 0.135 0.1583333328125 0.11299999999999999 0.1546666671875 0.11000000000000001 0.1433333328125 0.10874999999999999 0.1413333328125 0.10974999999999999 0.1406666671875 0.11674999999999999 0.142 0.13474999999999998 0.1463333328125 0.13725 0.158 0.1365
6 0.1826666671875 0.135 0.1813333328125 0.11299999999999999 0.1776666671875 0.1105 0.16599999999999998 0.10974999999999999 0.1646666671875 0.11125 0.1656666671875 0.136 0.16999999999999998 0.13825 0.18 0.13825 0.1826666671875 0.135
6 0.2076666671875 0.11975 0.2066666671875 0.1135 0.205 0.11125 0.20099999999999998 0.11000000000000001 0.19766666718749998 0.11074999999999999 0.1893333328125 0.11025 0.1876666671875 0.1125 0.189 0.13774999999999998 0.1926666671875 0.13899999999999998 0.2046666671875 0.1385 0.2076666671875 0.11975
6 0.2293333328125 0.1385 0.229 0.11499999999999999 0.2246666671875 0.11125 0.21233333281250003 0.11174999999999999 0.2106666671875 0.11374999999999999 0.21200000000000002 0.1385 0.22233333281249998 0.14025 0.227 0.13974999999999999 0.2293333328125 0.1385
6 0.2476666671875 0.14025 0.2513333328125 0.1385 0.25166666718749997 0.11699999999999999 0.2496666671875 0.1115 0.24731999999999998 0.112482 0.24391433281250002 0.11233175 0.240709 0.11278250000000001 0.23670200000000002 0.11293275 0.23309600000000003 0.11278250000000001 0.2316666671875 0.12050000000000001 0.2343333328125 0.1385 0.238 0.14025 0.2476666671875 0.14025
6 0.2743333328125 0.13874999999999998 0.2726666671875 0.11525 0.2713333328125 0.11425 0.25866666718750003 0.11374999999999999 0.2556666671875 0.11625 0.25666666718750003 0.1385 0.2593333328125 0.14075 0.2713333328125 0.14125000000000001 0.2743333328125 0.13874999999999998
6 0.2871666671875 0.13974999999999999 0.2946666671875 0.13999999999999999 0.2966666671875 0.13825 0.29733333281249996 0.13474999999999998 0.29700000000000004 0.12675 0.2956666671875 0.12425 0.2966666671875 0.099 0.2946666671875 0.0965 0.29133333281249996 0.09525 0.2843333328125 0.096 0.279 0.093 0.275 0.09675 0.275 0.1275 0.2763333328125 0.13874999999999998 0.279 0.141 0.2871666671875 0.13974999999999999
6 0.38533333281250004 0.14275 0.3856666671875 0.13 0.385 0.10600000000000001 0.38333333281250004 0.1025 0.38133333281250004 0.10124999999999999 0.368 0.10149999999999999 0.36633333281249997 0.10325 0.365 0.11325 0.3656666671875 0.142 0.36866666718749996 0.144 0.3843333328125 0.144 0.38533333281250004 0.14275
6 0.40800000000000003 0.14250000000000002 0.4073333328125 0.12883325 0.40833333281249995 0.12325 0.4073333328125 0.1035 0.40366666718750005 0.10149999999999999 0.393 0.10049999999999999 0.3883333328125 0.10075 0.3856666671875 0.10325 0.387 0.143 0.3883333328125 0.14450000000000002 0.4066666671875 0.14325000000000002 0.40800000000000003 0.14250000000000002
6 0.49066666718749996 0.14550000000000002 0.4933333328125 0.14375 0.4943333328125 0.13999999999999999 0.49466666718749996 0.11775 0.4926666671875 0.1105 0.4893333328125 0.1085 0.47866666718750006 0.10825 0.47533333281249995 0.11825000000000001 0.47400000000000003 0.1265 0.4743333328125 0.14325000000000002 0.47800000000000004 0.14575 0.49066666718749996 0.14550000000000002
6 0.5093333328125 0.14775 0.5126666671875 0.14725 0.515 0.14275 0.5156666671875 0.1145 0.514 0.10974999999999999 0.5056666671875 0.10774999999999998 0.5003333328124999 0.10825 0.49833333281250003 0.11025 0.49633333281249997 0.11975 0.49533333281249997 0.145 0.49766666718749997 0.14650000000000002 0.5056666671875 0.14625 0.5093333328125 0.14775
6 0.537 0.13874999999999998 0.5366666671875 0.11499999999999999 0.5356666671875 0.11174999999999999 0.533 0.10900000000000001 0.5243333328124999 0.1085 0.521 0.10925 0.5193333328125 0.11100000000000002 0.5166666671875 0.1345 0.517 0.14625 0.5276666671875 0.14650000000000002 0.533 0.14850000000000002 0.537 0.13874999999999998
6 0.5563333328125 0.146 0.5573333328125 0.14275 0.557 0.11474999999999999 0.553 0.11125 0.546 0.11025 0.542 0.11125 0.541 0.11399999999999999 0.5389999999999999 0.14475 0.5406666671875 0.14650000000000002 0.5526666671875 0.14775 0.5563333328125 0.146
6 0.5726666671875 0.15025 0.576 0.14825 0.5780000000000001 0.13925 0.5786666671875 0.11474999999999999 0.5756666671875 0.11174999999999999 0.5643333328125 0.1105 0.5606666671875 0.11425 0.5593333328125001 0.11850000000000001 0.5586666671875 0.14850000000000002 0.5603333328125 0.1505 0.5633333328125001 0.14950000000000002 0.5726666671875 0.15025
6 0.6606666671875 0.14825 0.6623333328125 0.14325000000000002 0.6606666671875 0.12975 0.661 0.119 0.6583333328125 0.1155 0.6513333328125 0.1135 0.6463333328124999 0.11399999999999999 0.644 0.1155 0.6423913328124999 0.12318549999999999 0.642191 0.1307005 0.6417903328125 0.1382155 0.6405879999999999 0.1446785 0.6425916671875 0.1502395 0.658 0.1515 0.6606666671875 0.14825
6 0.6773333328125 0.14850000000000002 0.6796666671875 0.14325000000000002 0.6803333328125001 0.12275 0.6793333328125 0.11925 0.67 0.11599999999999999 0.6666666671875 0.11674999999999999 0.665 0.11875 0.665 0.145 0.6646289999999999 0.1472335 0.6708396671875 0.14843599999999998 0.6773333328125 0.14850000000000002
6 0.686 0.15275 0.6963333328125 0.15225 0.6983333328125 0.15025 0.7003333328125 0.143 0.7013333328125 0.12250000000000001 0.6973333328125 0.118 0.6893333328125 0.11625 0.6833333328125 0.11850000000000001 0.6816666671875 0.12150000000000001 0.6833333328125 0.1265 0.6813333328125 0.13825 0.6809999999999999 0.15025 0.686 0.15275
6 0.8170379999999999 0.15072725 0.8176666671874999 0.14325000000000002 0.8186666671875 0.13874999999999998 0.818 0.12350000000000001 0.8123333328125 0.122 0.8103333328125 0.12050000000000001 0.8029999999999999 0.12150000000000001 0.8003333328125001 0.123 0.7990073328125 0.13299175000000002 0.7990073328125 0.13870325 0.7990073328125 0.14471525000000002 0.7962023328125001 0.156138 0.8106666671875 0.158 0.8156666671874999 0.1555 0.8170379999999999 0.15072725
6 0.8240496671875001 0.155687 0.8310616671875 0.156138 0.8343333328125 0.1525 0.8363333328125 0.148 0.8373333328125 0.133 0.8363333328125 0.12325 0.8336666671874999 0.12175 0.8226666671875 0.12225 0.82 0.12350000000000001 0.8186666671875 0.12625 0.818 0.13874999999999998 0.8193333328125 0.15075 0.8186406671875 0.15478525 0.8240496671875001 0.155687
6 0.8543333328125 0.15 0.8550000000000001 0.14750000000000002 0.8550000000000001 0.1255 0.8533333328125 0.123 0.8496666671875 0.12175 0.8380000000000001 0.12275 0.8390000000000001 0.15025 0.8362706671875 0.15478525 0.8492926671875001 0.15673925 0.8543333328125 0.15
6 0.8905626671875 0.1613985 0.8913333328125 0.16075 0.9013333328125 0.161 0.908 0.16025 0.9103333328125001 0.1585 0.9126666671875 0.13125 0.9123333328125 0.12675 0.9103333328125001 0.125 0.9036666671875 0.12375 0.8946666671875001 0.12575 0.8880000000000001 0.1315 0.888359 0.139605 0.887758 0.14847275 0.887758 0.1549355 0.8867563328125 0.15884325 0.8887596671875 0.160196 0.8905626671875 0.1613985
6 0.9193333328125 0.15825 0.9276666671875 0.1565 0.9313333328125 0.15325 0.9333333328125001 0.131 0.9316666671875 0.12625 0.9246206671874999 0.1263785 0.9204133328124999 0.12592775 0.9146666671875 0.12825 0.9126666671875 0.134 0.9136666671875 0.14225000000000002 0.9123333328125 0.1505 0.9130010000000001 0.15824225 0.9193333328125 0.15825
6 0.17366666718749998 0.30225 0.18 0.3015 0.1813333328125 0.30074999999999996 0.1816666671875 0.29775 0.179 0.27175 0.1776666671875 0.269 0.17333333281250002 0.26675 0.1653333328125 0.26525 0.161 0.267 0.1596666671875 0.27 0.1603333328125 0.2985 0.1616666671875 0.30125 0.16999999999999998 0.30125 0.17366666718749998 0.30225
6 0.20233333281250002 0.2985 0.1993333328125 0.27975 0.2006666671875 0.27549999999999997 0.2 0.26975 0.1966666671875 0.267 0.1876666671875 0.26625 0.184 0.26725 0.1823333328125 0.271 0.1836666671875 0.29975 0.1853333328125 0.302 0.2006666671875 0.30025 0.20233333281250002 0.2985
6 0.22433333281249998 0.30125 0.2256666671875 0.29900000000000004 0.22400000000000003 0.29425 0.223 0.28175 0.22433333281249998 0.27525 0.2206666671875 0.27175 0.213 0.26775000000000004 0.20866666718750002 0.26775000000000004 0.205 0.26925 0.2053333328125 0.29874999999999996 0.20866666718750002 0.30175 0.221 0.302 0.22433333281249998 0.30125
6 0.24733333281249997 0.29925 0.24533333281249997 0.275 0.2423333328125 0.27175 0.2383333328125 0.2705 0.22999999999999998 0.26949999999999996 0.2273333328125 0.271 0.22833333281249998 0.3 0.2323333328125 0.30274999999999996 0.24500000000000002 0.303 0.24733333281249997 0.29925
6 0.2673333328125 0.30325 0.2683333328125 0.2985 0.2663333328125 0.29474999999999996 0.2656666671875 0.27825 0.264 0.2725 0.25633333281250004 0.269 0.25166666718749997 0.269 0.24900000000000003 0.27275 0.24933333281249997 0.2885 0.2513333328125 0.3025 0.25866666718750003 0.30375 0.2673333328125 0.30325
6 0.29 0.3025 0.2873333328125 0.27349999999999997 0.282 0.2705 0.27599999999999997 0.26925 0.2726666671875 0.27025 0.2706666671875 0.273 0.2713333328125 0.3015 0.275 0.30375 0.2873333328125 0.30375 0.29 0.3025
6 0.3113333328125 0.30225 0.309 0.27525 0.3063333328125 0.27275 0.29900000000000004 0.27125 0.296 0.27175 0.2943333328125 0.27325 0.2946666671875 0.303 0.29733333281249996 0.30425 0.31033333281250003 0.30375 0.3113333328125 0.30225
6 0.33399999999999996 0.3035 0.33399999999999996 0.30074999999999996 0.3313333328125 0.27549999999999997 0.32599999999999996 0.26975 0.322 0.26925 0.3183333328125 0.27 0.31466666718749997 0.27625 0.3163333328125 0.304 0.318 0.3055 0.33199999999999996 0.30525 0.33399999999999996 0.3035
6 0.3533333328125 0.30525 0.355 0.30274999999999996 0.355 0.29874999999999996 0.354 0.27825 0.3526666671875 0.27549999999999997 0.3493333328125 0.27175 0.3423333328125 0.27075 0.3376666671875 0.27275 0.3366666671875 0.27525 0.3366666671875 0.3025 0.3376666671875 0.305 0.3406666671875 0.30575 0.3533333328125 0.30525
6 0.373 0.30575 0.375 0.30325 0.37533333281250003 0.2965 0.37466666718749997 0.279 0.37333333281250003 0.27525 0.369 0.272 0.3613333328125 0.272 0.3563333328125 0.27725 0.3553333328125 0.27925 0.3576666671875 0.3045 0.3603333328125 0.306 0.373 0.30575
6 0.3966666671875 0.304 0.396 0.27725 0.3923333328125 0.27425 0.385 0.27225 0.3806666671875 0.273 0.379 0.27625 0.3783333328125 0.2935 0.37966666718750003 0.3065 0.3956666671875 0.3065 0.3966666671875 0.304
6 0.41733333281249996 0.2995 0.4166666671875 0.27825 0.41200000000000003 0.274 0.40533333281250006 0.273 0.40366666718750005 0.273 0.40199999999999997 0.2745 0.40099999999999997 0.27825 0.40099999999999997 0.30375 0.404 0.306 0.41566666718749995 0.30575 0.41733333281249996 0.2995
6 0.43566666718749997 0.3065 0.4376666671875 0.30325 0.437 0.275 0.43166666718749996 0.272 0.42366666718749996 0.2725 0.421 0.27625 0.41966666718749995 0.28300000000000003 0.421 0.3055 0.422 0.3065 0.43566666718749997 0.3065
6 0.458 0.30674999999999997 0.45899999999999996 0.2985 0.4573333328125 0.29225 0.458 0.27875 0.457 0.27525 0.45415133281250003 0.27473775 0.45054866718750003 0.2742465 0.44333333281250004 0.27425 0.442 0.279 0.44166666718750003 0.3025 0.44266666718750003 0.306 0.453 0.30724999999999997 0.458 0.30674999999999997
6 0.5176666671875 0.3085 0.5196666671875 0.30674999999999997 0.5206666671875 0.30274999999999996 0.5206666671875 0.28300000000000003 0.5193333328125 0.27875 0.517 0.27625 0.5133333328125 0.27475 0.5056666671875 0.2745 0.5036666671875001 0.277 0.5023333328125 0.282 0.5023333328125 0.30125 0.501 0.3065 0.5046666671875 0.30775 0.5176666671875 0.3085
6 0.5403333328125 0.30375 0.5386443328125 0.27789975 0.5307846671875 0.27716275 0.526 0.27675 0.5246666671875 0.28175 0.5236666671875 0.30674999999999997 0.537 0.3085 0.5393333328125001 0.307 0.5403333328125 0.30375
6 0.5576666671875 0.30874999999999997 0.5603333328125 0.3065 0.561 0.30274999999999996 0.5596666671875 0.27925 0.5526666671875 0.275 0.5456856671875 0.2756885 0.5443756671875 0.27998825 0.5443756671875 0.28244525 0.542 0.30674999999999997 0.5443333328125 0.30874999999999997 0.5576666671875 0.30874999999999997
6 0.5796666671875 0.30924999999999997 0.581 0.307 0.5820000000000001 0.279 0.5793333328125 0.27675 0.5683333328125 0.27549999999999997 0.5653333328125 0.279 0.564 0.28325 0.5646666671875 0.30325 0.563 0.3065 0.5666666671875 0.30825 0.5796666671875 0.30924999999999997
6 0.6193333328125 0.307 0.6203333328125 0.30375 0.6203333328125 0.27925 0.619 0.27749999999999997 0.6073333328125 0.27675 0.6016666671875 0.28525 0.6016666671875 0.3065 0.6033333328125 0.3075 0.6156666671875 0.30874999999999997 0.6193333328125 0.307
6 0.6386666671875 0.30724999999999997 0.6393333328125 0.305 0.6393333328125 0.27875 0.6376666671875 0.27725 0.6266666671875 0.27625 0.624 0.27799999999999997 0.6216666671875 0.28250000000000003 0.6216666671875 0.3065 0.6256666671875 0.3085 0.6346666671875 0.30924999999999997 0.6386666671875 0.30724999999999997
6 0.658 0.30674999999999997 0.6586666671875 0.29500000000000004 0.6586666671875 0.28325 0.6585886671875001 0.27799175 0.6466666671875 0.27675 0.644 0.27825 0.642 0.2945 0.642 0.307 0.6453333328124999 0.30825 0.6556666671875 0.30874999999999997 0.658 0.30674999999999997
6 0.6769999999999999 0.3065 0.6776666671875 0.304 0.6783333328125 0.28575 0.6769999999999999 0.27949999999999997 0.67 0.27749999999999997 0.6636666671875 0.2785 0.6603333328125001 0.29825 0.6603333328125001 0.3055 0.6616666671875 0.308 0.6736666671875 0.31025 0.6769999999999999 0.3065
6 0.716 0.3065 0.7163333328125 0.3035 0.716 0.28500000000000003 0.714 0.279 0.7046666671875 0.2785 0.7036666671875 0.27925 0.7 0.2905 0.6996666671875 0.30674999999999997 0.7043333328125 0.3085 0.7133333328125 0.30825 0.716 0.3065
6 0.7323333328125 0.30924999999999997 0.7343333328125 0.30724999999999997 0.735 0.3035 0.7346666671875 0.28500000000000003 0.7323333328125 0.27949999999999997 0.7216666671875 0.27975 0.7186666671874999 0.29700000000000004 0.718 0.3065 0.7190000000000001 0.30775 0.7253333328125 0.3095 0.7323333328125 0.30924999999999997
6 0.7516666671875 0.308 0.7533333328125 0.305 0.754 0.28325 0.7516666671875 0.28075 0.7486666671875 0.27975 0.7423333328124999 0.27999999999999997 0.74 0.28275 0.7376666671875001 0.3065 0.7413333328125 0.3085 0.748 0.309 0.7516666671875 0.308
6 0.7733333328125 0.30325 0.7736666671875 0.28675 0.772 0.282 0.7666666671875 0.27999999999999997 0.7606666671875 0.28025 0.7583333328124999 0.29100000000000004 0.7573333328125 0.3065 0.7593333328125 0.308 0.7713333328124999 0.308 0.7733333328125 0.30325
6 0.7903333328125 0.3065 0.7913333328125 0.3035 0.7913333328125 0.28450000000000003 0.788 0.28025 0.7836666671875 0.27949999999999997 0.779 0.281 0.7776666671875 0.2835 0.7769999999999999 0.306 0.7823333328125 0.308 0.787 0.30825 0.7903333328125 0.3065
6 0.8066666671875 0.30975 0.8093333328125001 0.30775 0.8116666671875 0.3025 0.8109999999999999 0.28650000000000003 0.8093333328125001 0.28225 0.807 0.28025 0.8033333328125 0.27925 0.7976666671875 0.27975 0.794 0.282 0.7923333328125 0.28725 0.7923333328125 0.3065 0.7946666671875 0.30924999999999997 0.8023333328125 0.3105 0.8066666671875 0.30975
6 0.828 0.30375 0.8286666671875 0.28825 0.8263333328125 0.281 0.8196666671875 0.27975 0.8160000000000001 0.28025 0.8126666671875 0.28650000000000003 0.8123333328125 0.3065 0.8176666671874999 0.309 0.8253333328125001 0.3085 0.828 0.30375
6 0.842 0.30924999999999997 0.8453333328125 0.30724999999999997 0.8466666671875 0.30425 0.8483333328124999 0.2915 0.8476666671875 0.28175 0.8446666671875 0.27925 0.8343333328125 0.27925 0.8310000000000001 0.2815 0.8296666671875 0.28675 0.829 0.29900000000000004 0.8306666671875 0.3065 0.834 0.309 0.842 0.30924999999999997
6 0.865 0.3065 0.8653333328124999 0.28300000000000003 0.8613333328125 0.281 0.8546666671875001 0.2805 0.8523333328125 0.281 0.8503333328125 0.28300000000000003 0.8496666671875 0.30674999999999997 0.853 0.30825 0.8616666671875001 0.308 0.865 0.3065
6 0.8813333328124999 0.307 0.8823333328125 0.288 0.8813333328124999 0.28250000000000003 0.8743333328125 0.28075 0.8696666671875001 0.28175 0.868 0.28300000000000003 0.867 0.28875 0.8666666671875 0.303 0.8686666671875001 0.30874999999999997 0.8803333328124999 0.30825 0.8813333328124999 0.307
6 0.8993783328125 0.30977925 0.9 0.3035 0.901 0.28325 0.8926666671874999 0.2805 0.8869999999999999 0.2815 0.8836666671875 0.28375 0.8823333328125 0.28975 0.8816666671875 0.3065 0.884 0.3085 0.8880000000000001 0.30975 0.8993783328125 0.30977925