0 0.5818025 0.720064 0.58680475 0.7344773328125 0.5884055 0.81375 0.5790012499999999 0.8185543328125 0.5790012499999999 0.8324336671875001 0.625022 0.831099 0.6240215 0.816419 0.636027 0.8156183328125 0.636227 0.7336763328125 0.6282235 0.71953 0.629424 0.7088536671875 0.6232212500000001 0.6968426671875 0.6232212500000001 0.6744220000000001 0.5784085 0.675152 0.5776005 0.6976433328125 0.5804017499999999 0.7064516671875001 0.5818025 0.720064
0 0.6285325 0.719401 0.636336 0.733814 0.6375365000000001 0.8146883328125 0.625131 0.815222 0.62473075 0.8293683328125001 0.67075175 0.8309696671875001 0.6703515 0.814955 0.68435775 0.8130866671874999 0.6855585 0.7319456671875 0.675954 0.719401 0.6765542499999999 0.7065889999999999 0.669351 0.697781 0.669151 0.6745596671875 0.62373025 0.6745596671875 0.62252975 0.6951120000000001 0.62913275 0.7060553328125 0.6285325 0.719401
0 0.675614 0.7169293328124999 0.6850182499999999 0.7321433328125 0.6858187499999999 0.8132843328125 0.6728127500000001 0.8146186671875 0.67041175 0.8298326671874999 0.7154320000000001 0.8276973328125001 0.715032 0.8143520000000001 0.7336405 0.8127503328125 0.7338405 0.7305416671875 0.721635 0.7171960000000001 0.7226355 0.705986 0.7140315 0.6958433328125 0.7138315000000001 0.6734226671875 0.67041175 0.675291 0.668811 0.6958433328125 0.6760142499999999 0.705452 0.675614 0.7169293328124999
0 0.7228355 0.7171960000000001 0.7340405 0.729741 0.73424075 0.810882 0.717633 0.8154196671875 0.71663275 0.8274306671874999 0.76065275 0.826096 0.76105275 0.8122166671875 0.783263 0.8103483328125 0.783263 0.7286733328125 0.77065725 0.7169293328124999 0.7692565 0.7038506671875 0.759052 0.693174 0.759252 0.6718213328125 0.7140315 0.672889 0.7140315 0.6953093328125 0.72243525 0.70305 0.7228355 0.7171960000000001
0 0.7692565 0.714527 0.78206225 0.7286733328125 0.78386325 0.8068783328125001 0.76085275 0.8122166671875 0.761253 0.8274306671874999 0.8062732499999999 0.8250283328125001 0.8054729999999999 0.8100813328124999 0.8314847500000001 0.8068783328125001 0.8308845 0.726538 0.8154775000000001 0.7161286671875 0.8156774999999999 0.7006476671875 0.8040722499999999 0.693975 0.8044724999999999 0.6707536671875001 0.75952075 0.671483 0.75965225 0.6921063328125 0.7690565 0.7027829999999999 0.7692565 0.714527
0 0.8154882499999999 0.7137266671875 0.83049525 0.7270723328125 0.83169575 0.802875 0.8070845 0.8100816671875 0.8064842499999999 0.8252956671874999 0.8515047499999999 0.824495 0.8521050000000001 0.8076796671875 0.8789170000000001 0.806612 0.8807180000000001 0.725204 0.8615092499999999 0.712392 0.8627097499999999 0.701182 0.85050425 0.6923736671875 0.84950375 0.6699533328125 0.8048835000000001 0.6696863328125 0.8050835 0.6923736671875 0.8154882499999999 0.701182 0.8154882499999999 0.7137266671875
0 0.860909 0.712392 0.8795175000000001 0.7254706671875 0.8807180000000001 0.8039426671875001 0.8529052500000001 0.806345 0.8521050000000001 0.8231603328125001 0.894124 0.8218260000000001 0.89472425 0.8074126671874999 0.92633875 0.803142 0.924938 0.7228016671875 0.9063295 0.7121253328125 0.90692975 0.6971783328125001 0.8939239999999999 0.6894376671875 0.89252325 0.6667503328125 0.8493264999999999 0.6694816671875 0.85050425 0.6910393328125 0.8611090000000001 0.6995803328125 0.860909 0.712392
7 0.23334975 0.0483176671875 0.12276374999999999 0.047147 0.12188600000000001 0.1396223328125 0.23203325000000002 0.143134 0.23334975 0.0483176671875
7 0.34261925 0.0518293328125 0.23203325000000002 0.0462236671875 0.23203325000000002 0.140793 0.340864 0.147231 0.34261925 0.0518293328125
7 0.44859774999999996 0.0512476671875 0.340096 0.0476866671875 0.33932799999999996 0.1712313328125 0.44684225 0.1718166671875 0.44859774999999996 0.0512476671875
7 0.55260125 0.05358866718750001 0.44651325000000003 0.050612000000000004 0.44728124999999996 0.1700606671875 0.5521622500000001 0.172987 0.55260125 0.05358866718750001
7 0.6548495 0.055344667187499995 0.55128475 0.0528063328125 0.5517235 0.1735723328125 0.6548495 0.1741576671875 0.6548495 0.055344667187499995
7 0.7565492500000001 0.057983332812499996 0.6533135 0.0550003328125 0.654301 0.1726993328125 0.7552325 0.1732846671875 0.7565492500000001 0.057983332812499996
7 0.85528675 0.057398000000000005 0.755891 0.055732000000000004 0.75742675 0.172114 0.85660325 0.1726993328125 0.85528675 0.057398000000000005
7 0.9584127499999999 0.057983332812499996 0.856274 0.0550003328125 0.85660325 0.1451906671875 0.957535 0.1463613328125 0.9584127499999999 0.057983332812499996
7 0.2233225 0.41924266718750003 0.11046450000000001 0.4200166671875 0.111335 0.5136576671874999 0.22303250000000002 0.510562 0.2233225 0.41924266718750003
7 0.33349700000000004 0.417998 0.22441049999999998 0.4191586671875 0.22121925 0.512026 0.3346575 0.510478 0.33349700000000004 0.417998
7 0.44113274999999996 0.41606333281249996 0.33291675 0.416424 0.33349700000000004 0.510478 0.44026224999999997 0.5093173328125 0.44113274999999996 0.41606333281249996
7 0.54463425 0.41626 0.44098775 0.41594033281250004 0.4396095 0.5079663328125 0.54666525 0.5079663328125 0.54463425 0.41626
7 0.6490787499999999 0.415099 0.5439815 0.41594033281250004 0.546375 0.5075793328125 0.6482082499999999 0.5052576671875 0.6490787499999999 0.415099
0 0.40527974999999994 0.714224 0.40555075 0.7243459999999999 0.40527974999999994 0.7442286671875 0.40527974999999994 0.7557966671874999 0.3976905 0.767003 0.38739075 0.78074 0.388204 0.8215896671875 0.39308275 0.8255663328124999 0.42343975 0.8389416671875001 0.4407865 0.8367726671875 0.4407865 0.8241203328125 0.437805 0.8215896671875 0.436721 0.739529 0.4397025 0.7283223328124999 0.437805 0.712055 0.43997349999999996 0.7030173328125 0.4407865 0.678074 0.39335375 0.6804126671875 0.39362474999999997 0.696149 0.400401 0.6986793328124999 0.40527974999999994 0.714224
0 0.44105774999999997 0.7243459999999999 0.436721 0.7384443328125 0.437534 0.8172516671875 0.44187075 0.8237586671875 0.44051549999999995 0.8378573328125001 0.4879485 0.8367726671875 0.48686425 0.8226743328125 0.48740625 0.735191 0.48686425 0.7218153328125 0.4771065 0.7203693328125 0.47276999999999997 0.712055 0.46924625000000003 0.7116933328124999 0.46599375 0.7080783328125 0.46626475 0.7004870000000001 0.47141475 0.6997639999999999 0.46924625000000003 0.695426 0.46463850000000007 0.695426 0.46111500000000005 0.6910879999999999 0.46138599999999996 0.6842193328125 0.46762 0.6834963328125 0.47141475 0.6777123328125 0.4706015 0.6751820000000001 0.44132875 0.677351 0.44187075 0.7008483328125 0.43916025000000003 0.7095243328125 0.44105774999999997 0.7243459999999999
0 0.50292375 0.7018486671875 0.50075525 0.7076326671875 0.50102625 0.721731 0.5023815 0.7293226671874999 0.50319475 0.8121063328125 0.5018395 0.823313 0.5267755000000001 0.8229513328125 0.52785975 0.8135523328125001 0.5262335 0.729684 0.52487825 0.7260690000000001 0.5246072500000001 0.7134166671875 0.523523 0.7069096671875 0.523523 0.6873886671875 0.5197285 0.6743746671874999 0.5092255 0.6754436671875 0.51295225 0.688473 0.50292375 0.6975106671875 0.50292375 0.7018486671875
0 0.5362622499999999 0.7228156671875 0.54059875 0.7340223328125 0.54087 0.8175290000000001 0.53761725 0.8070453328125 0.53761725 0.8207823328125 0.53436475 0.8135523328125001 0.53355175 0.8341580000000001 0.57962925 0.8337963328125 0.5804425 0.818975 0.5874895 0.816806 0.5872185 0.7358296671875 0.5823397499999999 0.7239 0.58206875 0.708717 0.5782740000000001 0.7004026671875 0.577461 0.6772666671875001 0.53124775 0.6754436671875 0.5327385 0.7011256671874999 0.5362622499999999 0.710163 0.5362622499999999 0.7228156671875
6 0.91875 0.9833333328125 0.9182499999999999 0.991 0.92025 0.9996666671875 0.93925 0.9996666671875 0.93925 0.9743333328125001 0.93775 0.962 0.925 0.9493333328125001 0.916 0.943 0.9039999999999999 0.9466666671875 0.9057499999999999 0.9513333328125 0.9119999999999999 0.9596666671875 0.9157500000000001 0.9626666671875 0.91875 0.9833333328125
6 0.88425 0.9996666671875 0.9157500000000001 0.9996666671875 0.9172499999999999 0.978 0.916 0.9676666671874999 0.91375 0.9626666671875 0.9102499999999999 0.9603333328125 0.9029999999999999 0.9506666671874999 0.8965 0.9466666671875 0.8880000000000001 0.9460000000000001 0.88475 0.9473333328125 0.88325 0.9490000000000001 0.882 0.9543333328125 0.881 0.9616666671875 0.8815 0.9903333328124999 0.882 0.9946666671875001 0.88425 0.9996666671875
6 0.85375 0.9716666671875 0.8532500000000001 0.9906666671875 0.8554999999999999 0.9996666671875 0.87575 0.9996666671875 0.8765000000000001 0.9949999999999999 0.87625 0.9733333328124999 0.8744999999999999 0.9656666671874999 0.8710000000000001 0.9633333328125 0.8692500000000001 0.959 0.8637499999999999 0.9560000000000001 0.85725 0.9496666671874999 0.85375 0.9486666671874999 0.8487500000000001 0.9493333328125001 0.845 0.9503333328125001 0.84375 0.9523333328125 0.8435 0.9550000000000001 0.8445 0.9570000000000001 0.8515 0.9663333328125001 0.85375 0.9716666671875
6 0.8255000000000001 0.9626666671875 0.83025 0.9706666671875 0.8324999999999999 0.9996666671875 0.8515 0.9996666671875 0.85275 0.991 0.8525 0.9703333328125 0.8494999999999999 0.9653333328124999 0.8452500000000001 0.9613333328125 0.843 0.9560000000000001 0.8380000000000001 0.951 0.8342499999999999 0.9493333328125001 0.825 0.95 0.81875 0.951 0.82075 0.9550000000000001 0.8247500000000001 0.9593333328125 0.8255000000000001 0.9626666671875
6 0.8105 0.982 0.81407025 0.989372 0.812919 0.9993523328125 0.81775 0.9966666671875 0.81975 0.998 0.81975 0.9996666671875 0.8310000000000001 0.9996666671875 0.8314999999999999 0.9926666671875 0.82975 0.9743333328125001 0.8265 0.9643333328124999 0.81875 0.9543333328125 0.81425 0.9513333328125 0.8105 0.9503333328125001 0.80275 0.9513333328125 0.8005000000000001 0.954 0.80275 0.9596666671875 0.80975 0.9686666671875 0.8109999999999999 0.974 0.8105 0.982
6 0.7901819999999999 0.9996666671875 0.7967500000000001 0.9976666671875 0.7969999999999999 0.9996666671875 0.808 0.9996666671875 0.8095000000000001 0.9913333328125 0.8102499999999999 0.9753333328125 0.8089999999999999 0.9693333328125 0.80625 0.967 0.799 0.9566666671874999 0.795 0.9533333328125 0.78975 0.9523333328125 0.78125 0.954 0.7805 0.9553333328125 0.78175 0.9630000000000001 0.788 0.9743333328125001 0.7901819999999999 0.9996666671875
6 0.76675 0.9896666671875 0.7665 0.9949999999999999 0.768 0.9996666671875 0.786 0.9996666671875 0.7877500000000001 0.9946666671875001 0.7877500000000001 0.9736666671875 0.782 0.9673333328125 0.7795 0.961 0.77525 0.9550000000000001 0.76675 0.9543333328125 0.76075 0.9566666671874999 0.7595 0.959 0.7665 0.974 0.7657499999999999 0.9873333328125 0.76675 0.9896666671875
6 0.765 0.9946666671875001 0.76525 0.9736666671875 0.757 0.959 0.752 0.9536666671875 0.74025 0.9543333328125 0.73875 0.9550000000000001 0.73675 0.959 0.73575 0.9753333328125 0.7375 0.9996666671875 0.764 0.9996666671875 0.765 0.9946666671875001
6 0.6992499999999999 0.9996666671875 0.70025 0.9943333328125 0.6995 0.978 0.69025 0.9586666671874999 0.68675 0.9570000000000001 0.6797500000000001 0.9573333328125001 0.6757500000000001 0.9586666671874999 0.674 0.9616666671875 0.67775 0.977 0.67775 0.9916666671875 0.68025 0.9996666671875 0.6992499999999999 0.9996666671875
6 0.6759999999999999 0.9996666671875 0.67725 0.9943333328125 0.67725 0.9776666671875001 0.671 0.9603333328125 0.66625 0.9573333328125001 0.657 0.9583333328125001 0.65425 0.9566666671874999 0.6519999999999999 0.9606666671875 0.65 0.9743333328125001 0.6505 0.9896666671875 0.6495 0.994 0.65075 0.9996666671875 0.6759999999999999 0.9996666671875
6 0.615 0.9996666671875 0.63175 0.9996666671875 0.633 0.993 0.63125 0.9856666671875001 0.6292500000000001 0.983 0.625 0.9703333328125 0.625 0.9666666671874999 0.623 0.9656666671874999 0.619 0.96 0.61275 0.9576666671874999 0.611 0.9576666671874999 0.6094999999999999 0.9596666671875 0.60875 0.9626666671875 0.60975 0.9656666671874999 0.6094999999999999 0.9716666671875 0.615 0.9996666671875
6 0.5902499999999999 0.9996666671875 0.61075 0.9996666671875 0.6115 0.9943333328125 0.611 0.9806666671875 0.6075 0.9643333328124999 0.6045 0.96 0.59975 0.958 0.59175 0.9583333328125001 0.58775 0.962 0.5875 0.967 0.58875 0.9706666671875 0.5900000000000001 0.9833333328125 0.5902499999999999 0.9996666671875
6 0.5894999999999999 0.9823333328125001 0.5875 0.9743333328125001 0.58525 0.9710000000000001 0.584 0.9646666671874999 0.5785 0.9646666671874999 0.568384 0.967497 0.57069775 0.9882176671874999 0.5716895 0.9987986671875 0.589 0.9996666671875 0.5902499999999999 0.9903333328124999 0.5894999999999999 0.9823333328125001
6 0.56175 0.9753333328125 0.5622499999999999 0.966 0.561 0.9636666671875 0.5565 0.962 0.54875 0.9623333328125 0.5469999999999999 0.9650000000000001 0.5467500000000001 0.9766666671875001 0.54825 0.9996666671875 0.5547500000000001 0.9996666671875 0.56175 0.9753333328125
6 0.54325 0.9730000000000001 0.53925 0.9666666671874999 0.53725 0.9653333328124999 0.52925 0.966 0.52625 0.9696666671875 0.5269999999999999 0.9996666671875 0.545 0.9996666671875 0.5455 0.9816666671875 0.54325 0.9730000000000001
6 0.52225 0.9996666671875 0.524 0.9896666671875 0.51842925 0.9676603328125 0.5175 0.9646666671874999 0.51325 0.9643333328124999 0.51 0.966 0.5025000000000001 0.966 0.501 0.969 0.50471125 0.9808863328124999 0.503885 0.9943329999999999 0.5025000000000001 0.9996666671875 0.52225 0.9996666671875
6 0.5005 0.9853333328125 0.4995 0.9716666671875 0.49800000000000005 0.966 0.49400000000000005 0.9623333328125 0.48525 0.9630000000000001 0.48224999999999996 0.9613333328125 0.47925000000000006 0.9703333328125 0.47874999999999995 0.9946666671875001 0.47975 0.9996666671875 0.49974999999999997 0.9996666671875 0.5005 0.9853333328125