0 0.789269 0.10547566718750001 0.78957475 0.123425 0.7871282500000001 0.15075733281249998 0.8412577499999999 0.151981 0.8415635 0.1258726671875 0.8547135000000001 0.1128186671875 0.855631 0.096093 0.8745915 0.07447200000000001 0.8779555 0.00022633281250000002 0.78882975 0.0006116671875 0.80058425 0.0132803328125 0.79722025 0.0850783328125 0.789269 0.10547566718750001
0 0.85624275 0.09486900000000001 0.8565485 0.110371 0.842481 0.12464900000000001 0.8412577499999999 0.1499413328125 0.893858 0.15279700000000002 0.8950812499999999 0.12709666718749998 0.9112895 0.110779 0.9115952500000001 0.0940533328125 0.93239075 0.07488 0.935449 0.0014500000000000001 0.87829575 0 0.8779555 0.001042 0.875815 0.0716163328125 0.85624275 0.09486900000000001
0 0.9115952500000001 0.1120026671875 0.8950812499999999 0.1262806671875 0.8944697500000001 0.151981 0.94737575 0.15402100000000002 0.94890475 0.1258726671875 0.9638897500000001 0.11485833281249999 0.96633625 0.096093 0.9880492500000001 0.0765116671875 0.9935539999999999 0.0006343328124999999 0.9378955 0.00022633281250000002 0.93330825 0.07284 0.9112895 0.0928293328125 0.9115952500000001 0.1120026671875
0 0.670158 0.077734 0.67154975 0.003023 0.64132825 0.0022283328125 0.6401352499999999 0.077469 0.63456825 0.088596 0.63675525 0.104492 0.63218225 0.1219773328125 0.65882475 0.1225073328125 0.6628015 0.10846599999999999 0.66339775 0.089391 0.670158 0.077734
0 0.43512449999999997 0 0.43533 0.0588853328125 0.43889325 0.0804536671875 0.4367005 0.09690433281250001 0.43916750000000004 0.1104303328125 0.438071 0.1404066671875 0.4920675 0.14296566718749998 0.4948085 0 0.43512449999999997 0
0 0.54469375 0.137848 0.5471605 0.08849599999999999 0.54798275 0.07716366718749999 0.55072375 0.0011253328125 0.49405475 0 0.493164 0.07168 0.49234175 0.1349233328125 0.54469375 0.137848
0 0.5764199999999999 0 0.57696825 0.0041446671875 0.5717605 0.012917999999999999 0.5572334999999999 0.008896999999999999 0.55058675 0 0.54791425 0.07616133281250001 0.54654375 0.10906266718749999 0.57696825 0.1116213328125 0.57833875 0.0783546671875 0.58135375 0 0.5764199999999999 0
0 0.60328125 0.1160083328125 0.60602225 0.092612 0.60903725 0.0787203328125 0.61040775 0.0012200000000000002 0.60492575 0.001951 0.6041035 0.015477 0.58848025 0.014746 0.5814222499999999 0 0.57970925 0.0699466671875 0.5772422500000001 0.1108903328125 0.60328125 0.1160083328125
0 0.60465175 0.115277 0.631513 0.1189326671875 0.6328834999999999 0.0904186671875 0.6386395 0.0750646671875 0.64083225 0.0008543328125 0.6372690000000001 0 0.63233525 0.011456 0.6178082500000001 0.0015856671875 0.6105447500000001 0.001462 0.610956 0.0725056671875 0.605474 0.0918806671875 0.60465175 0.115277
0 0.66570625 0.10979366718750001 0.6607725 0.12258866718749999 0.68927825 0.1207606671875 0.6947602500000001 0.1108903328125 0.6947602500000001 0.093343 0.70216075 0.0776236671875 0.70325725 0.003779 0.6928415 0.0001233328125 0.688456 0.009628000000000001 0.68050725 0.0202293328125 0.6810555 0.0034133328125000003 0.67290125 0.00009133281249999999 0.67173625 0.0779893328125 0.6665285 0.088225 0.66570625 0.10979366718750001
0 0.6958565 0.11015933281250001 0.6903747499999999 0.1214916671875 0.71751 0.1244163328125 0.7243625 0.10979366718750001 0.7249105 0.093343 0.7306665 0.0779893328125 0.73422975 0.039239 0.71148 0.025713000000000003 0.7095612499999999 0.0015856671875 0.704422 0.0023753328125 0.7029829999999999 0.0768926671875 0.69640475 0.08968733281249999 0.6958565 0.11015933281250001
0 0.72545875 0.0893216671875 0.72545875 0.108697 0.717236 0.12258866718749999 0.7451935 0.1244163328125 0.75314225 0.11491166718750001 0.75314225 0.09626766718749999 0.76026875 0.0805483328125 0.76438025 0.0004890000000000001 0.7578020000000001 0.0012200000000000002 0.7569795 0.020595 0.7599947499999999 0.0286376671875 0.7388892499999999 0.041067 0.73422975 0.0396046671875 0.7323109999999999 0.07616133281250001 0.72545875 0.0893216671875
6 0.35775 0 0.35724999999999996 0.012 0.35675 0.0263333328125 0.357 0.040999999999999995 0.35775 0.043 0.35950000000000004 0.044 0.375 0.0433333328125 0.37625000000000003 0.040999999999999995 0.3745 0.026000000000000002 0.37575 0 0.35775 0
6 0.3325 0 0.33199999999999996 0.016 0.3325 0.030333332812500002 0.33175 0.040999999999999995 0.3325 0.041999999999999996 0.35 0.0433333328125 0.3525 0.0416666671875 0.353 0.0366666671875 0.35175 0.031666667187500004 0.35275 0.028999999999999998 0.35325 0.016 0.3565 0 0.3325 0
6 0.307 0 0.3065 0.0046666671875 0.3055 0.017 0.3065 0.030333332812500002 0.3055 0.0406666671875 0.3095 0.0423333328125 0.3265 0.0413333328125 0.32475 0 0.307 0
6 0.20375000000000001 0 0.20375000000000001 0.0136666671875 0.205 0.025 0.20375000000000001 0.034 0.20475 0.0376666671875 0.22125 0.038666667187499996 0.22374999999999998 0.037 0.22425 0.033 0.2225 0.013000000000000001 0.22349999999999998 0.01 0.22400000000000003 0 0.20375000000000001 0
6 0.175 0 0.17525 0.0336666671875 0.177 0.037333332812499995 0.1905 0.039333332812499996 0.1935 0.039 0.19575 0.037 0.194 0.0243333328125 0.19524999999999998 0.019 0.195 0 0.175 0
6 0.04975 0.3573333328125 0.050749999999999997 0.3413333328125 0.052500000000000005 0.33799999999999997 0.050749999999999997 0.3346666671875 0.052000000000000005 0.32999999999999996 0.05175 0.31766666718750003 0.05450000000000001 0.31033333281250003 0.054000000000000006 0.3066666671875 0.04475 0.304 0.03275 0.304 0.03125 0.306 0.032 0.3563333328125 0.0355 0.358 0.04975 0.3573333328125
6 0.075 0.3573333328125 0.0765 0.3456666671875 0.075 0.3413333328125 0.0765 0.3376666671875 0.07375000000000001 0.323 0.0745 0.3086666671875 0.06949999999999999 0.306 0.059750000000000004 0.305 0.056499999999999995 0.3066666671875 0.05625 0.31266666718749997 0.05525 0.3523333328125 0.05600000000000001 0.3566666671875 0.06325 0.3583333328125 0.075 0.3573333328125
6 0.0965 0.359 0.10024999999999999 0.3573333328125 0.10124999999999999 0.35 0.10075 0.346 0.10124999999999999 0.3436666671875 0.1035 0.3416666671875 0.10400000000000001 0.3366666671875 0.10375000000000001 0.3166666671875 0.1025 0.30733333281249997 0.099 0.30533333281249997 0.08325 0.304 0.08075 0.3063333328125 0.0805 0.3093333328125 0.08 0.354 0.081 0.357 0.08375 0.359 0.0965 0.359
6 0.12025 0.359 0.12350000000000001 0.3576666671875 0.124 0.3476666671875 0.12375 0.3453333328125 0.12075 0.3416666671875 0.12150000000000001 0.3383333328125 0.12050000000000001 0.3306666671875 0.121 0.3213333328125 0.11975 0.3161666671875 0.12050000000000001 0.3133333328125 0.122 0.31233333281250003 0.12675 0.31266666718749997 0.1265 0.3066666671875 0.10725 0.305 0.10525 0.3066666671875 0.10500000000000001 0.31033333281250003 0.1055 0.338611 0.1045 0.357 0.10725 0.3593333328125 0.12025 0.359
6 0.14275 0.36 0.14875 0.3573333328125 0.14825 0.3523333328125 0.14925 0.3496666671875 0.14925 0.3406666671875 0.14825 0.32966666718750004 0.15075 0.32599999999999996 0.15075 0.3173333328125 0.14825 0.3086666671875 0.147 0.3066666671875 0.13075 0.3066666671875 0.1295 0.31033333281250003 0.13025 0.314 0.1295 0.3576666671875 0.13174999999999998 0.3593333328125 0.14275 0.36
6 0.15825 0.3593333328125 0.16799999999999998 0.3593333328125 0.17350000000000002 0.3573333328125 0.17375000000000002 0.3493333328125 0.17275000000000001 0.3466666671875 0.17350000000000002 0.3413333328125 0.17250000000000001 0.33799999999999997 0.17275000000000001 0.32799999999999996 0.17450000000000002 0.3163333328125 0.17350000000000002 0.3066666671875 0.16975 0.3043333328125 0.156 0.305 0.1535 0.3066666671875 0.15275 0.32599999999999996 0.154 0.3303333328125 0.154 0.3573333328125 0.15825 0.3593333328125
6 0.20125 0.3506666671875 0.20274999999999999 0.3476666671875 0.20175 0.32966666718750004 0.19924999999999998 0.3246666671875 0.1985 0.32 0.19724999999999998 0.2873333328125 0.1945 0.2863333328125 0.181 0.28700000000000003 0.18025 0.303 0.18025 0.357 0.1815 0.3583333328125 0.191 0.358 0.20125 0.3506666671875
6 0.28975 0.3573333328125 0.29474999999999996 0.357 0.30274999999999996 0.354 0.3055 0.348 0.3045 0.333 0.30525 0.32566666718750004 0.30325 0.29700000000000004 0.3015 0.294 0.29925 0.2926666671875 0.28700000000000003 0.29100000000000004 0.28525 0.30133333281249997 0.28475 0.346 0.286 0.3536666671875 0.28700000000000003 0.356 0.28975 0.3573333328125
6 0.30874999999999997 0.331 0.30724999999999997 0.3416666671875 0.30825 0.3533333328125 0.31475 0.3583333328125 0.33325 0.3613333328125 0.3375 0.36 0.339 0.3573333328125 0.34075 0.33799999999999997 0.33975 0.3223333328125 0.34025 0.313 0.3415 0.3093333328125 0.34075 0.303 0.33775 0.2986666671875 0.3335 0.2966666671875 0.3265 0.2903333328125 0.31425000000000003 0.2886666671875 0.308 0.2906666671875 0.306 0.29300000000000004 0.306 0.31033333281250003 0.308 0.32 0.30775 0.32599999999999996 0.30874999999999997 0.331
6 0.42374999999999996 0.3613333328125 0.43550000000000005 0.36266666718749996 0.43624999999999997 0.361 0.43499999999999994 0.3473333328125 0.43425 0.3113333328125 0.43499999999999994 0.3023333328125 0.43274999999999997 0.2976666671875 0.42774999999999996 0.2956666671875 0.41574999999999995 0.296 0.4135 0.3133333328125 0.41325 0.329 0.413 0.3506666671875 0.41500000000000004 0.361 0.41974999999999996 0.364 0.42374999999999996 0.3613333328125
6 0.44808325 0.3596666671875 0.45899999999999996 0.3616666671875 0.46025 0.3533333328125 0.45949999999999996 0.3463333328125 0.45975 0.319 0.461 0.3063333328125 0.458 0.29700000000000004 0.45549999999999996 0.2956666671875 0.445 0.29533333281249996 0.44000000000000006 0.2976666671875 0.438 0.3063333328125 0.4385 0.32566666718750004 0.43724999999999997 0.3293333328125 0.43775000000000003 0.3423333328125 0.437 0.3493333328125 0.43899999999999995 0.3616666671875 0.44808325 0.3596666671875
6 0.46449999999999997 0.3623333328125 0.46624999999999994 0.364 0.47975 0.3623333328125 0.48224999999999996 0.3636666671875 0.4845 0.3613333328125 0.485 0.3536666671875 0.48550000000000004 0.305 0.48475 0.298 0.48274999999999996 0.2956666671875 0.475 0.2946666671875 0.46749999999999997 0.296 0.466 0.298 0.46349999999999997 0.309 0.46399999999999997 0.3133333328125 0.462 0.3486666671875 0.46299999999999997 0.3583333328125 0.46449999999999997 0.3623333328125
6 0.4885 0.3616666671875 0.49000000000000005 0.3653333328125 0.5095 0.3633333328125 0.511 0.3063333328125 0.50675 0.2986666671875 0.5015 0.2983333328125 0.49824999999999997 0.2966666671875 0.4915 0.2976666671875 0.48975 0.3056666671875 0.48949999999999994 0.343091 0.4885 0.3533333328125 0.48949999999999994 0.358 0.4885 0.3616666671875
6 0.5205 0.3613333328125 0.5245 0.3596666671875 0.5295 0.361 0.53275 0.359 0.53525 0.3536666671875 0.5375 0.307 0.53525 0.2996666671875 0.533 0.29700000000000004 0.53025 0.2963333328125 0.5175 0.2976666671875 0.5145 0.3136666671875 0.51525 0.34199999999999997 0.51325 0.3523333328125 0.51425 0.3586666671875 0.5205 0.3613333328125
6 0.635 0.36633333281249997 0.63825 0.3633333328125 0.63925 0.3616666671875 0.6395 0.329 0.63875 0.3193333328125 0.63975 0.3093333328125 0.638 0.2976666671875 0.63625 0.296 0.62725 0.294 0.6245 0.296 0.619 0.296 0.6132500000000001 0.306 0.61275 0.31433333281250003 0.6134999999999999 0.32 0.6105 0.3333333328125 0.61025 0.365 0.624 0.3656666671875 0.63075 0.364 0.635 0.36633333281249997
6 0.68525 0.36066666718749996 0.688 0.357 0.69075 0.306 0.69075 0.3026666671875 0.68925 0.3 0.68125 0.29900000000000004 0.67775 0.2966666671875 0.6735 0.29700000000000004 0.6719999999999999 0.2986666671875 0.67075 0.3023333328125 0.669 0.33166666718750004 0.6675 0.3366666671875 0.6679999999999999 0.34244433281250003 0.667 0.3573333328125 0.66925 0.361 0.68525 0.36066666718749996
6 0.65725 0.364 0.66225 0.3636666671875 0.66425 0.358 0.6635 0.3396666671875 0.66475 0.33399999999999996 0.666 0.316 0.66525 0.3023333328125 0.662 0.29900000000000004 0.64925 0.29733333281249996 0.6447499999999999 0.2986666671875 0.64225 0.3066666671875 0.641 0.3613333328125 0.64225 0.3623333328125 0.65425 0.36266666718749996 0.65725 0.364
6 0.81075 0.3533333328125 0.81225 0.3573333328125 0.8182499999999999 0.3586666671875 0.8195 0.36066666718749996 0.81925 0.3653333328125 0.8252499999999999 0.36833333281249997 0.82975 0.366 0.8385 0.3656666671875 0.8445 0.3636666671875 0.8470000000000001 0.36 0.8462500000000001 0.34500000000000003 0.8474999999999999 0.3416666671875 0.8487500000000001 0.3306666671875 0.851 0.32599999999999996 0.85175 0.31033333281250003 0.85 0.3026666671875 0.8452500000000001 0.3 0.83775 0.29900000000000004 0.82825 0.30133333281249997 0.8125 0.31033333281250003 0.81325 0.3136666671875 0.8119999999999999 0.3456666671875 0.81275 0.3483333328125 0.81075 0.3533333328125
6 0.8915 0.3616666671875 0.8949999999999999 0.359 0.8957499999999999 0.3536666671875 0.897 0.3186666671875 0.8965 0.3043333328125 0.8952500000000001 0.3026666671875 0.8885 0.301 0.8785000000000001 0.3026666671875 0.87625 0.306 0.876 0.3573333328125 0.87775 0.36066666718749996 0.8807499999999999 0.36266666718749996 0.8915 0.3616666671875
6 0.857 0.362 0.866 0.36266666718749996 0.86825 0.3616666671875 0.8714999999999999 0.3563333328125 0.8717499999999999 0.34500000000000003 0.8705 0.34199999999999997 0.8720000000000001 0.337 0.8707499999999999 0.3293333328125 0.8720000000000001 0.3253333328125 0.87325 0.3063333328125 0.8710000000000001 0.3036666671875 0.86525 0.301 0.8564999999999999 0.3026666671875 0.8525 0.3063333328125 0.85125 0.321 0.85125 0.354 0.8505 0.358 0.85275 0.36066666718749996 0.857 0.362
6 0.97875 0.3533333328125 0.9797499999999999 0.362 0.9814999999999999 0.36466666718749996 0.985 0.36666666718749996 0.99975 0.367 0.99975 0.3036666671875 0.99 0.3036666671875 0.982 0.30533333281249997 0.9807499999999999 0.3063333328125 0.9797499999999999 0.314 0.9802500000000001 0.32599999999999996 0.98275 0.3313333328125 0.98275 0.33994433281249997 0.97875 0.3533333328125
6 0.94575 0.351 0.94525 0.369 0.951 0.3716666671875 0.9545 0.3696666671875 0.96675 0.3693333328125 0.9734999999999999 0.367 0.97475 0.365 0.975 0.3616666671875 0.97425 0.3576666671875 0.97475 0.3456666671875 0.9730000000000001 0.3403333328125 0.97475 0.31433333281250003 0.97625 0.31033333281250003 0.97575 0.306 0.97075 0.30333333281249997 0.95875 0.30333333281249997 0.95275 0.30533333281249997 0.9477499999999999 0.31033333281250003 0.9477499999999999 0.321 0.9445 0.32966666718750004 0.9445 0.3423333328125 0.94575 0.351
6 0.052500000000000005 0.665 0.06825 0.6639999999999999 0.07075000000000001 0.6623333328125 0.07075000000000001 0.658 0.06825 0.6523333328125 0.06683325 0.6523333328125 0.0665 0.6476666671875 0.0715 0.645 0.0725 0.6426666671875 0.073 0.6283333328125 0.07225000000000001 0.6216666671875 0.075 0.607 0.067 0.6043333328125 0.053000000000000005 0.608 0.05125 0.61 0.0505 0.6146666671875 0.050249999999999996 0.6426666671875 0.05175 0.648 0.05125 0.6616666671875 0.052500000000000005 0.665
6 0.07525 0.6643333328125001 0.08349999999999999 0.6683333328125001 0.09175 0.665 0.095 0.662 0.0945 0.6593333328125001 0.0965 0.6543333328125 0.09475 0.6463333328124999 0.0985 0.6423333328124999 0.0975 0.639 0.09775 0.6086666671875001 0.0915 0.6023333328125 0.07625 0.6086666671875001 0.07375000000000001 0.612 0.07375000000000001 0.6423333328124999 0.07475000000000001 0.6456666671875 0.07375000000000001 0.6616666671875 0.07525 0.6643333328125001
6 0.119 0.6623333328125 0.11775 0.6586666671875 0.11750000000000001 0.6523333328125 0.119 0.6386666671875 0.11850000000000001 0.634 0.11950000000000001 0.6306666671875 0.11925 0.6116666671875 0.118 0.6096666671875 0.11225 0.6063333328125 0.10725 0.606 0.1025 0.6073333328125 0.0995 0.6103333328125 0.099 0.6136666671875 0.09875 0.662 0.10325 0.6656666671875 0.1165 0.665 0.119 0.6623333328125
6 0.127 0.6679999999999999 0.13999999999999999 0.6666666671875 0.14150000000000001 0.6653333328125 0.14225000000000002 0.6623333328125 0.14625 0.611 0.13874999999999998 0.6043333328125 0.133 0.6056666671875 0.125 0.6093333328125 0.12375 0.6116666671875 0.12325 0.6173333328124999 0.12325 0.6386666671875 0.12425 0.648 0.123 0.6626666671875 0.127 0.6679999999999999
6 0.14725 0.666 0.15 0.6676666671875 0.15975 0.6683333328125001 0.16275 0.6683333328125001 0.16725 0.666 0.16825 0.6623333328125 0.16799999999999998 0.653 0.16924999999999998 0.6486666671875 0.16875 0.6426666671875 0.16999999999999998 0.6343333328125 0.16799999999999998 0.6216666671875 0.16825 0.6146666671875 0.16675 0.6116666671875 0.1625 0.6076666671875001 0.15725 0.6076666671875001 0.153 0.6086666671875001 0.14850000000000002 0.612 0.147 0.6166666671875001 0.14675 0.6303333328125 0.14775 0.6476666671875 0.14775 0.6546666671875 0.14650000000000002 0.661 0.14725 0.666
6 0.1715 0.6663333328125 0.17375000000000002 0.6696666671875 0.19325 0.6693333328125 0.194 0.658 0.19225 0.6536666671875 0.195 0.6463333328124999 0.196 0.611 0.193 0.6086666671875001 0.18625 0.607 0.17675000000000002 0.6083333328125 0.17225 0.6116666671875 0.17124999999999999 0.6173333328124999 0.17099999999999999 0.644 0.17225 0.6503333328124999 0.17099999999999999 0.6603333328125001 0.1715 0.6663333328125
6 0.20099999999999998 0.6723333328125001 0.21075 0.6723333328125001 0.2165 0.6703333328125 0.219 0.6623333328125 0.2205 0.6216666671875 0.2225 0.6113333328125 0.217 0.609 0.20875 0.608 0.1985 0.6146666671875 0.19675 0.6223333328125 0.19724999999999998 0.6536666671875 0.196 0.666 0.197 0.671 0.20099999999999998 0.6723333328125001
6 0.22149999999999997 0.6693333328125 0.2245 0.673 0.23650000000000002 0.6733333328125 0.244 0.6703333328125 0.24500000000000002 0.6626666671875 0.24425 0.6523333328125 0.24525000000000002 0.6446666671875 0.24525000000000002 0.6266666671875 0.24625 0.6186666671875 0.24925000000000003 0.612 0.24874999999999997 0.6076666671875001 0.23725000000000002 0.607 0.23199999999999998 0.6083333328125 0.22475 0.6126666671875001 0.22200000000000003 0.6176666671875 0.22149999999999997 0.6223333328125 0.22075 0.6503333328124999 0.22200000000000003 0.6526666671875 0.22025 0.6603333328125001 0.22149999999999997 0.6693333328125
6 0.26875 0.6736666671875 0.26949999999999996 0.67 0.26925 0.6536666671875 0.27025 0.651 0.26975 0.6296666671875 0.2705 0.6223333328125 0.274 0.611 0.27149999999999996 0.6083333328125 0.25925 0.608 0.2545 0.6096666671875 0.24874999999999997 0.6143333328125 0.24700000000000003 0.619 0.24674999999999997 0.625 0.2465 0.6673333328125 0.24775 0.6736666671875 0.25825 0.6746666671875 0.26875 0.6736666671875
6 0.29100000000000004 0.6733333328125 0.29325 0.666 0.29474999999999996 0.6506666671875 0.29625 0.6113333328125 0.29474999999999996 0.61 0.29075 0.61 0.28525 0.612 0.27925 0.6123333328125 0.27349999999999997 0.6166666671875001 0.272 0.6226666671875 0.27149999999999996 0.6513333328125 0.27225 0.67 0.275 0.6733333328125 0.29100000000000004 0.6733333328125
6 0.29575 0.673 0.29874999999999996 0.6759999999999999 0.31074999999999997 0.675 0.315 0.6763333328125001 0.31875 0.6736666671875 0.319 0.6266666671875 0.32 0.6186666671875 0.3215 0.6153333328125 0.3215 0.6113333328125 0.318 0.6096666671875 0.303 0.6103333328125 0.2975 0.6156666671875 0.296 0.62 0.29575 0.6413333328124999 0.29474999999999996 0.6496666671875 0.29575 0.6556666671875 0.29575 0.673
6 0.32225000000000004 0.6763333328125001 0.33775 0.6763333328125001 0.34249999999999997 0.6743333328125 0.34275 0.6526666671875 0.34550000000000003 0.621 0.348 0.6113333328125 0.3375 0.6096666671875 0.3295 0.6103333328125 0.323 0.6153333328125 0.32075 0.6223333328125 0.3205 0.6493333328124999 0.32175 0.662 0.32075 0.674 0.32225000000000004 0.6763333328125001
6 0.3445 0.6746666671875 0.34550000000000003 0.6769999999999999 0.3625 0.6776666671875 0.36524999999999996 0.6759999999999999 0.3665 0.6736666671875 0.3665 0.6566666671875 0.368 0.6346666671875 0.3695 0.6196666671875 0.372 0.615 0.37124999999999997 0.6116666671875 0.36524999999999996 0.6096666671875 0.35275 0.6106666671875 0.34975 0.6126666671875001 0.34525 0.619 0.34525 0.6403333328125 0.34375 0.65 0.34475 0.6573333328125 0.3445 0.6746666671875
6 0.386 0.6786666671875 0.3915 0.6773333328125 0.39425 0.6723333328125001 0.396 0.666 0.39775 0.6276666671875 0.39675 0.6136666671875 0.395 0.6113333328125 0.39249999999999996 0.6106666671875 0.3755 0.612 0.37174999999999997 0.6183333328125 0.36974999999999997 0.6263333328125 0.369 0.6719999999999999 0.37025 0.6769999999999999 0.37225 0.6783333328125 0.386 0.6786666671875
6 0.465 0.6776666671875 0.46449999999999997 0.6706666671875 0.466 0.6556666671875 0.46675000000000005 0.624 0.46825 0.615 0.46125 0.6123333328125 0.44825 0.6133333328125 0.44625000000000004 0.6156666671875 0.445 0.6293333328124999 0.4445 0.6776666671875 0.44675000000000004 0.6803333328125001 0.46275000000000005 0.6799999999999999 0.465 0.6776666671875
6 0.5175 0.6543333328125 0.5185 0.6586666671875 0.5175 0.678 0.51925 0.6813333328125 0.52125 0.6826666671875 0.537 0.6833333328125 0.53925 0.6823333328125 0.54025 0.6813333328125 0.5405 0.6776666671875 0.53975 0.6626666671875 0.54075 0.6543333328125 0.54075 0.6186666671875 0.5395 0.6153333328125 0.5377500000000001 0.614 0.5305 0.613 0.521 0.6133333328125 0.51825 0.615 0.5175 0.617 0.51825 0.6226666671875 0.5175 0.6263333328125 0.51825 0.63 0.5175 0.6543333328125
6 0.49375 0.6809999999999999 0.4965 0.682 0.51375 0.6816666671875 0.515 0.678 0.5157499999999999 0.615 0.5135 0.6136666671875 0.506 0.613 0.49775 0.6133333328125 0.49524999999999997 0.6146666671875 0.49325 0.6333333328124999 0.49325 0.659 0.49450000000000005 0.6653333328125 0.4925 0.6776666671875 0.49375 0.6809999999999999
6 0.48825 0.6813333328125 0.49074999999999996 0.6776666671875 0.491 0.675 0.49050000000000005 0.6366666671875 0.49124999999999996 0.6146666671875 0.49000000000000005 0.6126666671875001 0.47275 0.6123333328125 0.46950000000000003 0.615 0.46950000000000003 0.6466666671875 0.46875 0.6523333328125 0.46900000000000003 0.6786666671875 0.47024999999999995 0.6803333328125001 0.47424999999999995 0.6813333328125 0.48825 0.6813333328125
6 0.5655 0.6809999999999999 0.57175 0.6839999999999999 0.58475 0.6843333328125001 0.5875 0.683 0.5894999999999999 0.6783333328125 0.5900000000000001 0.6736666671875 0.58925 0.6513333328125 0.5902499999999999 0.632 0.5902499999999999 0.6266666671875 0.5875 0.619 0.584 0.616 0.568 0.615 0.56375 0.619 0.5645 0.622 0.5627500000000001 0.6263333328125 0.5622499999999999 0.6546666671875 0.5645 0.662 0.564 0.6703333328125 0.5655 0.6809999999999999
6 0.64625 0.6863333328125 0.662 0.6863333328125 0.66325 0.6853333328125 0.6639999999999999 0.6756666671875 0.6635 0.6653333328125 0.66475 0.662 0.665 0.6306666671875 0.66425 0.6263333328125 0.6625 0.6236666671875 0.654 0.6193333328125 0.644 0.619 0.6405000000000001 0.6216666671875 0.6425 0.6453333328124999 0.641 0.6816666671875 0.6425 0.6846666671875 0.64625 0.6863333328125
6 0.61775 0.6636666671875 0.6165 0.6803333328125001 0.61825 0.683 0.623 0.6853333328125 0.63625 0.6853333328125 0.63875 0.683 0.64025 0.6776666671875 0.63975 0.626 0.6365000000000001 0.621 0.63075 0.6176666671875 0.623 0.617 0.61475 0.6186666671875 0.61425 0.6226666671875 0.61675 0.6325000000000001 0.61625 0.6553333328125001 0.61775 0.6636666671875
6 0.592 0.67 0.5905 0.6776666671875 0.59075 0.6813333328125 0.59525 0.6843333328125001 0.61125 0.6846666671875 0.6132500000000001 0.6799999999999999 0.61375 0.6756666671875 0.614 0.6576666671875 0.613 0.6526666671875 0.614 0.6266666671875 0.61125 0.6206666671875001 0.60775 0.618 0.59775 0.6166666671875001 0.59075 0.619 0.592 0.6293333328124999 0.592 0.6476666671875 0.591 0.658 0.592 0.67
6 0.70925 0.6883333328125001 0.71275 0.6866666671874999 0.71375 0.6853333328125 0.7144999999999999 0.6786666671875 0.71475 0.662 0.71375 0.649 0.71475 0.634 0.7144999999999999 0.6303333328125 0.7125 0.6263333328125 0.71075 0.6243333328125 0.7032499999999999 0.6206666671875001 0.69225 0.62 0.687 0.621 0.6845 0.626 0.6832499999999999 0.6423333328124999 0.6832499999999999 0.671 0.6872499999999999 0.6849999999999999 0.69275 0.6876666671875 0.70925 0.6883333328125001
6 0.73925 0.6816666671875 0.739 0.6736666671875 0.737 0.67 0.7394999999999999 0.666 0.73925 0.6313333328125 0.735 0.625 0.72975 0.6226666671875 0.724 0.6213333328124999 0.71575 0.6213333328124999 0.71275 0.6226666671875 0.71725 0.6733333328125 0.7165 0.6853333328125 0.7365 0.688 0.73925 0.6816666671875
6 0.763 0.6876666671875 0.76475 0.682 0.76475 0.6733333328125 0.76375 0.669 0.76525 0.666 0.76425 0.653 0.7655000000000001 0.6346666671875 0.7645 0.631 0.76125 0.6266666671875 0.75325 0.623 0.74825 0.622 0.7375 0.623 0.74175 0.6853333328125 0.74375 0.687 0.75475 0.6883333328125001 0.763 0.6876666671875
6 0.9410000000000001 0.67 0.94425 0.6766666671875 0.944 0.6893333328125 0.94825 0.6933333328125 0.9630000000000001 0.6940000000000001 0.9657500000000001 0.6903333328125 0.967 0.6846666671875 0.9685 0.6386666671875 0.9664999999999999 0.635 0.9574999999999999 0.6336666671875 0.951 0.6306666671875 0.9425000000000001 0.631 0.9407500000000001 0.6343333328125 0.942 0.639 0.9404999999999999 0.6546666671875 0.9425000000000001 0.6613333328125 0.9410000000000001 0.67
6 0.9182499999999999 0.6536666671875 0.91875 0.6633333328125001 0.918118 0.668783 0.9199999999999999 0.6759999999999999 0.9192500000000001 0.679 0.9189287500000001 0.6857070000000001 0.92082025 0.6925486671875001 0.9235 0.6936666671875 0.93825 0.693 0.9414999999999999 0.6893333328125 0.9404999999999999 0.673 0.9412499999999999 0.6696666671875 0.94025 0.6666666671875 0.9410000000000001 0.658 0.9400000000000001 0.6543333328125 0.9400000000000001 0.6376666671875 0.93875 0.633 0.93725 0.6316666671875 0.923 0.6283333328125 0.91375 0.6286666671875001 0.9125 0.6306666671875 0.9175000000000001 0.6343333328125 0.92025 0.644 0.9182499999999999 0.6536666671875
6 0.91275 0.6910000000000001 0.915 0.689 0.91525 0.6873333328125 0.9147500000000001 0.673 0.9157500000000001 0.6703333328125 0.9167500000000001 0.6506666671875 0.9177500000000001 0.6466666671875 0.9167500000000001 0.6366666671875 0.91375 0.633 0.90825 0.6316666671875 0.9037499999999999 0.6286666671875001 0.8995 0.628 0.8925000000000001 0.6296666671875 0.89175 0.6306666671875 0.89225 0.6886666671875 0.89625 0.6913333328125 0.91275 0.6910000000000001
6 0.86575 0.6776666671875 0.867 0.6873333328125 0.869 0.6900000000000001 0.8772500000000001 0.6910000000000001 0.88475 0.6916666671875 0.88975 0.6900000000000001 0.8905 0.689 0.89025 0.6743333328125 0.89175 0.6663333328125 0.891 0.663 0.89175 0.6583333328125 0.891 0.6456666671875 0.89175 0.6423333328124999 0.89125 0.634 0.889 0.6273333328125 0.8765000000000001 0.626 0.86825 0.6286666671875001 0.8664999999999999 0.6306666671875 0.86725 0.6363333328125 0.86625 0.6423333328124999 0.86625 0.654 0.869 0.658 0.866 0.669 0.86575 0.6776666671875
6 0.8467499999999999 0.6493333328124999 0.8470000000000001 0.6703333328125 0.845 0.6736666671875 0.8445 0.686 0.8467499999999999 0.689 0.84925 0.6896666671875 0.8625 0.6893333328125 0.86425 0.6866666671874999 0.865 0.6823333328125 0.86625 0.6443333328125 0.8654999999999999 0.635 0.85275 0.6263333328125 0.83925 0.6263333328125 0.8375 0.627 0.8460000000000001 0.6383333328125 0.8455 0.6463333328124999 0.8467499999999999 0.6493333328124999
6 0.8167500000000001 0.654 0.819 0.6576666671875 0.8167500000000001 0.665 0.8175000000000001 0.686 0.82025 0.6893333328125 0.8227499999999999 0.6903333328125 0.83775 0.6910000000000001 0.8407500000000001 0.6893333328125 0.8425 0.6756666671875 0.841 0.6623333328125 0.8412499999999999 0.6503333328124999 0.8432499999999999 0.6386666671875 0.8422499999999999 0.6343333328125 0.8375 0.6296666671875 0.8295 0.6256666671875 0.8140000000000001 0.626 0.81325 0.6266666671875 0.8140000000000001 0.6306666671875 0.8167500000000001 0.635 0.8167500000000001 0.654
6 0.79475 0.651 0.79575 0.6593333328125001 0.79375 0.6653333328125 0.795 0.6766666671875 0.7929999999999999 0.6816666671875 0.79325 0.6856666671875 0.7975 0.6883333328125001 0.81425 0.6900000000000001 0.8157500000000001 0.646 0.8150000000000001 0.6343333328125 0.8115 0.6293333328124999 0.807 0.626 0.7917500000000001 0.6243333328125 0.7889999999999999 0.6256666671875 0.78825 0.627 0.7927500000000001 0.633 0.7955 0.644 0.79475 0.651
6 0.764 0.6513333328125 0.7657499999999999 0.661 0.76625 0.67 0.76525 0.6743333328125 0.7665 0.6853333328125 0.7705 0.6893333328125 0.787 0.6896666671875 0.7905 0.6853333328125 0.78925 0.669 0.79025 0.6663333328125 0.79225 0.6426666671875 0.79125 0.634 0.78925 0.6296666671875 0.78175 0.6243333328125 0.77 0.6226666671875 0.7635 0.624 0.76275 0.627 0.765 0.6316666671875 0.7657499999999999 0.6366666671875 0.764 0.6513333328125
10 0.7591092500000001 0.0984833328125 0.791891 0.099624 0.7984472499999999 0.077573 0.8015829999999999 0.0175026671875 0.79787725 0.0095186671875 0.767661 0.0072376671875000005 0.77136675 0.017122667187500003 0.76823125 0.0771926671875 0.7591092500000001 0.0984833328125
10 0.40934324999999994 0.0849116671875 0.43813399999999997 0.08415133281250001 0.4352835 0.067423 0.43756399999999995 0.0005096671875 0.4094145 0.0010453328125 0.408488 0.0088736671875 0.40763275 0.057538 0.40934324999999994 0.0849116671875