0 0.6628513328125 0.3807415 0.6633533328125 0.38890125000000003 0.6585013328125 0.387646 0.6573303328125 0.3981905 0.691292 0.39869275000000004 0.691794 0.38902675000000003 0.6961436671875 0.387897 0.6961436671875 0.38124375 0.7036723328125001 0.379863 0.706349 0.34596925 0.6988206671875 0.34483925000000004 0.699155 0.34057125 0.6944706671875001 0.33893925 0.6944706671875001 0.33128199999999997 0.6613397546875001 0.3300325875 0.6608436671875 0.3410735 0.6653606671875 0.33868825 0.6641896671875 0.347099 0.6712163328125 0.34446275000000004 0.668874 0.37973724999999997 0.6628513328125 0.3807415
0 0.6969803328124999 0.38136925 0.6966456671875 0.3882735 0.6919613328125 0.38902675000000003 0.6909573328125 0.39894375000000004 0.724919 0.39919475000000004 0.7260903328125 0.38890125000000003 0.7307746671875 0.3877715 0.7312766671875 0.38187150000000003 0.7391396671875 0.3804905 0.742653 0.3469735 0.733786 0.345216 0.7347896671874999 0.34232874999999996 0.7280979999999999 0.33856275 0.7285996671875 0.33165849999999997 0.6953714484375 0.3311646640625 0.6944706671875001 0.3378095 0.699155 0.3394415 0.699155 0.34483925000000004 0.7061816671875001 0.3453415 0.7036723328125001 0.37973724999999997 0.6969803328124999 0.38136925
0 0.733786 0.3450905 0.7414816671875 0.34672225 0.7388049999999999 0.3799885 0.7319456671875 0.38174575 0.73044 0.3880225 0.7262576671875001 0.38952875 0.725421 0.39906925000000004 0.7587136671875 0.39881825000000004 0.7603866671875 0.38877575000000003 0.7660746671875 0.38877575000000003 0.766744 0.380616 0.773603 0.3804905 0.7766146671875 0.345467 0.7677476671875 0.34421175000000004 0.7692533328125 0.34069675 0.7615576671875 0.339818 0.762896 0.33165849999999997 0.7283313328125 0.3310245 0.7291016671875 0.33856275 0.7344553328125001 0.341701 0.733786 0.3450905
7 0.23938 0.0681295 0.1497443328125 0.06456925 0.149217 0.10748875 0.23832533281249998 0.11243325 0.23938 0.0681295
7 0.326577 0.072823 0.2395776671875 0.06851199999999999 0.2401046671875 0.126225 0.3276313328125 0.13057625 0.326577 0.072823
7 0.41436700000000004 0.07757 0.3275653328125 0.07221925 0.32631333281249997 0.13018075 0.4133123328125 0.13433425000000002 0.41436700000000004 0.07757
7 0.4998503328125 0.08083325 0.4148943328125 0.0771625 0.412851 0.134235 0.49800500000000003 0.13858625 0.4998503328125 0.08083325
7 0.5827633328124999 0.084094 0.500246 0.081117 0.4997186671875 0.1376935 0.5798633328125 0.1404625 0.5827633328124999 0.084094
7 0.666006 0.08958150000000001 0.58362 0.08482425 0.5821703328125001 0.1263695 0.6638966671875 0.12992975 0.666006 0.08958150000000001
7 0.7464143328125 0.09175725 0.663699 0.08853174999999999 0.662315 0.12992975 0.7443053328125 0.1346765 0.7464143328125 0.09175725
0 0.5697516671875 0.298541 0.5869376671875 0.299598 0.5904593328125001 0.290509 0.5928543328125 0.2511945 0.5900369999999999 0.24464199999999997 0.5707023328124999 0.244217 0.5742593328125001 0.25309675 0.5728506671875 0.28924075 0.5697516671875 0.298541
0 0.5875013328125 0.2993865 0.6031380000000001 0.29991500000000004 0.6098996671875 0.29029775 0.610745 0.25573875 0.6080683328125 0.24569875 0.5901776671875 0.24453624999999998 0.5928543328125 0.2515115 0.5904593328125001 0.2893465 0.5875013328125 0.2993865
0 0.604124 0.29896375000000003 0.6225780000000001 0.29949225 0.6277903328125001 0.29124875 0.6307486671875 0.25753550000000003 0.625818 0.24707275 0.6091953328125 0.246016 0.610604 0.2548935 0.6101813328125 0.29029775 0.604124 0.29896375000000003
0 0.6225780000000001 0.29949225 0.6403276671875 0.2990695 0.6459626671875001 0.29198875 0.6490616671875 0.256373 0.6435676671875 0.248341 0.6266983328125 0.2471225 0.6306076671875 0.25679575 0.628213 0.29114325 0.6225780000000001 0.29949225
0 0.6684313328125 0.290192 0.6650506671875 0.29346825 0.6637826671875 0.3007605 0.681955 0.3010775 0.683082 0.29515925 0.6868853328125 0.2916715 0.6891393328125 0.2572185 0.6849133328125 0.25595025 0.6856176671875 0.24844650000000001 0.6626206671875 0.2473865 0.6632193328125 0.25975475000000003 0.670967 0.25478775 0.6684313328125 0.290192
0 0.6871673328125001 0.290826 0.683223 0.29463075 0.6826593328125 0.30128900000000003 0.7006906671875 0.30234575 0.701536 0.29505349999999997 0.705903 0.2907205 0.7095656671875 0.257324 0.7039310000000001 0.25595025 0.7047760000000001 0.24908075 0.685864 0.248311 0.685195 0.2555275 0.689703 0.25753550000000003 0.6871673328125001 0.290826
0 0.707171 0.2904035 0.7022403328125 0.29463075 0.7019586671875 0.301606 0.719004 0.302557 0.71999 0.29811825000000003 0.7225256671875 0.29378525 0.7253433328125001 0.292834 0.7278789999999999 0.25742975 0.723371 0.256373 0.7239343328125 0.25034900000000004 0.7047056671874999 0.2491035 0.7046353328125 0.2558445 0.710411 0.25774675 0.707171 0.2904035
0 0.42928633281249995 0.376252 0.429603 0.382904 0.428653 0.3848045 0.428653 0.39644575 0.4638036671875 0.39668325000000004 0.463962 0.386824 0.46443700000000004 0.38539850000000003 0.46443700000000004 0.38029075 0.4660203328125 0.37720224999999996 0.464912 0.326599 0.42908833281250003 0.325854 0.42928633281249995 0.33443900000000004 0.42944466718749996 0.34037825 0.42928633281249995 0.376252
0 0.46443700000000004 0.39668325000000004 0.500379 0.39763350000000003 0.49958733281249995 0.38195375 0.5016456671875 0.3792215 0.5010123328125 0.35106925 0.5013289999999999 0.32648025 0.4655453328125 0.32553 0.4661786671875 0.3775585 0.4650703328125 0.3843295 0.46443700000000004 0.39668325000000004
0 0.5001413328125001 0.38043775 0.499983 0.38661475 0.5194583328125 0.3872085 0.5193 0.38174425 0.5205666671875 0.37936875 0.5208833328125 0.34480175 0.5170833328125 0.357987 0.5040996671875 0.35501725 0.5020413328125 0.3544235 0.5015663328125 0.378656 0.5001413328125001 0.38043775
0 0.5193 0.38150675 0.5193 0.3872085 0.5373503328125 0.38732725 0.5373503328125 0.38174425 0.5398836671875 0.37948750000000003 0.540042 0.33779325 0.5360836671875 0.336843 0.537667 0.35501725 0.5337086671875 0.359056 0.52785 0.35953124999999997 0.52405 0.35763075 0.522902 0.35301825 0.5212 0.352404 0.5213583328125 0.37877475 0.5193 0.38150675
0 0.5574586671875 0.38661475 0.5565086671875 0.38020025 0.5582503328125 0.378656 0.5593586671875 0.34860275 0.552392 0.35691799999999996 0.543367 0.35181 0.5470086671875001 0.34527675 0.5462170000000001 0.34147574999999997 0.5492253328125 0.3387435 0.540715 0.339065 0.5398836671875 0.37901225 0.537667 0.38233825 0.537667 0.38602075 0.5574586671875 0.38661475
0 0.5584086671875 0.38661475 0.5750339999999999 0.38744625 0.5759839999999999 0.38067525 0.5775673328125001 0.37901225 0.5793090000000001 0.350741 0.5611006671875 0.34841675 0.559042 0.37853725 0.557142 0.38091275 0.5584086671875 0.38661475
0 0.576459 0.386971 0.5945093328125 0.38768375 0.5957760000000001 0.381388 0.598151 0.37841825 0.599576 0.34919675 0.5937176671875 0.35062224999999997 0.5853256671875 0.359175 0.584059 0.35002825 0.5810903328125 0.349901 0.5794673328125 0.378062 0.5774090000000001 0.38031899999999996 0.576459 0.386971
0 0.595301 0.38685225 0.6131926671875 0.3878025 0.6135093328125001 0.38210075 0.616993 0.3805565 0.6181013328125 0.3666585 0.6038509999999999 0.3615505 0.6041676671875 0.34860275 0.6006843328125 0.3487135 0.598151 0.37877475 0.5954593328125 0.3816255 0.595301 0.38685225
0 0.613826 0.38269475000000003 0.6136676671875 0.3878025 0.6320346671875 0.38851525 0.6329846671875 0.381982 0.6347263328125 0.3811505 0.637893 0.3459895 0.6333013328125 0.346227 0.632193 0.36357 0.6204763328125 0.36712 0.618893 0.3672525 0.616993 0.38008125000000004 0.613826 0.38269475000000003
5 0.2579693328125 0.790095 0.23776766718750003 0.79020325 0.23791199999999998 0.8240875000000001 0.25724800000000003 0.823546 0.2579693328125 0.790095
5 0.25724800000000003 0.8068747500000001 0.2571036671875 0.810014 0.2579693328125 0.8126122499999999 0.258258 0.8233295 0.276584 0.82278825 0.2760066671875 0.81531875 0.275285 0.8113132500000001 0.27499666718750004 0.80774075 0.2768723328125 0.7894455 0.2572116671875 0.7900604999999999 0.2571036671875 0.796915 0.2579693328125 0.8046012499999999 0.25724800000000003 0.8068747500000001
5 0.27514099999999997 0.8067664999999999 0.27456366718749997 0.8089314999999999 0.277161 0.8131535 0.276728 0.8226800000000001 0.2956313328125 0.8228965 0.29519833281249996 0.8140195 0.29505400000000004 0.8128287500000001 0.294621 0.8110967499999999 0.2937553328125 0.8071995 0.2938996671875 0.804926 0.2949096671875 0.8021115 0.2953426671875 0.7885795 0.276692 0.789384 0.2762953328125 0.796915 0.2755736671875 0.80351875 0.27514099999999997 0.8067664999999999
5 0.294044 0.8039517500000001 0.293034 0.80709125 0.293034 0.80903975 0.295487 0.8114215 0.2959196671875 0.8219222500000001 0.3136686671875 0.821814 0.3130913328125 0.813803 0.3128026671875 0.8126122499999999 0.3122256671875 0.80947275 0.3122256671875 0.8060087499999999 0.3132356671875 0.80416825 0.313957 0.7878215 0.29472933281249997 0.7881665 0.29505400000000004 0.80037925 0.2944766671875 0.8030857499999999 0.294044 0.8039517500000001
5 0.313957 0.80200325 0.312947 0.80438475 0.3120813328125 0.8063335 0.3120813328125 0.8083902500000001 0.3138126671875 0.8109885 0.3141013328125 0.82083975 0.3319943328125 0.8201902499999999 0.3319943328125 0.81618475 0.3319943328125 0.81510225 0.3315616671875 0.81239575 0.33127300000000004 0.8109885 0.33127300000000004 0.8089314999999999 0.33141733281249997 0.8067664999999999 0.33083999999999997 0.80351875 0.3324273328125 0.80178675 0.3330046671875 0.787172 0.3140293328125 0.7874902500000001 0.3136686671875 0.79247675 0.31439 0.798106 0.313957 0.80200325
5 0.332824 0.820815 0.350717 0.8211397500000001 0.351583 0.786498 0.333329 0.78708425 0.33267966718749997 0.8010042500000001 0.3323913328125 0.8070665 0.332824 0.820815
5 0.369043 0.7862815000000001 0.3517273328125 0.7862725 0.35114999999999996 0.819949 0.3696203328125 0.819083 0.369043 0.7862815000000001
5 0.43025333281249994 0.78376025 0.41242233281249996 0.7840195 0.410883 0.8176365000000001 0.4292273328125 0.81734775 0.43025333281249994 0.78376025
5 0.4476996671875 0.78414525 0.43038166718750004 0.7838992499999999 0.429099 0.8168665 0.44654499999999997 0.81677025 0.4476996671875 0.78414525
5 0.46565899999999993 0.7827015 0.44802033281250003 0.782817 0.4466733328125 0.8172515 0.46527399999999997 0.8176365000000001 0.46565899999999993 0.7827015
5 0.48349000000000003 0.7821242500000001 0.4654986671875 0.7822155000000001 0.4648893328125 0.8174440000000001 0.4827203328125 0.81677025 0.48349000000000003 0.7821242500000001
5 0.501321 0.7814504999999999 0.4836183328125 0.78137375 0.4827203328125 0.81571175 0.5006796671875 0.815423 0.501321 0.7814504999999999
5 0.501834 0.79963975 0.5010643328125 0.8047405 0.500423 0.815808 0.5183823328125 0.81590425 0.5170993328125 0.80647275 0.5185106671875 0.804163 0.5188953328125 0.8014682499999999 0.518767 0.79733 0.52005 0.7814504999999999 0.5012566671875 0.78161425 0.5008079999999999 0.795309 0.5017056671875 0.79704125 0.501834 0.79963975
5 0.5197933328125 0.7987735 0.5197933328125 0.8006019999999999 0.5190236671874999 0.80310425 0.517356 0.805799 0.517356 0.8152305 0.536085 0.81532675 0.5359566671875 0.80570275 0.5363416671875 0.8047405 0.5382656671875 0.8026232500000001 0.5381376671875 0.799736 0.5373680000000001 0.7979075 0.536598 0.795694 0.5377526671874999 0.78077675 0.5188953328125 0.7812534999999999 0.518254 0.79579025 0.5190236671874999 0.79733 0.5197933328125 0.7987735
5 0.6282866671875 0.8043077500000001 0.629826 0.80257525 0.631622 0.8006505 0.63252 0.79670475 0.630211 0.79227775 0.6318786671875001 0.77918925 0.6141759999999999 0.779093 0.6122516671875 0.81133325 0.6294413328124999 0.8111407500000001 0.6282866671875 0.8043077500000001
5 0.63252 0.79526125 0.6330333328125 0.79814825 0.631622 0.8004580000000001 0.6294413328124999 0.803634 0.629698 0.8106595000000001 0.647529 0.8098895 0.6472723328125001 0.80170925 0.6488116671874999 0.80007325 0.6490683328125 0.7977635000000001 0.64894 0.79564625 0.6477853328125 0.79304775 0.648555 0.7792855000000001 0.6317503328125 0.77938175 0.630211 0.7914114999999999 0.632007 0.7931440000000001 0.63252 0.79526125
5 0.6484270000000001 0.7905455 0.64894 0.7931440000000001 0.6490683328125 0.79401 0.6491966671875 0.797956 0.647144 0.8013242500000001 0.6477853328125 0.8106595000000001 0.6661296671875 0.80979325 0.6656163328125 0.80228675 0.6660013328125001 0.80113175 0.6677973328125 0.7990145 0.6679256671875 0.796416 0.6661296671875 0.79449125 0.6647186671875 0.791604 0.6657446671875 0.7788042500000001 0.649421 0.77908875 0.648042 0.78236525 0.6477853328125 0.78765825 0.6484270000000001 0.7905455
5 0.6674123328125 0.7929515 0.6689516671875 0.79478 0.6689516671875 0.796801 0.6660013328125001 0.79968825 0.665873 0.8096970000000001 0.6821646671875 0.809312 0.6812666671875001 0.801613 0.6829343328124999 0.799592 0.6838323328125 0.7982445 0.684089 0.7962235 0.684089 0.79429875 0.682293 0.79150775 0.683191 0.77822675 0.6652956671875 0.77836725 0.6656163328125 0.7849635 0.6654883328125 0.7912192499999999 0.6674123328125 0.7929515
5 0.6854036671875 0.79451425 0.6838643328125 0.7977865000000001 0.6824533328125 0.8007697500000001 0.682325 0.80933525 0.6997713328125 0.8096237500000001 0.6995146671875 0.8020210000000001 0.7000276671875 0.801251 0.701054 0.7984600000000001 0.701054 0.79547675 0.7000276671875 0.7937445000000001 0.7005410000000001 0.7779612499999999 0.683736 0.778247 0.6833513328125 0.79085725 0.6847623328125 0.79230075 0.6854036671875 0.79451425
5 0.7022086671875 0.7948992500000001 0.7022086671875 0.7974015 0.6995146671875 0.7990375000000001 0.700156 0.80914275 0.7177303328125 0.808854 0.7172173328125 0.8010585000000001 0.7182436671875 0.80009625 0.7192700000000001 0.79836375 0.719398 0.7966314999999999 0.7190133328125 0.79451425 0.7176023328125 0.79172325 0.7173456671875 0.7772875 0.7009256671874999 0.77757625 0.7000276671875 0.789991 0.7016953328125 0.7925895 0.7022086671875 0.7948992500000001
5 0.7192700000000001 0.79230075 0.719783 0.7949955 0.7196546671874999 0.797209 0.717987 0.8010585000000001 0.7187566671875001 0.80818025 0.734792 0.808084 0.7337656671875 0.8025985 0.7345353328125 0.80048125 0.7354333328125 0.79874875 0.7362029999999999 0.796439 0.7359463328125 0.7949955 0.734792 0.7925895 0.7345353328125 0.7897985000000001 0.7351766671875 0.7769025 0.7167683328125001 0.7771645 0.7173456671875 0.78797 0.7182436671875 0.7913385 0.7192700000000001 0.79230075
5 0.7355616671874999 0.792397 0.7365876671875 0.79451425 0.7363313328125 0.796439 0.7340220000000001 0.8 0.7342786671875 0.8077952500000001 0.750827 0.80798775 0.7510833328125 0.79990375 0.7518533328125 0.79749775 0.7528793328125001 0.7948992500000001 0.7528793328125001 0.79230075 0.7512116671875 0.78883625 0.751725 0.7765175 0.734407 0.7763227500000001 0.7342786671875 0.78989475 0.7346636671875 0.79085725 0.7355616671874999 0.792397
5 0.435259 0.890612 0.41862266718749996 0.89121575 0.4183543328125 0.923324 0.435527 0.9231225000000001 0.435259 0.890612
5 0.4186373328125 0.92368775 0.4181563328125 0.8913399999999999 0.40160233281249996 0.8914122499999999 0.40054366718749995 0.89119575 0.400255 0.9239765 0.4186373328125 0.92368775
1 0.746381 0.90384575 0.7485016671875 0.9018805000000001 0.7491253328125 0.8990729999999999 0.747753 0.89430025 0.747379 0.87951425 0.6807676671875 0.8807257500000001 0.679645 0.912081 0.746381 0.9103965 0.746381 0.90384575
6 0.2113333328125 0.26575000000000004 0.2126666671875 0.24775 0.20099999999999998 0.24474999999999997 0.19866666718749998 0.248 0.19866666718749998 0.26749999999999996 0.20099999999999998 0.269 0.20866666718750002 0.26925 0.2113333328125 0.26575000000000004
6 0.2296666671875 0.26749999999999996 0.2293333328125 0.2475 0.22833333281249998 0.246 0.22400000000000003 0.2445 0.21800000000000003 0.24575 0.21600000000000003 0.248 0.2156666671875 0.26775000000000004 0.22000000000000003 0.27025 0.22833333281249998 0.27075 0.2296666671875 0.26749999999999996
6 0.244 0.27349999999999997 0.24666666718750002 0.26749999999999996 0.2463333328125 0.24825 0.244 0.2465 0.2363333328125 0.2455 0.23333333281250002 0.24825 0.233 0.268 0.2343333328125 0.27 0.24266666718750002 0.27149999999999996 0.244 0.27349999999999997
6 0.263 0.27275 0.26433333281250004 0.26775000000000004 0.264 0.24775 0.2553333328125 0.2465 0.25166666718749997 0.24874999999999997 0.25166666718749997 0.27125 0.2556666671875 0.274 0.261 0.274 0.263 0.27275
6 0.282 0.268 0.282 0.24825 0.2786666671875 0.24625 0.2713333328125 0.248 0.2693333328125 0.2505 0.2696666671875 0.27125 0.2713333328125 0.27275 0.279 0.27175 0.282 0.268
6 0.5596666671875 0.27799999999999997 0.5603333328125 0.25875 0.5563333328125 0.25475 0.5486666671875 0.25475 0.5466666671875 0.2575 0.5473333328125001 0.27949999999999997 0.5496666671875 0.28175 0.5573333328125 0.2815 0.5596666671875 0.27799999999999997
6 0.5436666671875 0.27575 0.5443333328125 0.2595 0.541 0.2545 0.533 0.254 0.5306666671875 0.2585 0.5303333328125001 0.27625 0.533 0.28500000000000003 0.5423333328125 0.27949999999999997 0.5436666671875 0.27575
6 0.5273333328125 0.27575 0.5276666671875 0.268 0.5256666671875 0.256 0.5173333328124999 0.258 0.5143333328125 0.26349999999999996 0.5146666671875 0.27799999999999997 0.5173333328124999 0.27999999999999997 0.525 0.28025 0.5273333328125 0.27575
6 0.4943333328125 0.2765 0.49400000000000005 0.25725 0.49066666718749996 0.25525000000000003 0.4863333328125 0.2555 0.48166666718749995 0.25925 0.4823333328125 0.27999999999999997 0.4916666671875 0.27999999999999997 0.49366666718749996 0.279 0.4943333328125 0.2765
6 0.5096666671875 0.257 0.5016666671875 0.256 0.49800000000000005 0.25825 0.49800000000000005 0.27799999999999997 0.5096666671875 0.27875 0.5106666671875 0.27575 0.5096666671875 0.257
6 0.47866666718750006 0.27625 0.47866666718750006 0.266 0.4766666671875 0.26125 0.47366666718749995 0.26025 0.4683333328125 0.2615 0.466 0.26549999999999996 0.46666666718750005 0.279 0.47000000000000003 0.27975 0.477 0.279 0.47866666718750006 0.27625
6 0.45933333281250005 0.277 0.4606666671875 0.26525 0.45866666718750004 0.2605 0.45499999999999996 0.26025 0.449 0.26375000000000004 0.4476666671875 0.26949999999999996 0.44733333281250004 0.27549999999999997 0.4486666671875 0.277 0.45099999999999996 0.27799999999999997 0.45933333281250005 0.277
6 0.4413333328125 0.27775 0.4436666671875 0.27525 0.44333333281250004 0.2665 0.43966666718749997 0.259 0.43566666718749997 0.2575 0.434 0.258 0.4306666671875 0.26175000000000004 0.4296666671875 0.26525 0.429 0.27525 0.43 0.27675 0.4386666671875 0.27825 0.4413333328125 0.27775
6 0.425 0.2665 0.42300000000000004 0.2565 0.41966666718749995 0.25475 0.4153333328125 0.2545 0.413 0.25575000000000003 0.41233333281249995 0.25925 0.41200000000000003 0.2765 0.42366666718749996 0.27825 0.425 0.27525 0.425 0.2665
6 0.4086666671875 0.254 0.4063333328125 0.2525 0.3963333328125 0.25175000000000003 0.3943333328125 0.25425 0.395 0.277 0.3963333328125 0.27825 0.40800000000000003 0.27799999999999997 0.4086666671875 0.254
6 0.3906666671875 0.275 0.3913333328125 0.27175 0.391 0.25425 0.3883333328125 0.25175000000000003 0.3803333328125 0.2505 0.3776666671875 0.252 0.37666666718749997 0.2545 0.3763333328125 0.27525 0.38 0.27749999999999997 0.3886666671875 0.2765 0.3906666671875 0.275
6 0.37333333281250003 0.27525 0.374 0.2725 0.3736666671875 0.253 0.3723333328125 0.251 0.3656666671875 0.24975 0.3613333328125 0.2505 0.36 0.2525 0.3603333328125 0.27525 0.3623333328125 0.2765 0.37033333281249997 0.2765 0.37333333281250003 0.27525
6 0.3563333328125 0.27175 0.356 0.25175000000000003 0.3533333328125 0.24900000000000003 0.3453333328125 0.24874999999999997 0.3423333328125 0.25125000000000003 0.3416666671875 0.25475 0.34199999999999997 0.274 0.34500000000000003 0.27599999999999997 0.3533333328125 0.2765 0.3563333328125 0.27175
6 0.3373333328125 0.272 0.3373333328125 0.25175000000000003 0.335 0.2495 0.32966666718750004 0.24874999999999997 0.32599999999999996 0.24900000000000003 0.32366666718750003 0.2525 0.324 0.27349999999999997 0.32599999999999996 0.275 0.3346666671875 0.27525 0.3373333328125 0.272
6 0.3186666671875 0.2515 0.315 0.24975 0.31 0.2495 0.306 0.25175000000000003 0.3056666671875 0.27149999999999996 0.3066666671875 0.27275 0.318 0.27375 0.3186666671875 0.2515
6 0.3016666671875 0.271 0.3016666671875 0.25025 0.2986666671875 0.248 0.2943333328125 0.24775 0.2896666671875 0.2485 0.2873333328125 0.25075 0.28700000000000003 0.27175 0.29 0.27375 0.2986666671875 0.274 0.3016666671875 0.271
6 0.3883333328125 0.36625 0.389 0.36375 0.3906666671875 0.34950000000000003 0.3896666671875 0.34175 0.388 0.33999999999999997 0.384 0.33925 0.37733333281250003 0.33999999999999997 0.37466666718749997 0.3415 0.3743333328125 0.3465 0.3743333328125 0.36524999999999996 0.377 0.3675 0.38533333281250004 0.36825 0.3883333328125 0.36625
6 0.369 0.36775 0.372 0.36425 0.372 0.34475 0.369 0.34199999999999997 0.3596666671875 0.343 0.3586666671875 0.3445 0.3593333328125 0.36475 0.361 0.3665 0.369 0.36775
6 0.3556666671875 0.36175 0.3553333328125 0.344 0.3533333328125 0.34199999999999997 0.348 0.34175 0.3433333328125 0.34249999999999997 0.3416666671875 0.34425 0.3416666671875 0.367 0.3436666671875 0.368 0.3533333328125 0.368 0.3556666671875 0.36175
6 0.2666666671875 0.36225 0.2673333328125 0.35875 0.2666666671875 0.343 0.26433333281250004 0.34199999999999997 0.2556666671875 0.34175 0.254 0.346 0.25433333281250003 0.36175 0.256 0.36375 0.265 0.3635 0.2666666671875 0.36225
6 0.28300000000000003 0.36675 0.286 0.3625 0.28700000000000003 0.34425 0.2843333328125 0.34199999999999997 0.27599999999999997 0.34049999999999997 0.2733333328125 0.34175 0.2723333328125 0.34375 0.2733333328125 0.36425 0.2753333328125 0.36625 0.2786666671875 0.36475 0.28300000000000003 0.36675
6 0.242 0.35724999999999996 0.24300000000000002 0.34950000000000003 0.24133333281249997 0.33775 0.2316666671875 0.33525 0.2286666671875 0.3375 0.22799999999999998 0.341 0.22833333281249998 0.35825 0.2323333328125 0.359 0.24 0.35825 0.242 0.35724999999999996
6 0.2246666671875 0.35724999999999996 0.22433333281249998 0.3375 0.2166666671875 0.3325 0.2126666671875 0.33225 0.20866666718750002 0.33425 0.209 0.35750000000000004 0.21233333281250003 0.359 0.22200000000000003 0.35875 0.2246666671875 0.35724999999999996
6 0.20566666718749999 0.35724999999999996 0.20566666718749999 0.34575 0.20400000000000001 0.33425 0.20099999999999998 0.33225 0.194 0.33275 0.1903333328125 0.33575 0.1913333328125 0.357 0.1933333328125 0.35875 0.20433333281250002 0.358 0.20566666718749999 0.35724999999999996
6 0.1846666671875 0.35675 0.186 0.35375 0.186 0.3375 0.1843333328125 0.3355 0.1776666671875 0.33325 0.17366666718749998 0.33325 0.17233333281250002 0.33599999999999997 0.17333333281250002 0.357 0.17733333281250002 0.35875 0.1816666671875 0.35825 0.1846666671875 0.35675
6 0.7786666671875 0.48250000000000004 0.7793333328125 0.48075 0.78 0.4625 0.779 0.461 0.7753333328124999 0.45975 0.77 0.461 0.7673333328124999 0.46275000000000005 0.7666666671875 0.466 0.766 0.48224999999999996 0.769 0.4835 0.7753333328124999 0.48375 0.7786666671875 0.48250000000000004
6 0.7616666671875 0.48200000000000004 0.7626666671875 0.47874999999999995 0.763 0.46275000000000005 0.7596666671875 0.4605 0.7523333328125 0.45949999999999996 0.749 0.4625 0.7493333328125 0.48175 0.7516666671875 0.48324999999999996 0.7596666671875 0.483 0.7616666671875 0.48200000000000004
6 0.7153333328125 0.46025 0.7133333328125 0.4585 0.7113333328125 0.4585 0.7053333328125 0.45949999999999996 0.7036666671875 0.46175 0.7036666671875 0.48200000000000004 0.713 0.48324999999999996 0.7153333328125 0.47975 0.7153333328125 0.46025
6 0.7033333328125 0.46675000000000005 0.702 0.4605 0.6973333328125 0.45899999999999996 0.6926666671875 0.45925000000000005 0.6900000000000001 0.46075 0.689 0.46375 0.6883333328125001 0.48224999999999996 0.6990000000000001 0.48274999999999996 0.7016666671875 0.4795 0.7033333328125 0.46675000000000005
6 0.6839999999999999 0.48250000000000004 0.687 0.47575 0.6866666671874999 0.4615 0.6846666671875 0.45975 0.6766666671875 0.45899999999999996 0.6713333328125 0.46275000000000005 0.6706666671875 0.479 0.6719999999999999 0.48175 0.6733333328125 0.48274999999999996 0.6839999999999999 0.48250000000000004
6 0.5903333328125 0.48224999999999996 0.591 0.48025 0.5916666671875 0.46349999999999997 0.5886666671875 0.46125 0.5843333328125 0.4605 0.5796666671875 0.4625 0.5783333328125 0.48150000000000004 0.5796666671875 0.48274999999999996 0.5876666671875 0.483 0.5903333328125 0.48224999999999996
6 0.5756666671875 0.47925000000000006 0.5773333328125 0.46699999999999997 0.576 0.4605 0.5690000000000001 0.45875000000000005 0.5643333328125 0.45949999999999996 0.5623333328125 0.4625 0.5616666671874999 0.47074999999999995 0.5613333328125 0.48224999999999996 0.564 0.48324999999999996 0.5740000000000001 0.48250000000000004 0.5756666671875 0.47925000000000006
6 0.557 0.483 0.5589999999999999 0.48224999999999996 0.5596666671875 0.48 0.5613333328125 0.46675000000000005 0.5606666671875 0.46125 0.5583333328125 0.45925000000000005 0.5526666671875 0.45824999999999994 0.5486666671875 0.45949999999999996 0.5463333328125 0.46275000000000005 0.5453333328125 0.477 0.5463333328125 0.481 0.5483333328125 0.48274999999999996 0.557 0.483
6 0.4956666671875 0.45975 0.49400000000000005 0.457 0.49000000000000005 0.45575 0.48266666718750006 0.46125 0.48200000000000004 0.48224999999999996 0.49400000000000005 0.48274999999999996 0.4956666671875 0.47850000000000004 0.4956666671875 0.45975
6 0.4796666671875 0.4605 0.47533333281249995 0.45725 0.471 0.45725 0.4683333328125 0.45899999999999996 0.46699999999999997 0.4625 0.46666666718750005 0.48224999999999996 0.4783333328125 0.48250000000000004 0.48 0.47800000000000004 0.4796666671875 0.4605
6 0.4623333328125 0.45925000000000005 0.4543333328125 0.45899999999999996 0.45066666718750004 0.4625 0.45066666718750004 0.48175 0.46299999999999997 0.48250000000000004 0.46399999999999997 0.46075 0.4623333328125 0.45925000000000005
6 0.44733333281250004 0.45899999999999996 0.44299999999999995 0.45824999999999994 0.43666666718749997 0.45975 0.4346666671875 0.46275000000000005 0.4346666671875 0.48200000000000004 0.44699999999999995 0.48224999999999996 0.4483333328125 0.46425 0.44733333281250004 0.45899999999999996
6 0.43099999999999994 0.48224999999999996 0.4326666671875 0.46349999999999997 0.43099999999999994 0.45899999999999996 0.42766666718749996 0.4575 0.422 0.458 0.418 0.4605 0.417 0.46375 0.4166666671875 0.47874999999999995 0.418 0.48224999999999996 0.4266666671875 0.48324999999999996 0.43099999999999994 0.48224999999999996
6 0.3636666671875 0.48200000000000004 0.366 0.47850000000000004 0.36666666718749996 0.45875000000000005 0.3653333328125 0.45675 0.3533333328125 0.45375 0.3496666671875 0.45599999999999996 0.3473333328125 0.46125 0.3483333328125 0.47824999999999995 0.3496666671875 0.48150000000000004 0.3526666671875 0.48250000000000004 0.3636666671875 0.48200000000000004
6 0.34700000000000003 0.479 0.3463333328125 0.46325000000000005 0.3416666671875 0.45899999999999996 0.3383333328125 0.45999999999999996 0.3363333328125 0.46224999999999994 0.335 0.46925 0.3353333328125 0.48224999999999996 0.3396666671875 0.4835 0.3453333328125 0.48250000000000004 0.34700000000000003 0.479
6 0.1643333328125 0.4615 0.162 0.45925000000000005 0.152 0.45975 0.1496666671875 0.46125 0.15 0.48224999999999996 0.1613333328125 0.48224999999999996 0.16299999999999998 0.4795 0.1643333328125 0.4615
6 0.182 0.4755 0.1816666671875 0.46175 0.1776666671875 0.45925000000000005 0.1696666671875 0.45949999999999996 0.1673333328125 0.4615 0.1673333328125 0.48075 0.16933333281250001 0.48274999999999996 0.1803333328125 0.48224999999999996 0.182 0.4755
6 0.1983333328125 0.477 0.199 0.46275000000000005 0.197 0.4605 0.1916666671875 0.45975 0.189 0.45975 0.1853333328125 0.462 0.1853333328125 0.48075 0.1883333328125 0.48224999999999996 0.1963333328125 0.48150000000000004 0.1983333328125 0.477
6 0.2173333328125 0.47850000000000004 0.21800000000000003 0.46275000000000005 0.217 0.45999999999999996 0.2136666671875 0.45875000000000005 0.2046666671875 0.45899999999999996 0.202 0.462 0.202 0.48025 0.20400000000000001 0.48224999999999996 0.2146666671875 0.48200000000000004 0.2173333328125 0.47850000000000004
6 0.2326666671875 0.4605 0.2206666671875 0.45999999999999996 0.22000000000000003 0.46125 0.22033333281249998 0.48200000000000004 0.2293333328125 0.48200000000000004 0.2323333328125 0.47824999999999995 0.2326666671875 0.4605
6 0.248 0.48150000000000004 0.25033333281250003 0.47850000000000004 0.25033333281250003 0.4625 0.24900000000000003 0.45925000000000005 0.248 0.45775 0.2463333328125 0.45775 0.23700000000000002 0.4605 0.23566666718749998 0.46575 0.23700000000000002 0.4805 0.2396666671875 0.48250000000000004 0.248 0.48150000000000004
6 0.2656666671875 0.47850000000000004 0.265 0.4615 0.2636666671875 0.46025 0.2573333328125 0.4605 0.2526666671875 0.4625 0.254 0.48150000000000004 0.2556666671875 0.48250000000000004 0.2633333328125 0.48224999999999996 0.2656666671875 0.47850000000000004
6 0.2786666671875 0.481 0.281 0.47850000000000004 0.2813333328125 0.47474999999999995 0.27999999999999997 0.46125 0.2713333328125 0.4585 0.2673333328125 0.45975 0.2653333328125 0.46449999999999997 0.2646666671875 0.47850000000000004 0.266 0.48125 0.268 0.48224999999999996 0.2786666671875 0.481
6 0.763 0.5915 0.7636666671875 0.576 0.7573333328125 0.571 0.7476666671875 0.572 0.748 0.59275 0.751 0.595 0.76 0.59475 0.763 0.5915
6 0.747 0.59225 0.7473333328125 0.5742499999999999 0.7443333328125 0.572 0.74 0.57175 0.7363333328125 0.57225 0.735 0.575 0.735 0.593 0.738 0.59475 0.744 0.595 0.747 0.59225
6 0.7326666671875001 0.59225 0.732 0.5742499999999999 0.7243333328125 0.57175 0.7216666671875 0.57225 0.7203333328125 0.5745 0.7203333328125 0.59325 0.7246666671875001 0.595 0.7306666671875 0.5945 0.7326666671875001 0.59225
6 0.7166666671875 0.57275 0.7073333328125 0.572 0.705 0.5742499999999999 0.705 0.5940000000000001 0.7163333328125 0.5945 0.7176666671875 0.5915 0.7166666671875 0.57275
6 0.7026666671874999 0.59175 0.7013333328125 0.57275 0.6950000000000001 0.5715 0.6896666671875 0.57275 0.6896666671875 0.59375 0.693 0.59525 0.701 0.595 0.7026666671874999 0.59175
6 0.6873333328125 0.59175 0.687 0.575 0.6833333328125 0.57225 0.6733333328125 0.57225 0.6733333328125 0.59325 0.6776666671875 0.5955 0.6853333328125 0.59525 0.6873333328125 0.59175
6 0.6716666671875 0.59175 0.6716666671875 0.57475 0.6696666671875 0.572 0.6586666671875 0.57175 0.6586666671875 0.59425 0.662 0.59575 0.6696666671875 0.595 0.6716666671875 0.59175
6 0.6096666671875 0.59175 0.609 0.5742499999999999 0.6073333328125 0.57225 0.5996666671875001 0.57125 0.5953333328125 0.572 0.5943333328125 0.5742499999999999 0.595 0.59325 0.5983333328125 0.59575 0.6073333328125 0.5955 0.6096666671875 0.59175
6 0.625 0.59275 0.6246666671875001 0.5745 0.6226666671875 0.5725 0.6153333328125 0.5715 0.6113333328125 0.57325 0.612 0.5945 0.614 0.5955 0.623 0.5955 0.625 0.59275
6 0.6403333328125 0.59275 0.64 0.5745 0.6386666671875 0.57275 0.6316666671875 0.572 0.627 0.57325 0.6273333328125 0.59375 0.6296666671875 0.5955 0.6383333328125 0.5955 0.6403333328125 0.59275
6 0.6559999999999999 0.59275 0.6556666671875 0.5742499999999999 0.6536666671875 0.57225 0.6423333328124999 0.57225 0.643 0.59425 0.645 0.5955 0.6543333328125 0.5955 0.6559999999999999 0.59275
6 0.5780000000000001 0.5755 0.5766666671875 0.57225 0.568 0.57125 0.5660000000000001 0.57225 0.5653333328125 0.575 0.5653333328125 0.5955 0.576 0.596 0.5780000000000001 0.593 0.5780000000000001 0.5755
6 0.563 0.59225 0.5643333328125 0.57525 0.5606666671875 0.57175 0.5519999999999999 0.57175 0.55 0.575 0.55 0.5945 0.5509999999999999 0.5955 0.5606666671875 0.5955 0.563 0.59225
6 0.5473333328125001 0.5745 0.5446666671875 0.5715 0.537 0.57125 0.5336666671875 0.5740000000000001 0.5343333328125001 0.5955 0.545 0.59575 0.5469999999999999 0.59275 0.5473333328125001 0.5745
6 0.5316666671875 0.57475 0.5293333328125 0.57175 0.5213333328124999 0.5715 0.5183333328125 0.5735 0.519 0.5955 0.5293333328125 0.5955 0.5316666671875 0.59175 0.5316666671875 0.57475
6 0.4996666671875 0.59275 0.499 0.57275 0.49800000000000005 0.57125 0.48966666718749996 0.5715 0.4876666671875 0.57225 0.48666666718749996 0.5745 0.487 0.5955 0.49000000000000005 0.5965 0.49766666718749997 0.5962500000000001 0.4996666671875 0.59275
6 0.45199999999999996 0.5735 0.45066666718750004 0.572 0.44166666718750003 0.572 0.43933333281250003 0.5725 0.438 0.57475 0.4386666671875 0.595 0.4423333328125 0.59675 0.45099999999999996 0.596 0.45199999999999996 0.5735
6 0.4683333328125 0.5925 0.46733333281249995 0.572 0.45866666718750004 0.5715 0.45499999999999996 0.5745 0.45499999999999996 0.5955 0.45866666718750004 0.59675 0.46699999999999997 0.596 0.4683333328125 0.5925
6 0.484 0.59175 0.4846666671875 0.57675 0.48333333281249996 0.57225 0.4823333328125 0.571 0.47366666718749995 0.571 0.4703333328125 0.5735 0.47066666718750005 0.5955 0.47400000000000003 0.5965 0.4823333328125 0.596 0.484 0.59175
6 0.40366666718750005 0.5955 0.4046666671875 0.579 0.40599999999999997 0.576 0.4033333328125 0.57325 0.3926666671875 0.5725 0.3906666671875 0.575 0.39 0.5795 0.38933333281250004 0.59575 0.392 0.5974999999999999 0.40099999999999997 0.597 0.40366666718750005 0.5955
6 0.3886666671875 0.5955 0.389 0.59275 0.3883333328125 0.57325 0.38533333281250004 0.572 0.37666666718749997 0.5730000000000001 0.3736666671875 0.57875 0.3736666671875 0.5965 0.37666666718749997 0.5980000000000001 0.387 0.59675 0.3886666671875 0.5955
6 0.3713333328125 0.5955 0.37266666718749997 0.57525 0.36666666718749996 0.5735 0.36066666718749996 0.57375 0.3586666671875 0.575 0.3576666671875 0.5782499999999999 0.3573333328125 0.59575 0.361 0.59775 0.369 0.5972500000000001 0.3713333328125 0.5955
6 0.1856666671875 0.599 0.1876666671875 0.59575 0.1863333328125 0.5765 0.17733333281250002 0.575 0.174 0.5785 0.17366666718749998 0.59425 0.175 0.59875 0.1776666671875 0.6002500000000001 0.1856666671875 0.599
6 0.2046666671875 0.59525 0.2053333328125 0.576 0.20099999999999998 0.5730000000000001 0.1933333328125 0.57475 0.191 0.57675 0.1896666671875 0.583 0.19 0.5974999999999999 0.193 0.59925 0.202 0.5985 0.2046666671875 0.59525
6 0.22000000000000003 0.597 0.2206666671875 0.592 0.2196666671875 0.576 0.2166666671875 0.5742499999999999 0.21000000000000002 0.57475 0.207 0.5775 0.207 0.59675 0.209 0.59875 0.21833333281249998 0.5985 0.22000000000000003 0.597
6 0.23733333281250002 0.59525 0.23766666718749999 0.576 0.2326666671875 0.5735 0.22799999999999998 0.5742499999999999 0.22400000000000003 0.576 0.2233333328125 0.57975 0.2233333328125 0.5965 0.225 0.59825 0.23399999999999999 0.59825 0.23733333281250002 0.59525
6 0.25433333281250003 0.5962500000000001 0.256 0.57575 0.244 0.5740000000000001 0.24066666718750002 0.5780000000000001 0.24066666718750002 0.59675 0.244 0.59875 0.25166666718749997 0.59825 0.25433333281250003 0.5962500000000001
6 0.2713333328125 0.596 0.2713333328125 0.583 0.2733333328125 0.576 0.2706666671875 0.5742499999999999 0.2653333328125 0.5735 0.26 0.5735 0.257 0.576 0.256 0.59575 0.2596666671875 0.5985 0.268 0.59825 0.2713333328125 0.596
6 0.2876666671875 0.595 0.288 0.5820000000000001 0.29 0.576 0.28700000000000003 0.5745 0.2843333328125 0.575 0.2786666671875 0.57375 0.2753333328125 0.57575 0.2746666671875 0.5780000000000001 0.2746666671875 0.59675 0.279 0.5985 0.28500000000000003 0.5980000000000001 0.2876666671875 0.595
6 0.305 0.59575 0.3066666671875 0.575 0.303 0.5735 0.2943333328125 0.5735 0.2916666671875 0.576 0.29100000000000004 0.5825 0.29133333281249996 0.597 0.294 0.59825 0.30333333281249997 0.5974999999999999 0.305 0.59575
6 0.3553333328125 0.57925 0.3573333328125 0.57575 0.3496666671875 0.5730000000000001 0.3433333328125 0.5742499999999999 0.3416666671875 0.577 0.341 0.58525 0.3413333328125 0.5972500000000001 0.34700000000000003 0.5980000000000001 0.3543333328125 0.59675 0.3553333328125 0.57925
6 0.3386666671875 0.59575 0.3403333328125 0.575 0.33799999999999997 0.57325 0.33366666718750004 0.57275 0.3263333328125 0.5740000000000001 0.3246666671875 0.576 0.324 0.596 0.32566666718750004 0.59775 0.3363333328125 0.5974999999999999 0.3386666671875 0.59575
6 0.32166666718750003 0.596 0.3226666671875 0.576 0.31766666718750003 0.57325 0.31066666718749997 0.57375 0.308 0.5765 0.3076666671875 0.596 0.31033333281250003 0.59825 0.31966666718750003 0.59775 0.32166666718750003 0.596
10 0.6408666671875001 0.3794925 0.658677 0.37974925000000004 0.6609033328125 0.375895 0.6629583328125 0.35379700000000003 0.6603896671875 0.348401 0.64198 0.34826175 0.6446343328124999 0.35199824999999996 0.6432643328125 0.37409625 0.6408666671875001 0.3794925
10 0.42928533281250003 0.34309924999999997 0.4084353328125 0.34312425 0.4078786671875 0.37586075 0.42894266718749996 0.37663175 0.42928533281250003 0.34309924999999997
10 0.664963 0.28887175 0.6664843328125001 0.26536175 0.664963 0.26068275 0.6493706671874999 0.260157 0.6456436671875 0.291953 0.66116 0.2924095 0.664963 0.28887175