5 0.1204286671875 0.5899625000000001 0.12313700000000001 0.5949645 0.12313700000000001 0.61168975 0.15230666718750002 0.6121587500000001 0.15314 0.59762175 0.148973 0.590744 0.1502233328125 0.58339725 0.15064 0.5633895 0.122512 0.5624515 0.1214703328125 0.57839525 0.1204286671875 0.583241 0.1204286671875 0.5899625000000001
5 0.1485563328125 0.588712 0.152515 0.59793425 0.15189 0.611846 0.18085133281250002 0.6126277499999999 0.179601 0.59918475 0.17876766718749998 0.594808 0.1773093328125 0.58808675 0.17918433281249999 0.580271 0.1793926671875 0.5643272500000001 0.15079599999999999 0.56298525 0.1514733328125 0.5804275 0.1498063328125 0.58433525 0.1485563328125 0.588712
5 0.1775176671875 0.5879304999999999 0.1768923328125 0.5924635 0.18043433281250001 0.59684025 0.18085133281250002 0.61247125 0.20877066718749998 0.61340925 0.2081456671875 0.6024675 0.2081456671875 0.598247 0.20606200000000002 0.59418275 0.204812 0.5894935 0.20606200000000002 0.58074 0.20877066718749998 0.5649525 0.1793926671875 0.564171 0.179601 0.57980225 0.1775176671875 0.58261575 0.1775176671875 0.5879304999999999
5 0.205437 0.58558575 0.205437 0.59043125 0.206687 0.593245 0.20877066718749998 0.59793425 0.20960399999999998 0.6135655 0.23627333281250001 0.61387825 0.23544 0.6001227499999999 0.234815 0.5984032499999999 0.233773 0.59433925 0.23356466718750002 0.5891807499999999 0.2356483328125 0.5837100000000001 0.2368983328125 0.5654215 0.2067913328125 0.56474325 0.207729 0.5791769999999999 0.2062703328125 0.58355375 0.205437 0.58558575
5 0.23356466718750002 0.5885615 0.233148 0.59168775 0.23418966718749998 0.5948140000000001 0.23585666718749998 0.5985655000000001 0.23627333281250001 0.6148217500000001 0.263776 0.6157597499999999 0.264401 0.60387425 0.263151 0.6010605 0.2616926671875 0.595746 0.2614843328125 0.590275 0.2641926671875 0.5844915 0.26648466718749997 0.56604675 0.23544 0.5649387499999999 0.2368983328125 0.57996425 0.2364816671875 0.58418475 0.23356466718750002 0.5885615
5 0.2639323328125 0.5871072500000001 0.261432 0.59242175 0.2662243328125 0.59711125 0.26559900000000003 0.6143055000000001 0.29310200000000003 0.615087 0.2928936671875 0.60164425 0.2926853328125 0.599456 0.29060166718749997 0.59539175 0.2918516671875 0.59132775 0.2918516671875 0.58616925 0.2941436671875 0.56678675 0.2656513328125 0.566306 0.2645573328125 0.5750712499999999 0.264974 0.58210525 0.2639323328125 0.5871072500000001
5 0.29351866718749997 0.5852315 0.29206 0.59085875 0.2918516671875 0.5942974999999999 0.29310200000000003 0.5980489999999999 0.29310200000000003 0.61414925 0.32018800000000003 0.6152434999999999 0.322688 0.5678807499999999 0.293779 0.566306 0.2926853328125 0.573977 0.2924766671875 0.58210525 0.29351866718749997 0.5852315
5 0.41436400000000007 0.57029875 0.387278 0.569236 0.3818606671875 0.6173485000000001 0.4099883328125 0.61938075 0.41436400000000007 0.57029875
5 0.43853299999999995 0.5981222500000001 0.4381163328125 0.60593775 0.4364493328125 0.6203185 0.4629103328125 0.622038 0.46478566718750003 0.6078135 0.46541066718749996 0.60187375 0.4660356671875 0.5942145 0.46811933281250007 0.572487 0.4406686671875 0.57118925 0.43999133281249997 0.5857735 0.437908 0.592964 0.43853299999999995 0.5981222500000001
5 0.46707733281249997 0.5982784999999999 0.464994 0.60640675 0.46457699999999996 0.6212565 0.49145466718749997 0.62266325 0.49166299999999996 0.60734475 0.4931216671875 0.602499 0.4931216671875 0.59468325 0.49666366718750005 0.5732685 0.4682753328125 0.572166 0.46707733281249997 0.587962 0.46707733281249997 0.591557 0.46707733281249997 0.5982784999999999
5 0.49270500000000006 0.596559 0.493955 0.5996852500000001 0.49291333281250005 0.60765725 0.49041300000000004 0.6223505 0.5170823328124999 0.6236010000000001 0.5166656671875 0.6148475 0.519791 0.6092204999999999 0.520416 0.60343675 0.520416 0.59468325 0.523958 0.5746755 0.4958303328125 0.5732685 0.494997 0.587493 0.49291333281250005 0.5928074999999999 0.49270500000000006 0.596559
5 0.5218743328125 0.5898377499999999 0.5214576671875 0.594527 0.521666 0.599998 0.5195826671875 0.60797 0.5179156671875 0.6232884999999999 0.5454183328125 0.62422625 0.5468770000000001 0.614066 0.5466686671875001 0.6090639999999999 0.548752 0.6042185 0.5485436671875 0.5934327500000001 0.551669 0.5746755 0.5234893328125 0.57353325 0.5220826671875 0.57561325 0.5224996671875 0.58514825 0.5218743328125 0.5898377499999999
5 0.551669 0.59358925 0.5508356671875 0.5998417500000001 0.5493773328125 0.6043747500000001 0.5458353328125 0.6082825 0.5454183328125 0.6245390000000001 0.572713 0.6253205000000001 0.5731296671874999 0.6115649999999999 0.5760466671875 0.607032 0.576255 0.60234275 0.5764633328125 0.596559 0.5789633328125 0.5757695 0.5508356671875 0.5743145000000001 0.5485436671875 0.5835852499999999 0.549169 0.5898377499999999 0.551669 0.59358925
5 0.7212693328124999 0.6147685 0.7233526671875 0.61258 0.7262696671875 0.6092975 0.727728 0.6038265 0.7239776671875 0.59944975 0.7273113328125 0.58084875 0.7003296671875 0.57978375 0.6914746671875001 0.6268045 0.7198106671875 0.6283675 0.7212693328124999 0.6147685
5 0.729395 0.60570225 0.7256446671875 0.61023525 0.7227276671875 0.6138305 0.7189773328125 0.6277422500000001 0.7468966671875 0.62977425 0.7483553328125 0.617113 0.7496053328125 0.6136742500000001 0.7527306671875 0.6107042500000001 0.7533556671875 0.60648375 0.7521056671874999 0.601013 0.7548143328125 0.58241175 0.7268946671875 0.58154175 0.7250196671875 0.59741775 0.727728 0.6013255 0.729395 0.60570225
5 0.7543973328125 0.6022635000000001 0.7543973328125 0.605546 0.7543973328125 0.6083594999999999 0.753564 0.612111 0.748772 0.6147685 0.7448133328125001 0.62993075 0.777108 0.63149375 0.7789833328125 0.62117725 0.780025 0.616019 0.7810666671875001 0.61289275 0.7810666671875001 0.6089847500000001 0.7808583328125 0.605077 0.780025 0.600544 0.7831503328125 0.58381875 0.7539806671875 0.5821277499999999 0.7531473328125 0.59788675 0.7539806671875 0.59960625 0.7543973328125 0.6022635000000001
5 0.7819003328125 0.60648375 0.7816916671875 0.6117985 0.7798166671875 0.61648775 0.7773163328125 0.6316499999999999 0.8035690000000001 0.63196275 0.804819 0.6218025 0.8052356671875 0.617582 0.807736 0.6146119999999999 0.809403 0.6122675 0.8104446671875 0.608047 0.8079443328125 0.60367025 0.8114863328125 0.58413125 0.7826293328125 0.5836905 0.7798166671875 0.598512 0.7798166671875 0.601013 0.7819003328125 0.60648375
5 0.8104446671875 0.6042955 0.8116946671875 0.60742175 0.811278 0.6122675 0.8054443328125 0.61664425 0.8039856671875001 0.6329005000000001 0.8310716671874999 0.6333694999999999 0.8321133328125001 0.620552 0.8358639999999999 0.61867625 0.838364 0.61398675 0.8379473328125 0.6092975 0.8354469999999999 0.6063275 0.8387806671875 0.58569425 0.811278 0.58408125 0.810653 0.58334975 0.809403 0.6022635000000001 0.8104446671875 0.6042955
5 0.8410726671875001 0.607578 0.8414893328125 0.6117985 0.8414893328125 0.61539375 0.834822 0.6197705 0.8298216671875001 0.6332132500000001 0.8587826671875 0.63399475 0.8608663328124999 0.6203957499999999 0.8623246671875 0.61945775 0.8646166671875 0.617582 0.867117 0.613049 0.8660753328125 0.6088285 0.8639916671875 0.60460825 0.8681586671874999 0.5863195 0.839406 0.5848625000000001 0.8369056671875 0.60492075 0.8375306671875 0.605546 0.8410726671875001 0.607578
5 0.867742 0.6067965 0.867117 0.60961 0.8669086671875 0.6117985 0.866492 0.61664425 0.8621163328125 0.61914525 0.858366 0.63477625 0.8856603328125001 0.63462 0.8881606671875 0.6233655 0.8902443328125 0.62023925 0.8921193328125 0.61820725 0.8939946671874999 0.6144557500000001 0.8933696671875 0.61023525 0.8921193328125 0.60648375 0.895453 0.58788275 0.8675336671875 0.5860345 0.8662836671875 0.602576 0.8662836671875 0.6052335 0.867742 0.6067965
5 0.8952446671875001 0.608047 0.8969116671874999 0.611017 0.8969116671874999 0.6142995 0.8962863328124999 0.618051 0.8908693328125 0.6203957499999999 0.8837853328125 0.63571425 0.9133716671875 0.63743375 0.9158716671875 0.62492875 0.9167053328125 0.6238345 0.9194136671875001 0.620552 0.9223306671874999 0.61695675 0.9219139999999999 0.612111 0.9210806671875 0.6058585 0.9233723328125001 0.588508 0.8951406671875001 0.5866205 0.892536 0.60413925 0.8933696671875 0.60570225 0.8952446671875001 0.608047
5 0.3886906671875 0.72312275 0.363619 0.7230015 0.3633886671875 0.76764425 0.3876173328125 0.76890975 0.3886906671875 0.72312275
5 0.415986 0.72346775 0.389304 0.7228925 0.3877706671875 0.7685645 0.4142993328125 0.76913975 0.415986 0.72346775
2 0.3086446671875 0.7693735 0.3152386671875 0.7696035 0.314932 0.7771965 0.3646156671875 0.7781167499999999 0.3650756671875 0.76868325 0.361242 0.770409 0.362162 0.7289935 0.366609 0.71656875 0.3690626671875 0.69356025 0.31631200000000004 0.69217975 0.31615866718749996 0.714153 0.3107916671875 0.72715275 0.3086446671875 0.7693735
1 0.8813433328125001 0.77743775 0.8826436671875 0.775487 0.8854606671875 0.772886 0.8895776671875 0.76768375 0.8861106671875 0.75906775 0.8902276671875 0.74118525 0.7859986671875 0.73517025 0.7753806671875 0.7790635 0.8804766671875001 0.7832902500000001 0.8813433328125001 0.77743775
5 0.412697 0.5887435 0.41290533281249997 0.5981222500000001 0.40957166718750004 0.61766125 0.43665766718750004 0.61938075 0.437908 0.6100019999999999 0.437908 0.59937275 0.4408246671875 0.570924 0.4135826671875 0.5696265 0.41415566718749997 0.5767075 0.4137386671875 0.583429 0.412697 0.5887435
6 0 0.23725000000000002 0.01 0.23825 0.014333332812499999 0.23625 0.014000000000000002 0.225 0.0116666671875 0.2143 0.011 0.20350000000000001 0.009 0.20099999999999998 0.005 0.2 0 0.20074999999999998 0 0.23725000000000002
6 0.02 0.23450000000000001 0.0213333328125 0.23625 0.0256666671875 0.23725000000000002 0.0413333328125 0.23775 0.0426666671875 0.236 0.038666667187499996 0.2265 0.0406666671875 0.22174999999999997 0.0426666671875 0.2205 0.0406666671875 0.21825 0.0396666671875 0.21325 0.041999999999999996 0.20600000000000002 0.0416666671875 0.20099999999999998 0.037333332812499995 0.19924999999999998 0.0293333328125 0.1985 0.02 0.199 0.017 0.20099999999999998 0.0163333328125 0.20625 0.018 0.2205 0.0196666671875 0.22475 0.02 0.23450000000000001
6 0.06733333281250001 0.23625 0.06733333281250001 0.22749999999999998 0.0643333328125 0.20625 0.0606666671875 0.20325000000000001 0.05600000000000001 0.20224999999999999 0.0486666671875 0.20125 0.047 0.20325000000000001 0.047 0.23625 0.0516666671875 0.23875000000000002 0.064 0.238 0.06733333281250001 0.23625
6 0.08399999999999999 0.2405 0.0873333328125 0.2415 0.0936666671875 0.24 0.095 0.2385 0.0953333328125 0.23174999999999998 0.093 0.21949999999999997 0.0926666671875 0.20925 0.0913333328125 0.207 0.08399999999999999 0.20350000000000001 0.0793333328125 0.20274999999999999 0.07566666718750001 0.20475 0.0743333328125 0.21325 0.075 0.23275 0.0763333328125 0.23900000000000002 0.08 0.24075000000000002 0.08399999999999999 0.2405
6 0.1106666671875 0.24275000000000002 0.1226666671875 0.242 0.124 0.24025 0.1243333328125 0.22749999999999998 0.12166666718750001 0.20750000000000002 0.119 0.205 0.1146666671875 0.20475 0.10833333281249999 0.20274999999999999 0.10333333281249998 0.20274999999999999 0.10133333281250001 0.20475 0.10066666718749999 0.20800000000000002 0.10033333281250001 0.21749999999999997 0.10266666718749999 0.24 0.10500000000000001 0.2415 0.1106666671875 0.24275000000000002
6 0.1423333328125 0.24575 0.154 0.2445 0.1546666671875 0.2355 0.152 0.23199999999999998 0.1543333328125 0.22825 0.1513333328125 0.22475 0.1503333328125 0.20875 0.1463333328125 0.20525000000000002 0.13533333281249998 0.20325000000000001 0.1306666671875 0.20325000000000001 0.129 0.20575000000000002 0.129 0.23875000000000002 0.13033333281249998 0.24325000000000002 0.132 0.24425 0.1423333328125 0.24575
6 0.178 0.24674999999999997 0.181 0.2445 0.1813333328125 0.23975 0.18 0.2205 0.17733333281250002 0.20925 0.174 0.20750000000000002 0.1626666671875 0.20575000000000002 0.1576666671875 0.207 0.157 0.2415 0.158 0.244 0.162 0.24625 0.178 0.24674999999999997
6 0.1973333328125 0.2455 0.205 0.2465 0.20833333281250002 0.244 0.207 0.22000000000000003 0.2053333328125 0.21150000000000002 0.20233333281250002 0.20825 0.1963333328125 0.20825 0.19 0.20675 0.1873333328125 0.20775000000000002 0.1863333328125 0.21025 0.1866666671875 0.244 0.1893333328125 0.2465 0.1933333328125 0.24674999999999997 0.1973333328125 0.2455
6 0.236 0.24775 0.2366666671875 0.244 0.233 0.21075 0.23199999999999998 0.20975000000000002 0.2240666671875 0.21000000000000002 0.2166666671875 0.209 0.21400000000000002 0.21175000000000002 0.2146666671875 0.24575 0.2166666671875 0.248 0.22000000000000003 0.24674999999999997 0.236 0.24775
6 0.2633333328125 0.2475 0.2646666671875 0.2445 0.2646666671875 0.23575 0.262 0.22999999999999998 0.2616666671875 0.21725 0.263 0.21275 0.259 0.21075 0.2513333328125 0.21075 0.246 0.20950000000000002 0.2436666671875 0.20950000000000002 0.24100000000000002 0.21200000000000002 0.2416666671875 0.24625 0.244 0.24825 0.2476666671875 0.24725000000000003 0.2633333328125 0.2475
6 0.29100000000000004 0.252 0.2926666671875 0.24900000000000003 0.292 0.2385 0.29300000000000004 0.23625 0.2903333328125 0.23224999999999998 0.2906666671875 0.21675 0.2893333328125 0.21325 0.28700000000000003 0.21125 0.2716666671875 0.21000000000000002 0.269 0.21225 0.2686666671875 0.24500000000000002 0.271 0.25 0.275 0.25175000000000003 0.29100000000000004 0.252
6 0.32 0.25175000000000003 0.3183333328125 0.2395 0.3193333328125 0.236 0.31766666718750003 0.233 0.318 0.21949999999999997 0.3156666671875 0.21349999999999997 0.31433333281250003 0.21200000000000002 0.3003333328125 0.21150000000000002 0.2976666671875 0.21275 0.29700000000000004 0.21575000000000003 0.29700000000000004 0.252 0.2986666671875 0.25375000000000003 0.318 0.253 0.32 0.25175000000000003
6 0.3426666671875 0.25475 0.3456666671875 0.25575000000000003 0.3476666671875 0.252 0.3466666671875 0.2495 0.3463333328125 0.22149999999999997 0.348 0.21675 0.3433333328125 0.21200000000000002 0.3393333328125 0.21150000000000002 0.32599999999999996 0.213 0.324 0.23625 0.32366666718750003 0.248 0.32599999999999996 0.25375000000000003 0.3293333328125 0.255 0.3426666671875 0.25475
6 0.3653333328125 0.256 0.373 0.25675 0.37466666718749997 0.256 0.37666666718749997 0.2405 0.37733333281250003 0.2205 0.37266666718749997 0.215 0.36466666718749996 0.21325 0.3573333328125 0.2145 0.354 0.21675 0.3523333328125 0.22174999999999997 0.352 0.23399999999999999 0.3516666671875 0.2495 0.3533333328125 0.2555 0.3566666671875 0.2565 0.3653333328125 0.256
6 0.5376666671875 0.264 0.5393333328125001 0.263 0.5413333328125 0.25625 0.5413333328125 0.2475 0.544 0.22875 0.5423333328125 0.22349999999999998 0.537 0.22000000000000003 0.5346666671875 0.22075 0.5296666671875 0.219 0.5253333328124999 0.21875 0.5206666671875 0.225 0.5196666671875 0.22825 0.52 0.24025 0.5166666671875 0.25775000000000003 0.5173333328124999 0.26349999999999996 0.5376666671875 0.264
6 0.5016666671875 0.26075 0.5096666671875 0.2615 0.5116666671875 0.2595 0.514 0.2285 0.513 0.2245 0.5113333328125 0.223 0.5056666671875 0.22125 0.49766666718749997 0.22200000000000003 0.49400000000000005 0.22425 0.49233333281249997 0.24100000000000002 0.49233333281249997 0.2565 0.49400000000000005 0.258 0.5003333328124999 0.2595 0.5016666671875 0.26075
6 0.4843333328125 0.25975000000000004 0.485 0.2395 0.484 0.2355 0.48600000000000004 0.23224999999999998 0.48666666718749996 0.2265 0.485 0.221 0.48166666718749995 0.2185 0.47000000000000003 0.21825 0.46666666718750005 0.21974999999999997 0.46399999999999997 0.22599999999999998 0.46266666718750005 0.25925 0.46566666718749994 0.2605 0.48266666718750006 0.2605 0.4843333328125 0.25975000000000004
6 0.4566666671875 0.25975000000000004 0.4573333328125 0.22749999999999998 0.457 0.22174999999999997 0.45533333281250005 0.21875 0.45133333281250004 0.21749999999999997 0.441 0.2185 0.437 0.22425 0.43666666718749997 0.22925 0.4363333328125 0.2595 0.43899999999999995 0.26075 0.45499999999999996 0.261 0.4566666671875 0.25975000000000004
6 0.591 0.264 0.5936666671874999 0.2595 0.5940000000000001 0.25125000000000003 0.5956666671875 0.248 0.595 0.23854175 0.597 0.2285 0.596 0.22599999999999998 0.5916666671875 0.22349999999999998 0.5796666671875 0.22174999999999997 0.5740000000000001 0.2285 0.5733333328125 0.24190625 0.5700000000000001 0.25925 0.5706666671875 0.26349999999999996 0.591 0.264
6 0.6143333328125 0.2645 0.6193333328125 0.26475 0.6216666671875 0.26175000000000004 0.6233333328125 0.2555 0.6246666671875001 0.22774999999999998 0.6226666671875 0.2245 0.6073333328125 0.223 0.6026666671875 0.22599999999999998 0.601 0.2285 0.6016666671875 0.2405 0.5986666671875 0.24725000000000003 0.5976666671875 0.26349999999999996 0.5996666671875001 0.2645 0.608 0.262 0.6143333328125 0.2645
6 0.626 0.26375000000000004 0.6306666671875 0.26525 0.6346666671875 0.26425 0.6423333328124999 0.26625 0.6463333328124999 0.266 0.6496666671875 0.26349999999999996 0.651 0.24275000000000002 0.654 0.22799999999999998 0.65 0.22475 0.641 0.22325 0.635 0.22349999999999998 0.6303333328125 0.22749999999999998 0.6293333328124999 0.23125 0.6293333328124999 0.24474999999999997 0.6266666671875 0.25175000000000003 0.6253333328124999 0.25975000000000004 0.626 0.26375000000000004
6 0.6736666671875 0.26725 0.6763333328125001 0.258 0.6783333328125 0.23325 0.6773333328125 0.2305 0.67 0.22574999999999998 0.6633333328125001 0.22525 0.661 0.2265 0.6563333328125001 0.255 0.6559999999999999 0.26349999999999996 0.6573333328125 0.2645 0.662 0.26725 0.6736666671875 0.26725
6 0.7283333328125 0.269 0.731 0.26749999999999996 0.7326666671875001 0.262 0.733 0.24175 0.7346666671875 0.23399999999999999 0.7346666671875 0.23199999999999998 0.7323333328125 0.22925 0.7273333328125 0.22875 0.722 0.2265 0.7166666671875 0.22749999999999998 0.7133333328125 0.246 0.7093333328125 0.25175000000000003 0.7106666671874999 0.256 0.7076666671875 0.26325 0.709 0.26675 0.7283333328125 0.269
6 0.7596666671875 0.26575000000000004 0.7626666671875 0.23450000000000001 0.7616666671875 0.23224999999999998 0.7556666671875 0.229 0.747 0.22749999999999998 0.744 0.22825 0.7423333328124999 0.23025 0.7393333328125 0.24825 0.7366666671875 0.25175000000000003 0.7353333328125 0.25975000000000004 0.7343333328125 0.26775000000000004 0.7363333328125 0.26875 0.756 0.26925 0.7596666671875 0.26575000000000004
6 0.787 0.26749999999999996 0.791 0.23675000000000002 0.7889999999999999 0.23349999999999999 0.776 0.229 0.7716666671875 0.23025 0.7703333328124999 0.2325 0.7683333328125 0.246 0.7643333328125 0.25175000000000003 0.7646666671875 0.25575000000000003 0.763 0.25975000000000004 0.762 0.26775000000000004 0.7636666671875 0.269 0.783 0.26975 0.787 0.26749999999999996
6 0.7986666671875 0.269 0.8143333328125 0.269 0.8166666671874999 0.24425 0.8160000000000001 0.23875000000000002 0.817 0.23625 0.8160000000000001 0.23475000000000001 0.8109999999999999 0.231 0.8019999999999999 0.22925 0.7986666671875 0.23224999999999998 0.7963333328125 0.24375 0.7956666671875 0.2535 0.7929999999999999 0.26349999999999996 0.794 0.26525 0.7986666671875 0.269
6 0.8380000000000001 0.26975 0.8416666671874999 0.26775000000000004 0.8423333328125 0.266 0.8460000000000001 0.236 0.8416666671874999 0.233 0.8293333328125 0.2305 0.827 0.23199999999999998 0.8246666671874999 0.24075000000000002 0.8223333328125 0.244 0.8236666671874999 0.25275 0.8216756671875001 0.26691750000000003 0.8333333328125001 0.27 0.8380000000000001 0.26975
6 0.8713333328124999 0.26749999999999996 0.8713333328124999 0.26075 0.8736666671875 0.252 0.8733333328124999 0.24575 0.875 0.2405 0.8746666671875 0.23625 0.8726666671875 0.23399999999999999 0.8603333328125 0.23174999999999998 0.8553333328124999 0.23450000000000001 0.85 0.24375 0.8496666671875 0.25 0.8453333328125 0.263 0.8456666671875 0.27149999999999996 0.865 0.27149999999999996 0.8696666671875001 0.26949999999999996 0.8713333328124999 0.26749999999999996
6 0.8803333328124999 0.26949999999999996 0.8923333328125 0.2705 0.8956666671875 0.26925 0.897 0.26775000000000004 0.8976666671875 0.25725 0.9023333328125 0.24025 0.9019999999999999 0.236 0.897 0.23349999999999999 0.8886666671875 0.23199999999999998 0.884 0.2325 0.8813333328124999 0.23575 0.8796666671875 0.24825 0.8776666671875001 0.25125000000000003 0.8786666671875001 0.25975000000000004 0.8773333328125 0.264 0.8743333328125 0.26749999999999996 0.8803333328124999 0.26949999999999996
6 0.8993333328125 0.26749999999999996 0.9 0.269 0.9076666671875 0.271 0.9223333328125 0.27125 0.925 0.26775000000000004 0.9269999999999999 0.24725000000000003 0.93 0.23625 0.924 0.23224999999999998 0.9156666671875 0.233 0.909 0.23500000000000001 0.906 0.24 0.9056666671875 0.25275 0.9033333328125 0.2585 0.9033333328125 0.2624375 0.8993333328125 0.26749999999999996
6 0.93 0.267 0.9306666671875 0.27125 0.9349999999999999 0.27349999999999997 0.943 0.27475 0.9496666671874999 0.274 0.952 0.27025 0.9533333328125 0.25125000000000003 0.9550000000000001 0.24825 0.9560000000000001 0.23825 0.9513333328125 0.23475000000000001 0.9393333328125 0.23424999999999999 0.9356666671875 0.236 0.9333333328125001 0.24 0.9316666671875 0.2395 0.931 0.2405 0.93 0.2475 0.932 0.2515 0.9326666671874999 0.26075 0.93 0.267
6 0.9550000000000001 0.27125 0.9666666671874999 0.2745 0.9746666671875 0.27475 0.9783333328125 0.27175 0.9793333328125 0.26775000000000004 0.9786666671875001 0.26325 0.9810000000000001 0.25175000000000003 0.9806666671875 0.24775 0.9833333328125 0.24075000000000002 0.9823333328125001 0.23700000000000002 0.9663333328125001 0.23475000000000001 0.962 0.23775 0.9593333328125 0.24375 0.958 0.26075 0.9566666671874999 0.2645 0.9536666671875 0.26725 0.9550000000000001 0.27125
6 0.9813333328124999 0.26725 0.9823333328125001 0.27275 0.9873333328125 0.27275 0.9946666671875001 0.2745 0.9996666671875 0.27325 0.9996666671875 0.23374999999999999 0.9936666671875001 0.23424999999999999 0.9893333328124999 0.23675000000000002 0.9853333328125 0.24700000000000003 0.9876666671875001 0.25175000000000003 0.9873333328125 0.25575000000000003 0.9853333328125 0.26375000000000004 0.9813333328124999 0.26725
6 0.9443333328125 0 0.943 0.01475 0.9383333328125 0.017249999999999998 0.9386666671875 0.021249999999999998 0.942 0.02425 0.9413333328125001 0.03725 0.9446666671875 0.03875 0.9523333328125 0.03925 0.9586666671874999 0.03775 0.9616666671875 0.033 0.9666666671874999 0.012750000000000001 0.9683333328125 0 0.9443333328125 0
6 0.9196666671875 0 0.9176666671874999 0.02175 0.914 0.033 0.9143333328125 0.037 0.9156666671875 0.038 0.9233333328125 0.03925 0.931 0.039 0.9336666671874999 0.037 0.9346666671875001 0.03425 0.9353333328125 0.0235 0.9380000000000001 0.013500000000000002 0.9380000000000001 0 0.9196666671875 0
6 0.8886666671875 0 0.8876666671875 0.006500000000000001 0.8846666671875001 0.013000000000000001 0.883 0.03625 0.884 0.0385 0.8876666671875 0.04 0.9 0.041999999999999996 0.9039999999999999 0.040749999999999995 0.9063333328125 0.03575 0.9099999999999999 0 0.8886666671875 0
6 0.708 0 0.7043333328125 0.02375 0.7026666671874999 0.028000000000000004 0.7030000000000001 0.03225 0.7046666671875 0.034749999999999996 0.712 0.0325 0.7173333328125 0.033 0.7243333328125 0.0315 0.7256666671875001 0.026250000000000002 0.726 0.01175 0.7276666671875 0.00625 0.727 0 0.708 0
6 0.682 0 0.682 0.0017500000000000003 0.6783333328125 0.003 0.6743333328125 0.02425 0.674 0.0295 0.6773333328125 0.033 0.6883333328125001 0.0325 0.6933333328125 0.03375 0.6956666671875 0.027500000000000004 0.6956666671875 0 0.682 0
6 0.6496666671875 0 0.6456666671875 0.012750000000000001 0.6443333328125 0.025500000000000002 0.646 0.0295 0.6533333328125 0.028499999999999998 0.662 0.028999999999999998 0.6643333328125001 0.027000000000000003 0.6656666671875 0.02275 0.666 0.013000000000000001 0.6639999999999999 0 0.6496666671875 0
6 0.5276666671875 0 0.5276666671875 0.0025 0.5253333328124999 0.0052499999999999995 0.5243333328124999 0.013000000000000001 0.5236666671875 0.02225 0.5253333328124999 0.025750000000000002 0.5333333328125 0.027500000000000004 0.5446666671875 0.027250000000000003 0.5473333328125001 0.022 0.549 0 0.5276666671875 0
6 0.4956666671875 0 0.49466666718749996 0.0055 0.495 0.01125 0.493 0.020749999999999998 0.49400000000000005 0.02475 0.5136666671875 0.02525 0.5156666671875 0.02225 0.5146666671875 0 0.4956666671875 0
6 0.46566666718749994 0 0.4643333328125 0.007000000000000001 0.46399999999999997 0.0235 0.4663333328125 0.02475 0.4796666671875 0.02425 0.4823333328125 0.025 0.484 0.02425 0.48600000000000004 0.0215 0.4863333328125 0.00575 0.485 0 0.46566666718749994 0
6 0.4373333328125 0 0.43433333281250003 0.0072499999999999995 0.434 0.018 0.437 0.0225 0.44400000000000006 0.022 0.45099999999999996 0.02325 0.45499999999999996 0.0215 0.45499999999999996 0.008749999999999999 0.45199999999999996 0 0.4373333328125 0
6 0.40800000000000003 0 0.404 0.012 0.40366666718750005 0.017499999999999998 0.4066666671875 0.020749999999999998 0.41733333281249996 0.0215 0.42366666718749996 0.0195 0.42400000000000004 0.008 0.41966666718749995 0.002 0.4146666671875 0.002 0.4143333328125 0 0.40800000000000003 0