0 0.6376733328124999 0.42341075000000006 0.6450683328125 0.423304 0.6436463328124999 0.45627700000000004 0.6383843328125 0.4542495 0.638242 0.46332000000000007 0.6326956671875 0.46107899999999996 0.6331223328125 0.47196325000000006 0.665547 0.47228349999999997 0.665547 0.461826 0.6716623328125 0.461826 0.6705243328125 0.45585025 0.678204 0.45574349999999997 0.6790573328125 0.42266375 0.6720889999999999 0.42234350000000004 0.6713776671875 0.41732825 0.666827 0.41583424999999996 0.6671113328125 0.40687075000000006 0.634118 0.406764 0.6331223328125 0.41658125 0.6381 0.4149805 0.6376733328124999 0.42341075000000006
0 0.6719466671875 0.422877 0.678204 0.4230905 0.6786306671875 0.45521 0.6712356671874999 0.45606375000000005 0.6718043328125 0.46193275 0.6656893328125 0.46203950000000005 0.6661159999999999 0.47239025 0.6991093328125 0.47142975 0.698114 0.46203950000000005 0.7046556671875 0.46161250000000004 0.7039446671875 0.45521 0.7130463328125 0.45510324999999996 0.7133306671875 0.42245024999999997 0.7055089999999999 0.42138325 0.704798 0.415941 0.6996783328125 0.4154075 0.6999626671875 0.4069775 0.6674813328125 0.40673475000000003 0.6665426671875 0.41519399999999995 0.67152 0.41679475000000005 0.6719466671875 0.422877
0 0.705651 0.42116974999999995 0.7130463328125 0.42277050000000005 0.7126196671875 0.4549965 0.704798 0.4549965 0.7045133328125 0.46161250000000004 0.6983983328125001 0.462146 0.698967 0.47110975 0.7311073328125001 0.4715365 0.7313916671875 0.46246625 0.737649 0.46246625 0.7373646671875 0.45510324999999996 0.7460396671875 0.45510324999999996 0.746182 0.42213025000000004 0.7380756671875 0.42149000000000003 0.7377913328125 0.41636775000000004 0.732245 0.41583424999999996 0.7323873328125 0.4072975 0.700018 0.40700149999999996 0.7003893328124999 0.41551425000000003 0.7050823328125 0.4157275 0.705651 0.42116974999999995
6 0.1953333328125 0.3505 0.1956666671875 0.33375 0.1926666671875 0.33199999999999996 0.186 0.33075 0.1826666671875 0.333 0.1826666671875 0.35125 0.185 0.35350000000000004 0.1933333328125 0.354 0.1953333328125 0.3505
6 0.213 0.35350000000000004 0.2133333328125 0.3505 0.2126666671875 0.33199999999999996 0.21000000000000002 0.3305 0.20099999999999998 0.32975 0.19866666718749998 0.33525 0.1993333328125 0.3525 0.2026666671875 0.35475 0.2106666671875 0.355 0.213 0.35350000000000004
6 0.2306666671875 0.33525 0.22833333281249998 0.32775 0.22200000000000003 0.32825000000000004 0.2173333328125 0.33175 0.21600000000000003 0.33625 0.2166666671875 0.35475 0.22833333281249998 0.35550000000000004 0.2306666671875 0.348 0.2306666671875 0.33525
6 0.2476666671875 0.35350000000000004 0.248 0.33275 0.236 0.3305 0.2346666671875 0.3335 0.2346666671875 0.35350000000000004 0.236 0.35550000000000004 0.2443333328125 0.35575 0.2476666671875 0.35350000000000004
6 0.2656666671875 0.35350000000000004 0.266 0.35025 0.2656666671875 0.33225 0.263 0.3285 0.2556666671875 0.32999999999999996 0.2526666671875 0.33275 0.252 0.35375 0.2553333328125 0.35575 0.2633333328125 0.35525 0.2656666671875 0.35350000000000004
6 0.2803333328125 0.33399999999999996 0.275 0.33399999999999996 0.2716666671875 0.33625 0.2713333328125 0.34950000000000003 0.28300000000000003 0.35375 0.2836666671875 0.33575 0.2803333328125 0.33399999999999996
6 0.30133333281249997 0.35375 0.30133333281249997 0.33775 0.2986666671875 0.33525 0.2916666671875 0.33425 0.28900000000000003 0.33475 0.2876666671875 0.3365 0.2876666671875 0.35525 0.2893333328125 0.3565 0.2986666671875 0.35775 0.30133333281249997 0.35375
6 0.318 0.35750000000000004 0.3193333328125 0.34775 0.3183333328125 0.33625 0.31433333281250003 0.3345 0.3066666671875 0.3345 0.30533333281249997 0.34199999999999997 0.305 0.35350000000000004 0.3063333328125 0.357 0.313 0.358 0.318 0.35750000000000004
6 0.5333333328125 0.36225 0.5353333328125001 0.36075 0.536 0.35775 0.5349999999999999 0.3415 0.5323333328125 0.33925 0.5253333328124999 0.339 0.5236666671875 0.33999999999999997 0.5226666671875 0.3415 0.5236666671875 0.36 0.5253333328124999 0.36225 0.5333333328125 0.36225
6 0.521 0.35724999999999996 0.52 0.34075 0.5176666671875 0.33825 0.5093333328125 0.33799999999999997 0.5073333328125 0.34025 0.5076666671875001 0.35924999999999996 0.5096666671875 0.362 0.5176666671875 0.36175 0.521 0.35724999999999996
6 0.5043333328124999 0.358 0.5033333328125 0.34049999999999997 0.5016666671875 0.33849999999999997 0.49366666718749996 0.33975 0.49133333281249997 0.34175 0.49133333281249997 0.35750000000000004 0.49400000000000005 0.36075 0.502 0.361 0.5043333328124999 0.358
6 0.4886666671875 0.356 0.48733333281249996 0.3415 0.485 0.3395 0.48166666718749995 0.33875 0.47766666718749995 0.33875 0.475 0.34075 0.4756666671875 0.3585 0.4783333328125 0.361 0.4863333328125 0.36124999999999996 0.4886666671875 0.356
6 0.4716666671875 0.35875 0.47066666718750005 0.34025 0.46733333281249995 0.339 0.4623333328125 0.339 0.45899999999999996 0.34325 0.45933333281250005 0.35875 0.4623333328125 0.361 0.4703333328125 0.361 0.4716666671875 0.35875
6 0.4563333328125 0.358 0.45499999999999996 0.34249999999999997 0.45099999999999996 0.3415 0.4463333328125 0.34275 0.4443333328125 0.34475 0.4446666671875 0.359 0.44699999999999995 0.36075 0.45499999999999996 0.36124999999999996 0.4563333328125 0.358
6 0.438 0.35950000000000004 0.43966666718749997 0.35625 0.438 0.343 0.43533333281250003 0.34125 0.42933333281249997 0.34199999999999997 0.4273333328125 0.343 0.426 0.34675 0.4256666671875 0.35350000000000004 0.4273333328125 0.35975 0.43200000000000005 0.3605 0.438 0.35950000000000004
6 0.4226666671875 0.35750000000000004 0.4223333328125 0.34199999999999997 0.41966666718749995 0.33925 0.41200000000000003 0.3375 0.41 0.34225 0.4103333328125 0.35775 0.41333333281250006 0.35975 0.42000000000000004 0.35924999999999996 0.4226666671875 0.35750000000000004
6 0.403 0.35924999999999996 0.40499999999999997 0.35750000000000004 0.40533333281250006 0.3525 0.40433333281249995 0.33799999999999997 0.3956666671875 0.3365 0.3926666671875 0.33799999999999997 0.392 0.34049999999999997 0.3916666671875 0.35750000000000004 0.393 0.359 0.3963333328125 0.35975 0.403 0.35924999999999996
6 0.3883333328125 0.35625 0.38733333281250004 0.3375 0.3846666671875 0.3355 0.37666666718749997 0.3355 0.375 0.33725 0.37466666718749997 0.34075 0.3756666671875 0.357 0.37733333281250003 0.35875 0.3846666671875 0.35950000000000004 0.3883333328125 0.35625
6 0.3713333328125 0.35375 0.37033333281249997 0.33725 0.369 0.33575 0.3613333328125 0.335 0.358 0.337 0.3583333328125 0.35675 0.36066666718749996 0.3585 0.369 0.359 0.3713333328125 0.35375
6 0.355 0.35525 0.354 0.33575 0.3533333328125 0.33475 0.3443333328125 0.33475 0.3413333328125 0.33625 0.3416666671875 0.35775 0.3456666671875 0.35924999999999996 0.3533333328125 0.359 0.355 0.35525
6 0.33399999999999996 0.358 0.337 0.3545 0.3366666671875 0.33725 0.3343333328125 0.3355 0.3266666671875 0.33425 0.3233333328125 0.33625 0.32366666718750003 0.356 0.32599999999999996 0.35825 0.3286666671875 0.35724999999999996 0.33399999999999996 0.358
6 0.16899999999999998 0.43475 0.1663333328125 0.4215 0.158 0.41775 0.156 0.41974999999999996 0.1553333328125 0.4375 0.159 0.44025 0.16833333281250001 0.43949999999999995 0.16899999999999998 0.43475
6 0.1886666671875 0.43899999999999995 0.1856666671875 0.41600000000000004 0.182 0.41875 0.1776666671875 0.41600000000000004 0.174 0.42275 0.17433333281250002 0.43925000000000003 0.177 0.44075 0.1876666671875 0.44000000000000006 0.1886666671875 0.43899999999999995
6 0.20866666718750002 0.43224999999999997 0.207 0.42000000000000004 0.20099999999999998 0.4145 0.1933333328125 0.41600000000000004 0.1923333328125 0.41974999999999996 0.193 0.4405 0.20633333281250002 0.44000000000000006 0.20800000000000002 0.4385 0.20866666718750002 0.43224999999999997
6 0.225 0.42441674999999995 0.2266666671875 0.41974999999999996 0.22433333281249998 0.41725 0.2166666671875 0.41500000000000004 0.21033333281250002 0.42000000000000004 0.21000000000000002 0.43949999999999995 0.2126666671875 0.44075 0.225 0.43975 0.225 0.42441674999999995
6 0.2483333328125 0.42374999999999996 0.24466666718750002 0.42175 0.23900000000000002 0.42175 0.236 0.42300000000000004 0.236 0.44325000000000003 0.24 0.44425 0.2476666671875 0.44375 0.2483333328125 0.42374999999999996
6 0.2686666671875 0.42350000000000004 0.2636666671875 0.41925 0.256 0.42024999999999996 0.2536666671875 0.42325 0.254 0.44349999999999995 0.2556666671875 0.44525 0.2673333328125 0.4455 0.2686666671875 0.42350000000000004
6 0.337 0.44349999999999995 0.3366666671875 0.42350000000000004 0.3343333328125 0.42175 0.331 0.42125 0.32566666718750004 0.42175 0.3233333328125 0.42350000000000004 0.32366666718750003 0.44400000000000006 0.32566666718750004 0.44575 0.3343333328125 0.44525 0.337 0.44349999999999995
6 0.3556666671875 0.4295 0.3536666671875 0.422 0.3486666671875 0.42024999999999996 0.3426666671875 0.4215 0.3406666671875 0.42325 0.3416666671875 0.4465 0.3533333328125 0.4455 0.3546666671875 0.44349999999999995 0.3556666671875 0.4295
6 0.373 0.42774999999999996 0.3723333328125 0.42300000000000004 0.36866666718749996 0.41925 0.3653333328125 0.418 0.3596666671875 0.41825 0.355 0.42074999999999996 0.357 0.44400000000000006 0.3596666671875 0.4455 0.369 0.44525 0.373 0.42774999999999996
6 0.1436666671875 0.56075 0.1453333328125 0.541 0.13433333281249998 0.53575 0.1306666671875 0.53925 0.13 0.5425 0.13 0.562 0.1336666671875 0.5635 0.1413333328125 0.5627500000000001 0.1436666671875 0.56075
6 0.1613333328125 0.5605 0.1626666671875 0.5405 0.158 0.538 0.1536666671875 0.53825 0.1503333328125 0.537 0.1473333328125 0.54375 0.1476666671875 0.56125 0.1503333328125 0.56325 0.158 0.56325 0.1613333328125 0.5605
6 0.1783333328125 0.5605 0.1783333328125 0.5405 0.174 0.5385 0.1696666671875 0.53825 0.1656666671875 0.54025 0.16499999999999998 0.5425 0.16499999999999998 0.56075 0.1696666671875 0.563 0.17466666718749999 0.5627500000000001 0.1783333328125 0.5605
6 0.197 0.5605 0.1973333328125 0.54 0.194 0.53825 0.185 0.53825 0.1826666671875 0.5415 0.1823333328125 0.56075 0.185 0.5625 0.1936666671875 0.5622499999999999 0.197 0.5605
6 0.2146666671875 0.5605 0.2156666671875 0.5525 0.21433333281250003 0.5389999999999999 0.2126666671875 0.537 0.20166666718749998 0.53925 0.20033333281250001 0.54075 0.2006666671875 0.56075 0.20433333281250002 0.5625 0.2126666671875 0.56175 0.2146666671875 0.5605
6 0.22999999999999998 0.5575 0.2306666671875 0.54075 0.2296666671875 0.5387500000000001 0.22833333281249998 0.53675 0.22433333281249998 0.53675 0.21633333281249997 0.53925 0.2173333328125 0.56025 0.22033333281249998 0.56125 0.22833333281249998 0.561 0.22999999999999998 0.5575
6 0.246 0.5589999999999999 0.2463333328125 0.53975 0.244 0.5385 0.23533333281250002 0.54 0.23533333281250002 0.56025 0.2366666671875 0.5615 0.244 0.562 0.246 0.5589999999999999
6 0.2606666671875 0.5565 0.26 0.54075 0.25233333281250003 0.5387500000000001 0.248 0.5389999999999999 0.24700000000000003 0.54075 0.24666666718750002 0.5605 0.2476666671875 0.56175 0.2593333328125 0.5605 0.2606666671875 0.5565
6 0.3286666671875 0.5582499999999999 0.3286666671875 0.55175 0.3266666671875 0.53975 0.32566666718750004 0.5385 0.319 0.5375 0.316 0.53975 0.316 0.5587500000000001 0.318 0.56025 0.327 0.55975 0.3286666671875 0.5582499999999999
6 0.3453333328125 0.5595 0.3473333328125 0.55675 0.3483333328125 0.53675 0.3446666671875 0.5337500000000001 0.33366666718750004 0.53225 0.3293333328125 0.537 0.329 0.545 0.33166666718750004 0.55925 0.33366666718750004 0.5605 0.3453333328125 0.5595
6 0.4103333328125 0.5589999999999999 0.41200000000000003 0.5575 0.4126666671875 0.537 0.4113333328125 0.536 0.40133333281250005 0.53575 0.3983333328125 0.537 0.3973333328125 0.5495 0.3983333328125 0.55725 0.40033333281249994 0.5589999999999999 0.4103333328125 0.5589999999999999
6 0.429 0.55525 0.43 0.537 0.42766666718749996 0.5349999999999999 0.41966666718749995 0.53425 0.414 0.537 0.414 0.55725 0.41566666718749995 0.5589999999999999 0.4273333328125 0.5587500000000001 0.429 0.55525
6 0.445 0.5565 0.44566666718750003 0.537 0.44333333281250004 0.5349999999999999 0.43533333281250003 0.53425 0.4306666671875 0.537 0.4303333328125 0.5565 0.4326666671875 0.5582499999999999 0.44333333281250004 0.5585 0.445 0.5565
6 0.4606666671875 0.5565 0.4606666671875 0.53675 0.45899999999999996 0.5349999999999999 0.45099999999999996 0.5347500000000001 0.4476666671875 0.53625 0.4476666671875 0.5565 0.45066666718750004 0.5582499999999999 0.45899999999999996 0.5585 0.4606666671875 0.5565
6 0.47466666718750006 0.558 0.476 0.5565 0.4766666671875 0.537 0.4743333328125 0.534 0.46566666718749994 0.53525 0.46333333281250005 0.537 0.4636666671875 0.55675 0.46666666718750005 0.5585 0.47466666718750006 0.558
6 0.5403333328125 0.55625 0.541 0.55325 0.541 0.53675 0.5376666671875 0.5337500000000001 0.5296666671875 0.5325 0.5276666671875 0.53275 0.526 0.53525 0.5266666671875 0.5547500000000001 0.5296666671875 0.55725 0.5386666671875 0.557 0.5403333328125 0.55625
6 0.5566666671875 0.5525 0.5563333328125 0.53675 0.5519999999999999 0.5337500000000001 0.5446666671875 0.534 0.5423333328125 0.53625 0.5429999999999999 0.5559999999999999 0.5446666671875 0.557 0.5549999999999999 0.55675 0.5566666671875 0.5525
6 0.5716666671875 0.55325 0.571 0.53675 0.5686666671875 0.5345 0.5653333328125 0.534 0.5606666671875 0.5345 0.5596666671875 0.53625 0.5593333328125001 0.55625 0.5603333328125 0.557 0.5703333328125 0.5565 0.5716666671875 0.55325
6 0.6623333328125 0.5559999999999999 0.665 0.55275 0.665 0.537 0.663 0.53325 0.6543333328125 0.532 0.6496666671875 0.533 0.646 0.54025 0.6456666671875 0.54525 0.6476666671875 0.5535 0.651 0.55575 0.6623333328125 0.5559999999999999
6 0.6793333328125 0.5525 0.678 0.533 0.6743333328125 0.53175 0.666 0.533 0.666 0.553 0.6693333328125 0.5547500000000001 0.6776666671875 0.5547500000000001 0.6793333328125 0.5525
6 0.6903333328125 0.5545 0.6933333328125 0.553 0.692 0.5337500000000001 0.6896666671875 0.53175 0.6816666671875 0.53225 0.6806666671875 0.533 0.6809999999999999 0.55275 0.6849999999999999 0.5545 0.6903333328125 0.5545
6 0.7556666671875 0.55375 0.7563333328125 0.54875 0.755 0.53325 0.7463333328124999 0.53075 0.741 0.532 0.7396666671875 0.5347500000000001 0.7403333328125 0.5525 0.745 0.5549999999999999 0.754 0.5547500000000001 0.7556666671875 0.55375
6 0.737 0.55525 0.7393333328125 0.55275 0.7383333328125 0.5325 0.7363333328125 0.5309999999999999 0.7263333328125 0.53075 0.7193333328125 0.53325 0.7190000000000001 0.54225 0.721 0.55275 0.7246666671875001 0.5555 0.737 0.55525
6 0.7443333328125 0.6559999999999999 0.743 0.6465 0.739 0.64225 0.7316666671875 0.64225 0.7293333328125 0.64375 0.7313333328125 0.66575 0.7323333328125 0.6665 0.7433333328125 0.666 0.7443333328125 0.6559999999999999
6 0.728 0.64525 0.7246666671875001 0.64275 0.7166666671875 0.6425 0.7156666671874999 0.6455 0.7176666671875 0.66575 0.7206666671875 0.6667500000000001 0.728 0.66625 0.728 0.64525
6 0.7143333328125 0.6639999999999999 0.7136666671875 0.64525 0.71 0.643 0.7043333328125 0.6425 0.702 0.6435 0.7006666671875 0.6475 0.702 0.66575 0.7070000000000001 0.667 0.7126666671875 0.6665 0.7143333328125 0.6639999999999999
6 0.6986666671874999 0.6655 0.6990000000000001 0.66325 0.6980000000000001 0.6447499999999999 0.6943333328125 0.64275 0.6883333328125001 0.64325 0.6863333328125 0.6447499999999999 0.6876666671875 0.66575 0.6903333328125 0.667 0.6966666671875 0.667 0.6986666671874999 0.6655
6 0.6839999999999999 0.66575 0.6843333328125001 0.6537499999999999 0.683 0.6465 0.6783333328125 0.64325 0.6726666671875 0.64325 0.6706666671875 0.6445000000000001 0.6723333328125001 0.666 0.6759999999999999 0.6677500000000001 0.6816666671875 0.6679999999999999 0.6839999999999999 0.66575
6 0.669 0.6675 0.67 0.66425 0.6703333328125 0.6527499999999999 0.669 0.64625 0.665 0.643 0.6576666671875 0.6425 0.655 0.644 0.6556666671875 0.6665 0.658 0.6685 0.667 0.66875 0.669 0.6675
6 0.6516666671875 0.669 0.6536666671875 0.6675 0.654 0.66475 0.6543333328125 0.65025 0.653 0.6465 0.6503333328124999 0.644 0.6476666671875 0.6435 0.6423333328124999 0.6435 0.6393333328125 0.6455 0.6406666671875 0.6515 0.6403333328125 0.6667500000000001 0.6423333328124999 0.66875 0.6516666671875 0.669
6 0.6383333328125 0.667 0.6393333328125 0.65475 0.638 0.6475 0.6346666671875 0.6445000000000001 0.6266666671875 0.64375 0.6243333328125 0.64525 0.6256666671875 0.6675 0.6286666671875001 0.669 0.6363333328125 0.669 0.6383333328125 0.667
6 0.6243333328125 0.655 0.623 0.6475 0.6186666671875 0.64425 0.611 0.644 0.6093333328125 0.6457499999999999 0.609 0.66625 0.6103333328125 0.66975 0.6226666671875 0.66975 0.6243333328125 0.655
6 0.608 0.6465 0.6016666671875 0.64425 0.5956666671875 0.644 0.5940000000000001 0.6455 0.5946666671874999 0.6695 0.6076666671875001 0.66975 0.609 0.6545 0.608 0.6465
6 0.588 0.67075 0.5926666671875 0.66975 0.592 0.64625 0.5883333328125 0.6447499999999999 0.5796666671875 0.6445000000000001 0.576 0.6457499999999999 0.575 0.6475 0.5740000000000001 0.6625 0.576 0.6675 0.58 0.67025 0.588 0.67075
6 0.562 0.66975 0.5623333328125 0.654 0.561 0.6475 0.557 0.64525 0.5483333328125 0.6465 0.548 0.66975 0.5519999999999999 0.6717500000000001 0.5596666671875 0.671 0.562 0.66975
6 0.5463333328125 0.67 0.5466666671875 0.653 0.5453333328125 0.64675 0.5366666671875 0.64525 0.5333333328125 0.64675 0.5323333328125 0.65 0.532 0.67 0.5366666671875 0.6719999999999999 0.544 0.67125 0.5463333328125 0.67
6 0.5306666671875 0.66975 0.5309999999999999 0.6535 0.5296666671875 0.64825 0.5266666671875 0.64625 0.5206666671875 0.64625 0.5176666671875 0.64675 0.5163333328124999 0.6495 0.5163333328124999 0.67075 0.5186666671875 0.67225 0.5269999999999999 0.6719999999999999 0.5306666671875 0.66975
6 0.5143333328125 0.67 0.514 0.64825 0.5103333328125 0.64625 0.5036666671875001 0.64625 0.5013333328125 0.6465 0.499 0.6487499999999999 0.5003333328124999 0.67025 0.503 0.67275 0.5106666671875 0.6725 0.5143333328125 0.67
6 0.1653333328125 0.68225 0.16699999999999998 0.679 0.16699999999999998 0.662 0.1656666671875 0.65925 0.1543333328125 0.6565000000000001 0.1516666671875 0.66525 0.1513333328125 0.67825 0.1526666671875 0.6825 0.1553333328125 0.6837500000000001 0.1653333328125 0.68225
6 0.184 0.675 0.1833333328125 0.658 0.1816666671875 0.6559999999999999 0.1766666671875 0.6565000000000001 0.16999999999999998 0.658 0.1686666671875 0.6605000000000001 0.16899999999999998 0.6815 0.1706666671875 0.68225 0.1816666671875 0.6815 0.184 0.675
6 0.20033333281250001 0.67775 0.2 0.6595 0.1966666671875 0.65725 0.1893333328125 0.6565000000000001 0.1866666671875 0.65825 0.1856666671875 0.66075 0.1863333328125 0.6809999999999999 0.1883333328125 0.682 0.197 0.6815 0.20033333281250001 0.67775
6 0.21800000000000003 0.67775 0.2166666671875 0.6565000000000001 0.205 0.65575 0.20299999999999999 0.65825 0.2033333328125 0.6805 0.2046666671875 0.68175 0.2153333328125 0.68125 0.21800000000000003 0.67775
6 0.2343333328125 0.678 0.2343333328125 0.66125 0.233 0.6575 0.23199999999999998 0.65675 0.2286666671875 0.65775 0.22433333281249998 0.65575 0.22033333281249998 0.6595 0.22033333281249998 0.6799999999999999 0.2233333328125 0.6815 0.2316666671875 0.68075 0.2343333328125 0.678
6 0.2506666671875 0.67775 0.2506666671875 0.6615 0.24933333281249997 0.65725 0.248 0.6559999999999999 0.24 0.65575 0.23733333281250002 0.6585 0.23733333281250002 0.67875 0.2396666671875 0.6805 0.248 0.6799999999999999 0.2506666671875 0.67775
6 0.268 0.678 0.2683333328125 0.65425 0.263 0.6537499999999999 0.2556666671875 0.6555 0.254 0.66425 0.25466666718750003 0.6795 0.256 0.6805 0.2666666671875 0.6795 0.268 0.678
6 0.2856666671875 0.67775 0.28700000000000003 0.654 0.2833333328125 0.6519999999999999 0.2753333328125 0.6527499999999999 0.2716666671875 0.65775 0.2713333328125 0.6775 0.2746666671875 0.68025 0.2833333328125 0.6795 0.2856666671875 0.67775
6 0.3026666671875 0.67775 0.304 0.65425 0.2986666671875 0.65075 0.292 0.6515 0.2883333328125 0.6575 0.2876666671875 0.6775 0.29100000000000004 0.6797500000000001 0.29933333281249996 0.67925 0.3026666671875 0.67775
6 0.32 0.6537499999999999 0.318 0.65125 0.31 0.651 0.3063333328125 0.65225 0.30533333281249997 0.65575 0.30533333281249997 0.67775 0.3066666671875 0.6785 0.31766666718750003 0.678 0.32 0.6537499999999999
6 0.33399999999999996 0.65125 0.3253333328125 0.65125 0.322 0.6527499999999999 0.32166666718750003 0.6775 0.33399999999999996 0.67775 0.3366666671875 0.654 0.33399999999999996 0.65125
6 0.352 0.674 0.353 0.65325 0.3493333328125 0.6497499999999999 0.3413333328125 0.65 0.3376666671875 0.6525000000000001 0.3383333328125 0.67625 0.3416666671875 0.67775 0.3496666671875 0.6775 0.352 0.674
6 0.369 0.67425 0.3696666671875 0.65075 0.3653333328125 0.6485000000000001 0.361 0.649 0.3566666671875 0.651 0.3546666671875 0.65525 0.3546666671875 0.67525 0.3573333328125 0.6769999999999999 0.36633333281249997 0.6765 0.369 0.67425
6 0.3863333328125 0.674 0.3866666671875 0.65075 0.3806666671875 0.64725 0.37666666718749997 0.64775 0.37266666718749997 0.6495 0.371 0.65525 0.37033333281249997 0.67475 0.37266666718749997 0.6769999999999999 0.384 0.6765 0.3863333328125 0.674
6 0.43099999999999994 0.67525 0.434 0.67375 0.4346666671875 0.67125 0.4346666671875 0.65075 0.43166666718749996 0.6475 0.42833333281249997 0.64675 0.42366666718749996 0.6465 0.4206666671875 0.6487499999999999 0.41966666718749995 0.65025 0.42033333281249996 0.674 0.4233333328125 0.6757500000000001 0.43099999999999994 0.67525
6 0.44733333281250004 0.67425 0.4503333328125 0.6715 0.45099999999999996 0.6497499999999999 0.44699999999999995 0.64525 0.43933333281250003 0.646 0.437 0.64825 0.43600000000000005 0.6497499999999999 0.43666666718749997 0.6735 0.43899999999999995 0.67475 0.44733333281250004 0.67425
6 0.466 0.67125 0.46699999999999997 0.655 0.466 0.6487499999999999 0.46299999999999997 0.646 0.45499999999999996 0.6457499999999999 0.4523333328125 0.64925 0.453 0.67225 0.45499999999999996 0.674 0.46266666718750005 0.674 0.466 0.67125
6 0.4823333328125 0.671 0.4823333328125 0.6475 0.479 0.6457499999999999 0.47366666718749995 0.6455 0.47066666718750005 0.64625 0.46900000000000003 0.649 0.46966666718749994 0.6719999999999999 0.4726666671875 0.67375 0.4806666671875 0.67325 0.4823333328125 0.671
7 0.21194066718750001 0.0005285 0.125026 0.0007340000000000001 0.1244776671875 0.0363195 0.21194066718750001 0.040022 0.21194066718750001 0.0005285
7 0.2974846671875 0.00443675 0.2130376671875 0.0005285 0.21276333281249998 0.04125625 0.2972106671875 0.04763275 0.2974846671875 0.00443675
7 0.38186366718750003 0.01019725 0.2967993328125 0.0036499999999999996 0.2976903328125 0.05894724999999999 0.3804926671875 0.063884 0.38186366718750003 0.01019725
7 0.4643916671875 0.01595675 0.3811096671875 0.010076 0.37967 0.0649125 0.4630206671875 0.069232 0.4643916671875 0.01595675
7 0.543081 0.020893500000000002 0.4643916671875 0.015473999999999998 0.4638433328125 0.06861500000000001 0.542807 0.07252325 0.543081 0.020893500000000002
7 0.6228673328125 0.024390500000000002 0.5439036671874999 0.01984375 0.5452746671875001 0.0595645 0.620948 0.06511825 0.6228673328125 0.024390500000000002
7 0.2225653328125 0.1639555 0.1340053328125 0.15941825 0.1361986671875 0.20221475 0.22366199999999997 0.2050945 0.2225653328125 0.1639555
7 0.3090003328125 0.167708 0.2241416671875 0.164045 0.22482733281249997 0.21645799999999998 0.3103713328125 0.21974925 0.3090003328125 0.167708
7 0.3934476671875 0.17161625 0.309823 0.16764375 0.3106453328125 0.22077775000000002 0.392351 0.22468575 0.3934476671875 0.17161625
7 0.4741936671875 0.17428475000000002 0.39358466718749996 0.17119925 0.3946813328125 0.22468024999999997 0.4741936671875 0.22879425000000003 0.4741936671875 0.17428475000000002
7 0.5553506671874999 0.17778175000000002 0.473645 0.17406975 0.475016 0.22735425 0.552609 0.23105699999999998 0.5553506671874999 0.17778175000000002
7 0.6332863328125 0.18076325 0.5538426671875001 0.17715425 0.5535 0.21717124999999998 0.6319153328125 0.22066824999999998 0.6332863328125 0.18076325
7 0.7097823328125 0.18343725 0.6333546671875 0.18075275 0.6324636671875 0.2204625 0.7086856671875 0.22395925 0.7097823328125 0.18343725
0 0.5477813328125001 0.37186575 0.5456706671875 0.371002 0.545287 0.378343 0.5631306671874999 0.378343 0.5633226671875 0.37215349999999997 0.5665843328125 0.370714 0.56716 0.33731925 0.563898 0.33516 0.56409 0.33012199999999997 0.5472056671875001 0.330554 0.5456706671875 0.3365995 0.5487406671875 0.335448 0.5477813328125001 0.37186575
0 0.56716 0.37057025 0.5633226671875 0.37344900000000003 0.5633226671875 0.378343 0.581358 0.37819925 0.5819336671875 0.37172174999999996 0.5846196671875 0.370858 0.5848116671875 0.3368875 0.582893 0.335448 0.583085 0.330266 0.56409 0.329928 0.5644736671875 0.33472825 0.5669679999999999 0.3363115 0.56716 0.37057025
0 0.5853873328125 0.37057025 0.5819336671875 0.37215349999999997 0.5811663328125001 0.37805525 0.5993936671875 0.37805525 0.5997773328125 0.37258525 0.6026553328124999 0.370714 0.603231 0.33717525 0.6003529999999999 0.3364555 0.6005446671875 0.33084175 0.5825573328125 0.33028775 0.5825093328125 0.33472825 0.585579 0.33731925 0.5853873328125 0.37057025
0 0.603231 0.37057025 0.5997773328125 0.37344900000000003 0.5997773328125 0.378343 0.6166616671875 0.37949475 0.617621 0.3722975 0.6210746671875 0.370714 0.6216503328125 0.3368875 0.6181966671875 0.33616775 0.6181966671875 0.33141750000000003 0.5995853328125 0.3304675 0.6007366671875001 0.33602375 0.6034226671875 0.33746325 0.603231 0.37057025
0 0.6401173328125 0.370816 0.6368556671875 0.37139175 0.636472 0.37844500000000003 0.6546993328124999 0.37844500000000003 0.6550830000000001 0.3725435 0.6594960000000001 0.370816 0.6594960000000001 0.33814099999999997 0.6558506671875 0.33626975 0.6554666671875 0.3313755 0.6374313328125 0.33079975 0.6374313328125 0.33727725 0.6416523328125 0.33641350000000003 0.6401173328125 0.370816
0 0.6598796671875 0.37052825 0.6552749999999999 0.37268724999999997 0.6548913328125 0.37844500000000003 0.6733103328125 0.378877 0.6733103328125 0.37268724999999997 0.6779153328125 0.37052825 0.6779153328125 0.33842875 0.6742696671874999 0.33612575 0.6746536671875 0.3316635 0.6560423328125 0.3316635 0.656618 0.33612575 0.6600716671875 0.338285 0.6598796671875 0.37052825
0 0.678491 0.37024025 0.673886 0.37268724999999997 0.6736943328125 0.378733 0.6905786671875 0.38031625 0.6921133328125 0.37297525 0.695759 0.37096 0.6965263328125 0.33871675 0.6921133328125 0.3367015 0.6924973328124999 0.33195125000000003 0.6746536671875 0.3320865 0.6748453328124999 0.3368455 0.678491 0.338285 0.678491 0.37024025
0 0.4106573328125 0.45369525 0.4093926671875 0.4718405 0.4441706671875 0.47172200000000003 0.4452773328125 0.456423 0.4462256671875 0.42499475000000003 0.44432866718749997 0.41870925000000003 0.4433803328125 0.4136095 0.443222 0.40471475 0.4092346671875 0.40471475 0.4092346671875 0.41349099999999994 0.4106573328125 0.42108100000000004 0.4106573328125 0.45369525
0 0.444961 0.456423 0.44543533281250003 0.47267075 0.4791066671875 0.473145 0.47926466718749994 0.45749025000000004 0.4806876671875 0.457609 0.48100366718750004 0.42214850000000004 0.4789486671875 0.40542625 0.44401266718750004 0.40447225 0.4455933328125 0.42084400000000005 0.4463836671875 0.45499975 0.444961 0.456423
0 0.48054600000000003 0.46288850000000004 0.4979876671875 0.46384175 0.4981033328125 0.457949 0.5004133328125 0.456909 0.49879633281249997 0.42233275 0.49729466718750004 0.4348115 0.481932 0.43255825000000003 0.481932 0.45560925 0.4789286671875 0.4582955 0.48054600000000003 0.46288850000000004
0 0.4981033328125 0.458469 0.4986806671875 0.46280175 0.5161226671875 0.46271525 0.5158916671875 0.45760225 0.5182016671875 0.45673575 0.5182016671875 0.4173065 0.514159 0.41756650000000006 0.51439 0.43689125000000006 0.5053803328125 0.4365445 0.5015686671874999 0.4307385 0.5004133328125 0.43030525 0.5015686671874999 0.45569575 0.4981033328125 0.458469
0 0.517191 0.462369 0.5342863328125 0.46254225 0.5340553328125 0.45664974999999997 0.53625 0.45604300000000003 0.536481 0.42701275 0.5339400000000001 0.43498525 0.5222733328125 0.42969925 0.524699 0.42441300000000004 0.523313 0.41990675 0.5289729999999999 0.41661374999999995 0.5190680000000001 0.4169365 0.5190393328125 0.45586975 0.516729 0.45742950000000004 0.517191 0.462369
0 0.535326 0.46245575 0.5527676671874999 0.46297550000000004 0.5521903328125 0.45664974999999997 0.5549626671875 0.45656299999999994 0.5558866671875 0.4270995 0.5379826671875 0.42581625 0.5378673328125 0.45508974999999996 0.5356726671875001 0.4571695 0.535326 0.46245575
0 0.5540383328125 0.462629 0.5715956671875 0.46245575 0.5717113328125001 0.45690949999999997 0.575061 0.45638975000000004 0.5749456671875001 0.42623274999999994 0.568477 0.42839925 0.566629 0.4321255 0.563279 0.43593849999999995 0.5613153328125 0.434812 0.561431 0.42701275 0.5570416671875 0.4277655 0.556926 0.455263 0.553461 0.45751625 0.5540383328125 0.462629
0 0.572751 0.462109 0.5903083328125 0.462629 0.5900773328125 0.456303 0.5928493328125 0.45595625 0.5937733328125 0.44304449999999995 0.580952 0.43905825 0.579566 0.42562625 0.5761006671875 0.42657425 0.575754 0.45612975 0.5722886671875 0.45742950000000004 0.572751 0.462109
0 0.5910013328125 0.462369 0.6086739999999999 0.46254225 0.6085586671875001 0.45690949999999997 0.6115619999999999 0.45673624999999995 0.612717 0.4227665 0.6087896671874999 0.42198650000000004 0.6069413328125 0.434812 0.6095983328125001 0.44053125 0.6060173328125 0.44269774999999995 0.594582 0.4427095 0.593889 0.45612975 0.5910013328125 0.45664974999999997 0.5910013328125 0.462369
10 0.6372243328125 0.36710125 0.6370576671875 0.34534549999999997 0.634391 0.33896899999999996 0.6220583328125 0.33923625 0.6218916671875 0.370352 0.635891 0.37135225 0.6372243328125 0.36710125
10 0.6146836671875 0.45387449999999996 0.6346826671875 0.4546245 0.6378493328125 0.4502485 0.637516 0.42986825 0.6348493328125 0.4234915 0.6156003328125 0.42360800000000004 0.6186833328125 0.42749249999999994 0.61785 0.448248 0.6146836671875 0.45387449999999996
10 0.4088586671875 0.42189575 0.3887343328125 0.42157675 0.39052600000000004 0.45302875 0.4095253328125 0.45290375000000005 0.4088586671875 0.42189575
1 0.7399136671875 0.9599995 0.672444 0.9630694999999999 0.6710006671875 0.99735375 0.7406353328125 0.9930227500000001 0.7399136671875 0.9599995
2 0.3850653328125 0.9617514999999999 0.347542 0.96418775 0.346099 0.99975 0.38254 0.99975 0.3850653328125 0.9617514999999999
5 0.404188 0.98232325 0.3833516671875 0.9847177500000001 0.3818183328125 0.99975 0.40310566718749996 0.9996470000000001 0.404188 0.98232325
5 0.4215063328125 0.9812407500000001 0.40409766718749995 0.9830265 0.40310566718749996 0.9996470000000001 0.42078499999999996 0.99975 0.4215063328125 0.9812407500000001
5 0.23524799999999998 0.8789014999999999 0.2150706671875 0.87974025 0.21485166718749998 0.91654625 0.23574866718749998 0.915138 0.23524799999999998 0.8789014999999999
5 0.2543933328125 0.87819725 0.234779 0.8795057500000001 0.2358736671875 0.9151847500000001 0.2548936671875 0.9139645 0.2543933328125 0.87819725
5 0.27403900000000003 0.8769769999999999 0.2548 0.8783325 0.2548936671875 0.9133072500000001 0.27403900000000003 0.9126502500000001 0.27403900000000003 0.8769769999999999
5 0.293935 0.8758505 0.2735696671875 0.87692475 0.2737886671875 0.9122747499999999 0.29431033281249996 0.9121807499999999 0.293935 0.8758505
5 0.3134556671875 0.8742544999999999 0.29406 0.87575175 0.2946856671875 0.9114297499999999 0.31245466718750003 0.910491 0.3134556671875 0.8742544999999999
5 0.332851 0.87380875 0.3143316671875 0.874278 0.3130803328125 0.910139 0.33272599999999997 0.9092002499999999 0.332851 0.87380875
5 0.350745 0.8723067500000001 0.332851 0.87387475 0.3336016671875 0.90741675 0.35036966718749996 0.907135 0.350745 0.8723067500000001
5 0.4140616671875 0.8692095 0.3955733328125 0.86894775 0.3942906671875 0.9039440000000001 0.413436 0.90375625 0.4140616671875 0.8692095
5 0.43133 0.8687402499999999 0.414656 0.86883025 0.4136863328125 0.9031929999999999 0.4302036671875 0.90338075 0.43133 0.8687402499999999
5 0.45047499999999996 0.8678015 0.43170533281249995 0.86864625 0.430579 0.90347475 0.4498493328125 0.9029114999999999 0.45047499999999996 0.8678015
5 0.4686503328125 0.8667462499999999 0.45016233281250007 0.8670707500000001 0.44975566718750004 0.90270125 0.4678996671875 0.9021380000000001 0.4686503328125 0.8667462499999999
5 0.48691966718749996 0.8656197499999999 0.4686503328125 0.86637075 0.468025 0.90157475 0.48666966718750004 0.9010115000000001 0.48691966718749996 0.8656197499999999
5 0.5055643328125 0.8645872499999999 0.48691966718749996 0.8654282500000001 0.48666966718750004 0.9005420000000001 0.5049386671875 0.89950925 0.5055643328125 0.8645872499999999
5 0.5234583328125 0.8632727499999999 0.5056896671875 0.8643725 0.5048136671875 0.8989459999999999 0.5227076671875001 0.8993214999999999 0.5234583328125 0.8632727499999999
5 0.619716 0.8587227499999999 0.6014466671875 0.8591922500000001 0.6000703328125 0.8932695 0.6189653328125 0.89280025 0.619716 0.8587227499999999
5 0.635858 0.8583472499999999 0.619716 0.858629 0.6192156671875 0.89157975 0.6352323328125 0.891392 0.635858 0.8583472499999999
5 0.6535016671875 0.8568452499999999 0.6353576671875001 0.8575685 0.6352323328125 0.8911104999999999 0.6543776671875 0.8899837500000001 0.6535016671875 0.8568452499999999
5 0.6713016671875 0.8559552500000001 0.653658 0.8565127499999999 0.6542836671875001 0.89031425 0.6719273328125 0.8897510000000001 0.6713016671875 0.8559552500000001
5 0.688695 0.855298 0.6711766671875 0.8561607499999999 0.672553 0.8891877499999999 0.6891956671874999 0.88796725 0.688695 0.855298
5 0.7062136671875 0.8540777500000001 0.6888513328125 0.855105 0.6884446671875 0.88834275 0.7062136671875 0.88749775 0.7062136671875 0.8540777500000001
5 0.7233566671875 0.853139 0.7062136671875 0.8542655 0.705713 0.8876857499999999 0.7232313328125 0.88684075 0.7233566671875 0.853139
5 0.7404996671874999 0.8524817499999999 0.7231063328125 0.8533452499999999 0.723607 0.88637125 0.7401243328125 0.8855264999999999 0.7404996671874999 0.8524817499999999