6 0.17133333281250002 0.12350000000000001 0.1706666671875 0.10049999999999999 0.16699999999999998 0.09875 0.1616666671875 0.09925 0.1576666671875 0.09825 0.1546666671875 0.099 0.1533333328125 0.101 0.154 0.123 0.158 0.12625 0.16833333281250001 0.126 0.17133333281250002 0.12350000000000001
6 0.1946666671875 0.12375 0.1936666671875 0.101 0.182 0.09875 0.1776666671875 0.09925 0.17633333281250002 0.101 0.177 0.12375 0.181 0.1265 0.192 0.126 0.1946666671875 0.12375
6 0.2166666671875 0.123 0.2166666671875 0.1025 0.213 0.0995 0.20099999999999998 0.09875 0.199 0.101 0.19966666718749998 0.12450000000000001 0.20400000000000001 0.127 0.21400000000000002 0.12675 0.2166666671875 0.123
6 0.2366666671875 0.12675 0.24100000000000002 0.123 0.24133333281249997 0.10275000000000001 0.2363333328125 0.1 0.2316666671875 0.10075 0.22433333281249998 0.099 0.22200000000000003 0.10049999999999999 0.2213333328125 0.11325 0.223 0.12575 0.2256666671875 0.12725 0.2366666671875 0.12675
6 0.2513333328125 0.12775 0.26233333281250004 0.12675 0.264 0.12350000000000001 0.2646666671875 0.1155 0.26233333281250004 0.10225 0.26 0.10049999999999999 0.24733333281249997 0.10049999999999999 0.2443333328125 0.10225 0.244 0.1155 0.246 0.1255 0.2476666671875 0.127 0.2513333328125 0.12775
6 0.2853333328125 0.12675 0.2853333328125 0.10300000000000001 0.28300000000000003 0.101 0.2713333328125 0.10300000000000001 0.2693333328125 0.10674999999999998 0.267 0.10700000000000001 0.2683333328125 0.12675 0.271 0.12775 0.2806666671875 0.12775 0.2853333328125 0.12675
6 0.3183333328125 0.1125 0.32 0.11100000000000002 0.3213333328125 0.10075 0.3206666671875 0.08775 0.3186666671875 0.08625000000000001 0.3063333328125 0.08449999999999999 0.3036666671875 0.09125 0.30333333281249997 0.1 0.3063333328125 0.1125 0.31433333281250003 0.11325 0.3183333328125 0.1125
6 0.3983333328125 0.12125 0.40033333281249994 0.12375 0.4046666671875 0.12175 0.40766666718750005 0.123 0.41200000000000003 0.12225 0.4143333328125 0.11925 0.4146666671875 0.11574999999999999 0.4143333328125 0.08775 0.41200000000000003 0.08575 0.409 0.08625000000000001 0.4016666671875 0.08349999999999999 0.398 0.08399999999999999 0.3956666671875 0.086 0.395 0.09175 0.397 0.09725 0.3963333328125 0.10925 0.3983333328125 0.12125
6 0.41900000000000004 0.123 0.41966666718749995 0.12425 0.43433333281250003 0.123 0.43600000000000005 0.12150000000000001 0.438 0.11574999999999999 0.438 0.08549999999999999 0.43533333281250003 0.08349999999999999 0.422 0.08299999999999999 0.417 0.08399999999999999 0.4153333328125 0.08575 0.41500000000000004 0.09125 0.41733333281249996 0.098 0.4166666671875 0.11174999999999999 0.41900000000000004 0.123
6 0.525 0.12525 0.5266666671875 0.123 0.5276666671875 0.1155 0.5273333328125 0.0915 0.523 0.08725000000000001 0.5133333328125 0.08525 0.5103333328125 0.0875 0.509 0.0935 0.5093333328125 0.12325 0.5096666671875 0.124 0.5213333328124999 0.12625 0.525 0.12525
6 0.548 0.125 0.5496666671875 0.12275 0.55 0.119 0.55 0.0945 0.549 0.0905 0.5446666671875 0.08775 0.5356666671875 0.0865 0.5326666671875 0.08775 0.5316666671875 0.09475 0.5309999999999999 0.12025 0.532 0.12375 0.536 0.12575 0.548 0.125
6 0.614 0.123 0.617 0.1155 0.6153333328125 0.10467850000000001 0.617 0.091 0.615 0.0875 0.603 0.08775 0.6 0.08975 0.597 0.1075 0.5976666671875 0.124 0.5993333328125 0.1255 0.6113333328125 0.12525 0.614 0.123
6 0.5866666671874999 0.1255 0.5916666671875 0.12625 0.5940000000000001 0.123 0.5940000000000001 0.0905 0.5916666671875 0.08775 0.58 0.08675000000000001 0.5773333328125 0.08775 0.576 0.09275 0.5753333328125 0.12375 0.577 0.12525 0.5836666671875 0.1265 0.5866666671874999 0.1255
6 0.5686666671875 0.1265 0.572 0.123 0.5723333328125 0.12025 0.5723333328125 0.0915 0.5683333328125 0.0875 0.5566666671875 0.0865 0.5549999999999999 0.08775 0.5543333328125 0.09275 0.554 0.123 0.5563333328125 0.12525 0.5606666671875 0.125 0.5686666671875 0.1265
6 0.7276666671875 0.12250000000000001 0.7286666671875001 0.11925 0.7283333328125 0.10700000000000001 0.7296666671875001 0.098 0.7293333328125 0.0915 0.7253333328125 0.08875 0.7203333328125 0.08875 0.7166666671875 0.08675000000000001 0.713 0.08875 0.7113333328125 0.09375 0.7113333328125 0.1075 0.71 0.11100000000000002 0.7103333328125 0.12375 0.7123333328125 0.12475 0.7246666671875001 0.12575 0.7276666671875 0.12250000000000001
6 0.7026666671874999 0.11975 0.705 0.11875 0.7063333328125 0.11574999999999999 0.7056666671875 0.1035 0.7070000000000001 0.09125 0.7046666671875 0.089 0.7003333328125 0.08775 0.6940000000000001 0.0865 0.6916666671875 0.08775 0.689 0.0915 0.6900000000000001 0.1165 0.693 0.11975 0.7026666671874999 0.11975
6 0.7476666671875 0.12475 0.75 0.11625 0.7516666671875 0.09175 0.7476666671875 0.088 0.7373333328125 0.08725000000000001 0.7343333328125 0.08875 0.732 0.09525 0.7313333328125 0.123 0.733 0.12450000000000001 0.7396666671875 0.126 0.7476666671875 0.12475
6 0.8653333328124999 0.12675 0.8806666671875 0.12675 0.8836666671875 0.12275 0.8859999999999999 0.09175 0.8803333328124999 0.08925 0.8736666671875 0.08825 0.8713333328124999 0.08875 0.8676666671875 0.0915 0.867 0.09725 0.8640000000000001 0.1025 0.8643333328124999 0.1085 0.8619999999999999 0.12275 0.8630000000000001 0.125 0.8653333328124999 0.12675
6 0.9043333328125 0.122 0.9056666671875 0.11625 0.9056666671875 0.09125 0.9039999999999999 0.08875 0.9003333328125 0.088 0.8913333328125 0.09 0.8869999999999999 0.09425 0.8873333328124999 0.12275 0.8886666671875 0.12375 0.9013333328125 0.12350000000000001 0.9043333328125 0.122
6 0.9236666671875 0.123 0.9256666671874999 0.11750000000000001 0.9283333328125 0.09575 0.9273333328125 0.08975 0.9236666671875 0.087 0.908 0.08775 0.906 0.09175 0.9053333328125 0.1045 0.908 0.12 0.9136666671875 0.12350000000000001 0.9236666671875 0.123
6 0.9863333328125 0.12675 0.991 0.12275 0.9923333328125 0.11875 0.9933333328125 0.09175 0.99 0.08975 0.9823333328125001 0.08925 0.977 0.091 0.976 0.09175 0.977 0.09525 0.9746666671875 0.10325 0.974 0.12025 0.975 0.12275 0.9783333328125 0.12525 0.9863333328125 0.12675
6 0.2013333328125 0.28900000000000003 0.2066666671875 0.28775 0.20866666718750002 0.286 0.20866666718750002 0.28250000000000003 0.20633333281250002 0.2595 0.205 0.25775000000000003 0.197 0.2555 0.1916666671875 0.25625 0.1893333328125 0.2595 0.1906666671875 0.28300000000000003 0.193 0.28975 0.198 0.28825 0.2013333328125 0.28900000000000003
6 0.22799999999999998 0.2885 0.2306666671875 0.28700000000000003 0.22799999999999998 0.26949999999999996 0.2286666671875 0.25825 0.2246666671875 0.25675 0.22000000000000003 0.25775000000000003 0.215 0.255 0.2126666671875 0.255 0.2106666671875 0.2575 0.2113333328125 0.28325 0.2126666671875 0.28700000000000003 0.2166666671875 0.28825 0.22799999999999998 0.2885
6 0.24466666718750002 0.28975 0.2476666671875 0.2905 0.2513333328125 0.28725 0.24933333281249997 0.27549999999999997 0.2496666671875 0.2625 0.248 0.257 0.2443333328125 0.25525000000000003 0.236 0.25475 0.2326666671875 0.258 0.233 0.2765 0.2346666671875 0.28700000000000003 0.24 0.29025 0.24466666718750002 0.28975
6 0.268 0.28975 0.2713333328125 0.29075 0.2746666671875 0.28725 0.274 0.26375000000000004 0.2723333328125 0.25825 0.2686666671875 0.25575000000000003 0.26033333281250004 0.2545 0.256 0.2555 0.25433333281250003 0.25825 0.2553333328125 0.28700000000000003 0.2596666671875 0.29075 0.26433333281250004 0.29100000000000004 0.268 0.28975
6 0.2903333328125 0.29075 0.2946666671875 0.29125 0.2956666671875 0.28875 0.2946666671875 0.2595 0.28900000000000003 0.25675 0.2826666671875 0.256 0.2793333328125 0.256 0.2773333328125 0.259 0.2773333328125 0.28300000000000003 0.2786666671875 0.2885 0.28300000000000003 0.292 0.2903333328125 0.29075
6 0.3026666671875 0.29225 0.31233333281250003 0.29225 0.318 0.29125 0.3183333328125 0.26675 0.317 0.25975000000000004 0.311 0.25475 0.3026666671875 0.25375000000000003 0.2986666671875 0.25575000000000003 0.29733333281249996 0.263 0.29733333281249996 0.27925 0.2983333328125 0.28700000000000003 0.3003333328125 0.29075 0.3026666671875 0.29225
6 0.33799999999999997 0.29125 0.3396666671875 0.2885 0.3383333328125 0.26275 0.3346666671875 0.25975000000000004 0.3253333328125 0.25675 0.3223333328125 0.25625 0.3206666671875 0.25975000000000004 0.3203333328125 0.27549999999999997 0.322 0.28875 0.32566666718750004 0.2915 0.33799999999999997 0.29125
6 0.3576666671875 0.2925 0.3593333328125 0.2915 0.36066666718749996 0.288 0.359 0.27575 0.3596666671875 0.26349999999999996 0.3583333328125 0.2595 0.3573333328125 0.2575 0.3536666671875 0.25575000000000003 0.34500000000000003 0.2565 0.34199999999999997 0.2595 0.3436666671875 0.29100000000000004 0.3456666671875 0.2925 0.3576666671875 0.2925
6 0.383 0.29100000000000004 0.38333333281250004 0.28875 0.38366666718750003 0.26325 0.38166666718750003 0.2595 0.3716666671875 0.25575000000000003 0.36666666718749996 0.257 0.364 0.261 0.3656666671875 0.29100000000000004 0.36866666718749996 0.29300000000000004 0.381 0.29275 0.383 0.29100000000000004
6 0.40499999999999997 0.29075 0.404 0.26175000000000004 0.3923333328125 0.2575 0.388 0.2595 0.3866666671875 0.26225 0.38733333281250004 0.29225 0.3883333328125 0.2935 0.404 0.29275 0.40499999999999997 0.29075
6 0.42533333281249996 0.29100000000000004 0.425 0.266 0.41966666718749995 0.2595 0.41200000000000003 0.2595 0.40800000000000003 0.2625 0.40800000000000003 0.29175 0.41100000000000003 0.2935 0.42366666718749996 0.29275 0.42533333281249996 0.29100000000000004
6 0.4436666671875 0.294 0.446 0.29275 0.44699999999999995 0.28900000000000003 0.44699999999999995 0.26475 0.44333333281250004 0.2585 0.43499999999999994 0.25725 0.43 0.261 0.429 0.26325 0.4296666671875 0.29100000000000004 0.4313333328125 0.29325 0.4436666671875 0.294
6 0.4683333328125 0.28925 0.4683333328125 0.263 0.46733333281249995 0.26125 0.46333333281250005 0.2595 0.45499999999999996 0.26025 0.45099999999999996 0.26575000000000004 0.45099999999999996 0.2925 0.45366666718750004 0.2935 0.46666666718750005 0.29300000000000004 0.4683333328125 0.28925
6 0.47300000000000003 0.29425 0.47466666718750006 0.29500000000000004 0.49000000000000005 0.29325 0.4903333328125 0.26525 0.4846666671875 0.25975000000000004 0.479 0.25825 0.472 0.26175000000000004 0.471 0.2645 0.4723333328125 0.271 0.4716666671875 0.28375 0.47300000000000003 0.29425
6 0.5543333328125 0.2915 0.5549999999999999 0.28775 0.5543333328125 0.26525 0.5516666671875 0.26225 0.5453333328125 0.25925 0.5396666671875 0.2595 0.537 0.26349999999999996 0.5366666671875 0.29275 0.5406666671875 0.294 0.5523333328125 0.294 0.5543333328125 0.2915
6 0.5763333328125 0.29175 0.5766666671875 0.267 0.5753333328125 0.26349999999999996 0.5686666671875 0.25875 0.5633333328125001 0.2585 0.5599999999999999 0.25975000000000004 0.5583333328125 0.266 0.5576666671875 0.28075 0.558 0.2935 0.5633333328125001 0.29500000000000004 0.5743333328125 0.29474999999999996 0.5763333328125 0.29175
6 0.5983333328125 0.26625 0.5916666671875 0.25975000000000004 0.5836666671875 0.25925 0.581 0.26175000000000004 0.5796666671875 0.26675 0.58 0.29425 0.5956666671875 0.2945 0.5976666671875 0.29125 0.5983333328125 0.26625
6 0.615 0.29474999999999996 0.617 0.2935 0.6193333328125 0.28725 0.6206666671875001 0.27149999999999996 0.6193333328125 0.26375000000000004 0.6153333328125 0.261 0.6066666671875 0.2585 0.6033333328125 0.25975000000000004 0.6016666671875 0.266 0.6006666671875001 0.2925 0.6033333328125 0.29474999999999996 0.6066666671875 0.294 0.615 0.29474999999999996
6 0.6613333328125 0.29125 0.663 0.26875 0.662 0.2625 0.6543333328125 0.25975000000000004 0.6456666671875 0.26 0.6383333328125 0.27325 0.6386666671875 0.2925 0.645 0.29474999999999996 0.658 0.2945 0.6613333328125 0.29125
6 0.6773333328125 0.29375 0.6813333328125 0.29275 0.6826666671875 0.28700000000000003 0.6826666671875 0.26325 0.6756666671875 0.26075 0.669 0.26 0.6663333328125 0.263 0.6656666671875 0.27125 0.6643333328125001 0.29075 0.6653333328125 0.2925 0.6703333328125 0.29175 0.6773333328125 0.29375
6 0.7236666671875 0.29525 0.7253333328125 0.28900000000000003 0.7263333328125 0.267 0.7246666671875001 0.263 0.7193333328125 0.26125 0.7166666671875 0.25925 0.7126666671875 0.26025 0.71 0.26275 0.7073333328125 0.27949999999999997 0.7066666671874999 0.2915 0.708 0.2945 0.7203333328125 0.29625 0.7236666671875 0.29525
6 0.702 0.2935 0.704 0.2875 0.7043333328125 0.26749999999999996 0.6983333328125 0.26175000000000004 0.6933333328125 0.2595 0.6886666671875 0.2605 0.687 0.2625 0.6849999999999999 0.28275 0.6846666671875 0.29125 0.686 0.29425 0.6980000000000001 0.29474999999999996 0.702 0.2935
6 0.7666666671875 0.29175 0.7676666671875 0.28900000000000003 0.7683333328125 0.267 0.7673333328124999 0.26549999999999996 0.7596666671875 0.2615 0.755 0.26025 0.7526666671875 0.263 0.75 0.27575 0.7493333328125 0.2915 0.7516666671875 0.29375 0.764 0.2935 0.7666666671875 0.29175
6 0.787 0.29325 0.7889999999999999 0.2875 0.79 0.26675 0.7876666671875 0.26375000000000004 0.783 0.26275 0.779 0.25925 0.7753333328124999 0.26025 0.7723333328125 0.26375000000000004 0.7703333328124999 0.28175 0.77 0.2895 0.7713333328124999 0.29275 0.7743333328124999 0.2935 0.787 0.29325
6 0.8063333328125 0.2935 0.8096666671875001 0.29125 0.8106666671875 0.26625 0.8066666671875 0.25925 0.7976666671875 0.26 0.795 0.262 0.7926666671875 0.28175 0.7923333328125 0.29100000000000004 0.7933333328125001 0.292 0.7983333328125 0.29325 0.8063333328125 0.2935
6 0.8320000000000001 0.267 0.8296666671875 0.26425 0.8233333328124999 0.26075 0.8186666671875 0.2595 0.8160000000000001 0.26225 0.8140000000000001 0.28525 0.8143333328125 0.292 0.8263333328125 0.29275 0.8303333328125 0.29025 0.8320000000000001 0.267
6 0.8373333328125 0.29225 0.8446666671875 0.2915 0.8496666671875 0.2925 0.8526666671875001 0.28775 0.8536666671875001 0.27225 0.8526666671875001 0.26475 0.8416666671874999 0.25925 0.8400000000000001 0.25975000000000004 0.836 0.26349999999999996 0.8373333328125 0.267 0.8346666671875 0.27525 0.8353333328125 0.27975 0.834 0.28325 0.8353333328125 0.29075 0.8373333328125 0.29225
6 0.8673333328125 0.29425 0.8720000000000001 0.29325 0.8743333328125 0.29125 0.8753333328125 0.288 0.8746666671875 0.26349999999999996 0.8726666671875 0.26075 0.8646666671875 0.25975000000000004 0.8583333328125 0.26125 0.8560000000000001 0.26625 0.8543333328125 0.2785 0.8553333328124999 0.292 0.8573333328125001 0.294 0.8673333328125 0.29425
6 0.978 0.28900000000000003 0.9793333328125 0.28675 0.982 0.26349999999999996 0.9720000000000001 0.26125 0.9666666671874999 0.26125 0.962 0.26349999999999996 0.959 0.27725 0.9586666671874999 0.29100000000000004 0.96 0.29300000000000004 0.9666666671874999 0.2935 0.978 0.28900000000000003
6 0.9466666671875 0.29325 0.9550000000000001 0.2935 0.9576666671874999 0.28825 0.958 0.266 0.9513333328125 0.2615 0.943 0.2615 0.9396666671875 0.26349999999999996 0.9413333328125001 0.26675 0.9390000000000001 0.281 0.9393333328125 0.29175 0.9466666671875 0.29325
6 0.9316666671875 0.29375 0.9353333328125 0.29275 0.9373333328125 0.28775 0.9369999999999999 0.26549999999999996 0.9339999999999999 0.26175000000000004 0.9303333328125 0.26 0.9233333328125 0.26075 0.921 0.26375000000000004 0.9193333328125 0.275 0.9196666671875 0.29075 0.923 0.2925 0.9316666671875 0.29375
6 0.899 0.28975 0.9 0.29100000000000004 0.9123333328125 0.29175 0.9153333328125 0.2905 0.9163333328125001 0.28775 0.916 0.27875 0.9183333328125001 0.26349999999999996 0.9153333328125 0.26075 0.9039999999999999 0.2595 0.9006666671874999 0.26225 0.8986666671875 0.267 0.8993333328125 0.27275 0.8963333328124999 0.27549999999999997 0.8986666671875 0.27625 0.899 0.28975
6 0.8800000000000001 0.29275 0.8923333328125 0.29325 0.8953333328124999 0.2895 0.8943333328125 0.27775 0.8956666671875 0.26575000000000004 0.889 0.26125 0.8806666671875 0.261 0.877 0.26349999999999996 0.8783333328125 0.2685 0.8756666671875 0.28175 0.8763333328125 0.29100000000000004 0.8800000000000001 0.29275
5 0.3096856671875 0.54914 0.28350200000000003 0.54889225 0.281854 0.592731 0.30944133281249997 0.5921814999999999 0.3096856671875 0.54914
5 0.3331226671875 0.54968925 0.3099296671875 0.54914 0.308709 0.5916319999999999 0.3316576671875 0.5916319999999999 0.3331226671875 0.54968925
5 0.3565596671875 0.54895675 0.3335496671875 0.54912125 0.33190200000000003 0.59071625 0.3563153328125 0.5908995 0.3565596671875 0.54895675
5 0.37902 0.54895675 0.3561323328125 0.54912125 0.3563153328125 0.59126575 0.3787756671875 0.5908995 0.37902 0.54895675
5 0.4039216671875 0.54895675 0.37902 0.54889225 0.3780433328125 0.59126575 0.40245699999999995 0.5910825 0.4039216671875 0.54895675
5 0.4302273328125 0.548134 0.402823 0.5486635 0.4021516671875 0.59026 0.426321 0.5900767499999999 0.4302273328125 0.548134
5 0.4482933328125 0.548134 0.431204 0.5482057499999999 0.4272976671875 0.5900767499999999 0.4485373328125 0.59117575 0.4482933328125 0.548134
5 0.5256843328125 0.548134 0.5010876671875 0.54729025 0.5007823328125001 0.5880620000000001 0.52544 0.5898935 0.5256843328125 0.548134
5 0.5479006671875 0.54776775 0.5261113328125 0.547748 0.5244636671875 0.58952725 0.5459473328125 0.5900767499999999 0.5479006671875 0.54776775
5 0.5691403328125 0.54831725 0.5476563328124999 0.54776775 0.5459473328125 0.589161 0.568408 0.58952725 0.5691403328125 0.54831725
5 0.5930656671875 0.54850025 0.570666 0.54729025 0.5671873328125 0.59026 0.5916006671875 0.59062625 0.5930656671875 0.54850025
5 0.6165026671875 0.54850025 0.592333 0.54797675 0.5913566671875 0.58934425 0.6150376671875 0.5897105 0.6165026671875 0.54850025
5 0.6382306671875 0.5900767499999999 0.6387186671875 0.548134 0.6167466671875 0.547748 0.6145493328125 0.54776775 0.6152816671875 0.5900767499999999 0.6382306671875 0.5900767499999999
5 0.6614233328125 0.54831725 0.6387186671875 0.54850025 0.637498 0.5880620000000001 0.6599586671875 0.5898935 0.6614233328125 0.54831725
5 0.785261 0.54786 0.7628006671875001 0.5471272500000001 0.7559646671875 0.5894364999999999 0.7818430000000001 0.5894364999999999 0.785261 0.54786
5 0.8062566671875 0.548959 0.7842843328125 0.54797675 0.7813546671875 0.58907 0.8028386671875 0.58907 0.8062566671875 0.548959
5 0.830182 0.5484095 0.8062566671875 0.5484345 0.8040593328125001 0.58925325 0.8282286671874999 0.5885205 0.830182 0.5484095
5 0.8553276671875001 0.54804325 0.8296936671875 0.54822625 0.8279846671875 0.58870375 0.8516656671874999 0.5885205 0.8553276671875001 0.54804325
5 0.8770556671874999 0.54786 0.8550836671875001 0.54767675 0.8509333328125 0.5894364999999999 0.8731496671875 0.5894364999999999 0.8770556671874999 0.54786
5 0.9000046671874999 0.54877575 0.8770556671874999 0.5482057499999999 0.8731496671875 0.58925325 0.8958543328124999 0.58907 0.9000046671874999 0.54877575
5 0.922709 0.54804325 0.900554 0.5482057499999999 0.8953659999999999 0.58907 0.919047 0.58907 0.922709 0.54804325
5 0.945902 0.54749375 0.9239296671874999 0.54804325 0.919047 0.5894364999999999 0.9400426671875 0.5894364999999999 0.945902 0.54749375
5 0.510013 0.68528125 0.48678233281249994 0.6845542499999999 0.4880236671875 0.72519325 0.5081216671875 0.7253705 0.510013 0.68528125
5 0.531766 0.683862 0.5101313328125 0.68388925 0.5097766671875 0.7248384999999999 0.531766 0.7248384999999999 0.531766 0.683862
2 0.442589 0.73730775 0.4873423328125 0.737568 0.48873 0.66052775 0.4443236671875 0.661569 0.4443236671875 0.68187 0.4405073328125 0.687596 0.442589 0.73730775
1 0.9323603328125 0.6806985 0.8411673328125 0.6800437500000001 0.8378293328125 0.720766 0.9291560000000001 0.721968 0.9323603328125 0.6806985