0 0.59192075 0.338277 0.5984462500000001 0.341484 0.5991332500000001 0.426241 0.59226425 0.4299063328125 0.5926075 0.44181800000000004 0.586082 0.4431926671875 0.586082 0.46839066718750005 0.634852 0.4670163328125 0.634165 0.444109 0.64069075 0.44181800000000004 0.641721 0.4299063328125 0.6499637500000001 0.42853199999999997 0.6513377499999999 0.3405676671875 0.64343825 0.33507 0.6451555 0.32499066718749997 0.63656925 0.32224200000000003 0.63691275 0.300709 0.5874557499999999 0.29841833281249996 0.58779925 0.3231583328125 0.592951 0.325449 0.59192075 0.338277
0 0.64343825 0.3369026671875 0.6506507499999999 0.3405676671875 0.65099425 0.426241 0.6413775 0.4299063328125 0.6427514999999999 0.44136 0.635539 0.44365066718749996 0.63588225 0.46518366718750004 0.68190475 0.46426733281250004 0.681218 0.44136 0.6901474999999999 0.43952733281249995 0.6908345 0.42761566718750005 0.7014815 0.42761566718750005 0.70388575 0.338277 0.6928952500000001 0.3364443328125 0.69220825 0.3236163328125 0.68568275 0.3227 0.68533925 0.29796 0.6368635 0.2983936671875 0.63691275 0.3204093328125 0.6420645 0.32499066718749997 0.64343825 0.3369026671875
0 0.6915215 0.3364443328125 0.70251175 0.338277 0.70285525 0.4248666671875 0.6908345 0.4280736671875 0.69220825 0.4390693328125 0.681218 0.4431926671875 0.68190475 0.4656416671875 0.729301 0.46518366718750004 0.729988 0.4399856671875 0.7396045 0.43952733281249995 0.7392610000000001 0.4239503328125 0.7533425 0.423034 0.7574639999999999 0.33507 0.74200875 0.3332373328125 0.7409782500000001 0.32224200000000003 0.73410925 0.319035 0.733079 0.2961276671875 0.6870565 0.29796 0.68636975 0.3227 0.6928952500000001 0.3240746671875 0.6915215 0.3364443328125
0 0.742352 0.3341536671875 0.7571205 0.335528 0.753686 0.423034 0.7396045 0.4248666671875 0.74200875 0.4399856671875 0.73101825 0.43952733281249995 0.73101825 0.4638093328125 0.77635375 0.460144 0.777384 0.44044366718749994 0.7890615000000001 0.4390693328125 0.7880309999999999 0.4248666671875 0.805547 0.42165966718750003 0.80692075 0.335528 0.792496 0.3309466671875 0.791809 0.3204093328125 0.7808185 0.319035 0.7815055 0.2965856671875 0.733475 0.29610366718750003 0.7334225 0.3199513328125 0.743039 0.3227 0.742352 0.3341536671875
0 0.7907787500000001 0.332321 0.8076077500000001 0.3359863328125 0.8058905 0.42165966718750003 0.7883745 0.42211800000000005 0.78940475 0.4372366671875 0.77669725 0.4399856671875 0.77566675 0.460144 0.8244367499999999 0.4587696671875 0.8234064999999999 0.43769466718750005 0.8378315000000001 0.43494599999999994 0.8374879999999999 0.4212016671875 0.8550039999999999 0.42211800000000005 0.85912525 0.3332373328125 0.84160925 0.332321 0.840579 0.319035 0.82787125 0.316744 0.82855825 0.29429500000000003 0.7819955000000001 0.2949586671875 0.77944475 0.31628599999999996 0.792496 0.3204093328125 0.7907787500000001 0.332321
0 0.8409224999999999 0.332321 0.85912525 0.332321 0.8546604999999999 0.4212016671875 0.83920525 0.4202853328125 0.83920525 0.43448766718750004 0.8227195 0.4390693328125 0.8223762499999999 0.4583113328125 0.869429 0.4578533328125 0.8690855000000001 0.43402966718749997 0.88419725 0.43402966718749997 0.885571 0.4189106671875 0.9044607499999999 0.419369 0.90823875 0.3304886671875 0.889349 0.329114 0.889349 0.3176603328125 0.87423725 0.316744 0.876298 0.2952113328125 0.82922775 0.2938136671875 0.8295885000000001 0.31536966718750004 0.8412660000000001 0.31949299999999997 0.8409224999999999 0.332321
7 0.13187525 0.0009406671875 0 0.000178 0.00106775 0.0806946671875 0.1361465 0.084967 0.13187525 0.0009406671875
7 0.2584115 0.0009406671875 0.131475 0.000178 0.13294325 0.0856793328125 0.26001325 0.0885276671875 0.2584115 0.0009406671875
7 0.3806765 0.0009406671875 0.25694325 0.0010676671875 0.262149 0.0871033328125 0.38174425 0.0899516671875 0.3806765 0.0009406671875
7 0.5024077499999999 0.0009406671875 0.37907475 0 0.3812105 0.08781533281250001 0.50133975 0.090664 0.5024077499999999 0.0009406671875
7 0.6198675 0.00022833281250000001 0.50187375 0.0019576671875 0.50507725 0.092088 0.6182657500000001 0.092088 0.6198675 0.00022833281250000001
0 0.34467024999999996 0.3216373328125 0.34629 0.3277583328125 0.34817975 0.3349593328125 0.34790975 0.3439606671875 0.3425105 0.35548233281249997 0.32847275 0.3698846671875 0.3295525 0.3914876671875 0.332252 0.433254 0.33792125 0.435414 0.338731 0.4494563328125 0.34197075 0.4512563328125 0.34278050000000004 0.4739396671875 0.39299300000000004 0.4724996671875 0.39353275 0.4505363328125 0.39029325 0.44693566718750005 0.39029325 0.4379346671875 0.386244 0.434694 0.38462425 0.3540423328125 0.38705375000000003 0.3407203328125 0.39083325 0.326318 0.39002325 0.30183466718749996 0.34352299999999997 0.302894 0.34521025 0.3068753328125 0.34683 0.3144363328125 0.34467024999999996 0.3216373328125
0 0.38678375 0.3410803328125 0.38489399999999996 0.3432406671875 0.386244 0.4296533328125 0.39056325 0.43685433281249997 0.39083325 0.44729599999999997 0.39407274999999997 0.45017633281249997 0.39434274999999996 0.47213966718749995 0.44158549999999996 0.4732196671875 0.44158549999999996 0.44657566718749997 0.44023575 0.43145366718749995 0.439156 0.3367596671875 0.42673775 0.331719 0.42214850000000004 0.3227176671875 0.41755924999999994 0.32019733281249996 0.41458950000000006 0.3158766671875 0.41431975000000004 0.3093956671875 0.41755924999999994 0.3061553328125 0.41296974999999997 0.305435 0.41054025000000005 0.3014746671875 0.38975325 0.3015443328125 0.39110325 0.325958 0.38759375 0.3291986671875 0.38678375 0.3410803328125
0 0.45575825 0.4678996671875 0.47951475 0.4668193328125 0.4816745 0.4524173328125 0.48275425 0.430094 0.4811345 0.3436813328125 0.47978475 0.34008099999999997 0.47951475 0.3098363328125 0.45359875 0.3109166671875 0.45548849999999996 0.34008099999999997 0.45575825 0.43153433281250003 0.45575825 0.4678996671875
0 0.49193275 0.3433213328125 0.4943625 0.3433213328125 0.49544225 0.4322543328125 0.49274275 0.4311743328125 0.4940925 0.44809666718749996 0.490583 0.44521633281249995 0.490853 0.47042 0.53863575 0.4697 0.53836575 0.4484566671875 0.54214525 0.44557633281250003 0.54187525 0.4347746671875 0.54457475 0.4318943328125 0.54592475 0.3454816671875 0.54241525 0.341161 0.54133525 0.3285593328125 0.53890575 0.3249586671875 0.53917575 0.3015553328125 0.48963824999999994 0.3015443328125 0.490313 0.3296393328125 0.49166299999999996 0.3289193328125 0.49193275 0.3433213328125
0 0.54241525 0.3390006671875 0.54565475 0.3433213328125 0.5467345 0.429734 0.54241525 0.43441466718750005 0.54160525 0.44629633281250003 0.53836575 0.449537 0.5397155 0.4697 0.5872284999999999 0.4697 0.58776825 0.4459363328125 0.5926275000000001 0.4416156671875 0.5926275000000001 0.43081433281250003 0.5974867500000001 0.429374 0.59802675 0.3418813328125 0.59235775 0.3382806671875 0.5920877499999999 0.326039 0.58776825 0.3224383328125 0.5883082500000001 0.300475 0.53856825 0.3006443328125 0.53917575 0.3242386671875 0.54214525 0.32747899999999996 0.54241525 0.3390006671875
6 0.11499999999999999 0.663 0.12825 0.6226666671875 0.124 0.603 0.11925 0.6 0.1075 0.6006666671875001 0.09525 0.6066666671875 0.092 0.6106666671875 0.09125 0.614 0.0915 0.6423333328124999 0.0935 0.663 0.09525 0.6643333328125001 0.11499999999999999 0.663
6 0.1615 0.666 0.1665 0.6646666671875 0.17775000000000002 0.6506666671875 0.1765 0.6033333328125 0.17075 0.599 0.15825 0.6003333328125 0.14125000000000001 0.61 0.141 0.6286666671875001 0.14350000000000002 0.6616666671875 0.14650000000000002 0.6643333328125001 0.1615 0.666
6 0.23650000000000002 0.658 0.24025 0.6033333328125 0.23650000000000002 0.5996666671875001 0.22374999999999998 0.601 0.22025 0.6026666671875 0.2185 0.6083333328125 0.21949999999999997 0.6573333328125 0.22025 0.6586666671875 0.22599999999999998 0.6596666671875 0.23650000000000002 0.658
6 0.26175000000000004 0.658 0.263 0.655 0.264 0.6433333328125 0.26475 0.603 0.26375000000000004 0.5996666671875001 0.26025 0.5980000000000001 0.24925000000000003 0.599 0.24300000000000002 0.6056666671875 0.242 0.6096666671875 0.2435 0.6563333328125001 0.24474999999999997 0.658 0.24975 0.659 0.26175000000000004 0.658
6 0.28325 0.6566666671875 0.29175 0.6386666671875 0.2935 0.6113333328125 0.29225 0.5993333328125 0.28775 0.5966666671875 0.27149999999999996 0.5983333328125 0.26725 0.6036666671875001 0.2665 0.6093333328125 0.26749999999999996 0.6543333328125 0.27125 0.6576666671875 0.28325 0.6566666671875
6 0.361 0.6546666671875 0.363 0.6503333328124999 0.3635 0.5956666671875 0.35875 0.5933333328125 0.34525 0.5943333328125 0.34275 0.597 0.34125 0.604 0.34049999999999997 0.6356666671875 0.34175 0.654 0.34825 0.6559999999999999 0.361 0.6546666671875
6 0.33425 0.6556666671875 0.3365 0.654 0.33799999999999997 0.5993333328125 0.33375 0.5963333328125 0.322 0.597 0.318 0.601 0.31725 0.6056666671875 0.3165 0.6346666671875 0.318 0.654 0.3245 0.6566666671875 0.33425 0.6556666671875
6 0.4525 0.6466666671875 0.45325 0.5923333328125 0.45099999999999996 0.5900000000000001 0.43550000000000005 0.5906666671874999 0.43525 0.6506666671875 0.43925000000000003 0.6523333328125 0.45099999999999996 0.651 0.4525 0.6466666671875
6 0.47474999999999995 0.6536666671875 0.477 0.6466666671875 0.47675 0.5923333328125 0.47450000000000003 0.5900000000000001 0.46875 0.5893333328125 0.4585 0.5900000000000001 0.45625 0.5916666671875 0.457 0.647 0.45875000000000005 0.6533333328125 0.471 0.6559999999999999 0.47474999999999995 0.6536666671875
6 0.49924999999999997 0.6276666671875 0.5002500000000001 0.5953333328125 0.49800000000000005 0.5903333328125 0.49400000000000005 0.589 0.49000000000000005 0.5883333328125 0.48125 0.591 0.48224999999999996 0.6506666671875 0.49450000000000005 0.6496666671875 0.497 0.6453333328124999 0.49924999999999997 0.6276666671875
6 0.523 0.6266666671875 0.5235000000000001 0.5983333328125 0.5225 0.5913333328125 0.521 0.5886666671875 0.51775 0.587 0.51525 0.588 0.5095 0.6 0.50625 0.6176666671875 0.50575 0.6426666671875 0.509 0.6466666671875 0.52125 0.6476666671875 0.523 0.6266666671875
6 0.54425 0.648 0.5455 0.645 0.54625 0.628 0.5465 0.5993333328125 0.54525 0.5933333328125 0.5427500000000001 0.589 0.537 0.587 0.5287499999999999 0.5876666671875 0.526 0.5903333328125 0.5265 0.627 0.52825 0.6503333328124999 0.52925 0.6519999999999999 0.54425 0.648
6 0.5675 0.6456666671875 0.5690000000000001 0.643 0.5685 0.5916666671875 0.56475 0.5860000000000001 0.563 0.5853333328125 0.5515 0.5853333328125 0.5469999999999999 0.587 0.54625 0.588 0.55 0.645 0.5525 0.649 0.5675 0.6456666671875
6 0.57625 0.648 0.58775 0.647 0.5915 0.6393333328125 0.5925 0.5953333328125 0.588 0.5873333328125 0.584 0.584 0.575 0.5843333328125 0.5702499999999999 0.5863333328125 0.56925 0.588 0.5735 0.6383333328125 0.575 0.6446666671875 0.57625 0.648
6 0.62375 0.6476666671875 0.63475 0.6463333328124999 0.637 0.6396666671875 0.6375 0.5916666671875 0.63175 0.585 0.627 0.5833333328125 0.615 0.584 0.61275 0.5876666671875 0.611 0.6213333328124999 0.61425 0.6383333328125 0.61925 0.645 0.62375 0.6476666671875
6 0.658 0.6473333328125 0.66025 0.6373333328124999 0.66025 0.5916666671875 0.6559999999999999 0.5856666671874999 0.6505 0.5820000000000001 0.6365000000000001 0.5836666671875 0.64025 0.6416666671875 0.6425 0.645 0.64525 0.646 0.658 0.6473333328125
6 0.71 0.643 0.72475 0.6413333328124999 0.72775 0.639 0.72975 0.619 0.72975 0.5876666671875 0.717 0.5803333328125 0.7030000000000001 0.5813333328125 0.7 0.585 0.6992499999999999 0.5980000000000001 0.69875 0.6306666671875 0.70375 0.6403333328125 0.7055 0.6423333328124999 0.71 0.643
6 0.73675 0.6403333328125 0.7474999999999999 0.6396666671875 0.75075 0.6353333328125 0.75125 0.595 0.7502500000000001 0.5876666671875 0.7485 0.5853333328125 0.7394999999999999 0.5803333328125 0.73175 0.58 0.7275 0.5820000000000001 0.7262500000000001 0.5836666671875 0.731 0.6356666671875 0.73225 0.6383333328125 0.73675 0.6403333328125
6 0.7725 0.636 0.7737499999999999 0.6333333328124999 0.77425 0.587 0.7707499999999999 0.583 0.7635 0.579 0.75275 0.5783333328125 0.74825 0.5796666671875 0.7545 0.6346666671875 0.7585 0.6373333328124999 0.76775 0.6376666671875 0.7725 0.636
6 0.795 0.6356666671875 0.79625 0.632 0.7967500000000001 0.587 0.79475 0.5843333328125 0.78325 0.5786666671875 0.771 0.5793333328125 0.7695000000000001 0.58 0.778 0.6346666671875 0.782 0.637 0.795 0.6356666671875
6 0.81925 0.6306666671875 0.8185 0.5843333328125 0.8119999999999999 0.5793333328125 0.80275 0.5756666671875 0.7945 0.5766666671875 0.7889999999999999 0.5796666671875 0.7985 0.631 0.80525 0.6346666671875 0.8182499999999999 0.6333333328124999 0.81925 0.6306666671875
6 0.841 0.6296666671875 0.8425 0.6153333328125 0.8432499999999999 0.5873333328125 0.8422499999999999 0.584 0.8387499999999999 0.5806666671875 0.826 0.5753333328125 0.81425 0.576 0.81375 0.5780000000000001 0.82325 0.6306666671875 0.8300000000000001 0.635 0.83925 0.633 0.841 0.6296666671875
6 0.908 0.636 0.908 0.58 0.90425 0.5773333328125 0.889 0.572 0.8845000000000001 0.5723333328125 0.8815 0.5753333328125 0.88925 0.6266666671875 0.8925000000000001 0.6333333328124999 0.8955 0.636 0.908 0.636
6 0.86525 0.635 0.8807499999999999 0.633 0.88425 0.63 0.8859999999999999 0.584 0.88275 0.5786666671875 0.8755000000000001 0.575 0.86725 0.5733333328125 0.85375 0.5753333328125 0.85125 0.5786666671875 0.84925 0.5953333328125 0.84825 0.6226666671875 0.8532500000000001 0.6296666671875 0.85725 0.6326666671875001 0.86525 0.635
6 0.87675 0.8966666671875 0.8815 0.892 0.8845000000000001 0.8456666671875 0.8789999999999999 0.8376666671875 0.865 0.8243333328125001 0.8535 0.8283333328125 0.8522500000000001 0.8300000000000001 0.865 0.8883333328124999 0.869 0.8943333328125 0.87675 0.8966666671875
6 0.8619999999999999 0.852 0.861 0.8456666671875 0.8574999999999999 0.8393333328124999 0.8494999999999999 0.8306666671875 0.8452500000000001 0.828 0.83775 0.8273333328125 0.83375 0.8296666671875 0.8327500000000001 0.8320000000000001 0.8477499999999999 0.8903333328124999 0.849 0.892 0.8612500000000001 0.8916666671875 0.8619999999999999 0.852
6 0.8385 0.8976666671875 0.841 0.893 0.8422499999999999 0.8483333328124999 0.83375 0.8373333328125 0.8237500000000001 0.829 0.8145 0.829 0.81225 0.8320000000000001 0.81225 0.8373333328125 0.8247500000000001 0.8933333328125 0.828 0.899 0.8385 0.8976666671875
6 0.8182499999999999 0.9 0.82025 0.8923333328125 0.8205 0.8486666671875 0.8065 0.8316666671874999 0.7995 0.8313333328124999 0.7929999999999999 0.8346666671875 0.79225 0.8376666671875 0.8005000000000001 0.8963333328124999 0.80425 0.8993333328125 0.8182499999999999 0.9
6 0.7965 0.9006666671874999 0.798 0.897 0.79825 0.8640000000000001 0.7975 0.8493333328125001 0.79575 0.844 0.787 0.8336666671874999 0.782 0.8320000000000001 0.771 0.8326666671874999 0.769 0.837 0.7675 0.853 0.7675 0.8786666671875001 0.7737499999999999 0.8960000000000001 0.784 0.9019999999999999 0.7965 0.9006666671874999
6 0.7115 0.9006666671874999 0.7125 0.8573333328125001 0.7070000000000001 0.8456666671875 0.701 0.8373333328125 0.693 0.8363333328125 0.68525 0.8376666671875 0.68425 0.8416666671874999 0.693 0.9026666671875001 0.70125 0.909 0.7115 0.9006666671874999
6 0.689 0.9063333328125 0.6900000000000001 0.9043333328125 0.69075 0.8683333328125 0.69025 0.8626666671875001 0.686 0.8483333328124999 0.67775 0.8396666671874999 0.66975 0.8393333328124999 0.6637500000000001 0.8413333328125001 0.6719999999999999 0.9063333328125 0.6757500000000001 0.9086666671874999 0.686 0.908 0.689 0.9063333328125
6 0.654 0.9083333328125001 0.66625 0.9076666671875 0.66825 0.9043333328125 0.67025 0.873 0.669 0.859 0.662 0.844 0.658 0.8386666671875 0.64625 0.8396666671874999 0.643 0.8433333328125 0.64225 0.8460000000000001 0.6487499999999999 0.8963333328124999 0.65075 0.9043333328125 0.654 0.9083333328125001
6 0.6425 0.9109999999999999 0.64625 0.9073333328125001 0.6465 0.861 0.6385 0.8426666671874999 0.63475 0.842 0.62225 0.8446666671875 0.6214999999999999 0.8456666671875 0.6265 0.9053333328125 0.63075 0.9113333328125 0.6425 0.9109999999999999
6 0.61275 0.9133333328125 0.62175 0.9119999999999999 0.6235 0.9086666671874999 0.624 0.8896666671875 0.6245 0.865 0.623 0.857 0.615 0.844 0.60675 0.8426666671874999 0.6025 0.8456666671875 0.6014999999999999 0.8539999999999999 0.6045 0.9039999999999999 0.60775 0.9123333328125 0.61275 0.9133333328125
6 0.59475 0.9133333328125 0.5995 0.9123333328125 0.602 0.9083333328125001 0.60225 0.8633333328124999 0.6 0.8543333328125 0.5945 0.8436666671875 0.5832499999999999 0.8436666671875 0.57925 0.8463333328125 0.5822499999999999 0.9039999999999999 0.58375 0.9103333328125001 0.5845 0.9116666671875 0.59475 0.9133333328125
6 0.5559999999999999 0.9146666671875 0.558 0.9116666671875 0.5582499999999999 0.892 0.5575 0.8640000000000001 0.55425 0.8493333328125001 0.5519999999999999 0.8463333328125 0.54325 0.8460000000000001 0.53725 0.8470000000000001 0.5355000000000001 0.8506666671875 0.5389999999999999 0.913 0.541 0.916 0.5485 0.917 0.5559999999999999 0.9146666671875
6 0.5765 0.916 0.579 0.9123333328125 0.5795 0.8643333328124999 0.57625 0.85 0.57225 0.8436666671875 0.56025 0.845 0.55725 0.8476666671875 0.5582499999999999 0.8883333328124999 0.5615 0.9133333328125 0.56375 0.9163333328125001 0.5765 0.916
6 0.5355000000000001 0.8926666671874999 0.53575 0.874 0.53325 0.8553333328124999 0.5305 0.851 0.526 0.8473333328124999 0.51425 0.851 0.5145 0.8786666671875001 0.52125 0.916 0.533 0.9166666671874999 0.5355000000000001 0.8926666671874999
6 0.511 0.8960000000000001 0.50975 0.8876666671875 0.50125 0.8533333328125 0.49850000000000005 0.851 0.49325 0.852 0.49375 0.9186666671875001 0.5065000000000001 0.9193333328125 0.511 0.916 0.511 0.8960000000000001
6 0.485 0.921 0.48775 0.9193333328125 0.48949999999999994 0.916 0.49050000000000005 0.865 0.48925 0.8533333328125 0.48624999999999996 0.8493333328125001 0.4725 0.8506666671875 0.46975 0.8533333328125 0.46975 0.8923333328125 0.4715 0.9163333328125001 0.47450000000000003 0.9213333328125 0.485 0.921
6 0.46325000000000005 0.9223333328125 0.4655 0.9196666671875 0.4665 0.8543333328125 0.46299999999999997 0.8506666671875 0.45125000000000004 0.8513333328125 0.44775 0.8566666671875 0.44699999999999995 0.865 0.44800000000000006 0.9196666671875 0.45099999999999996 0.9246666671874999 0.46325000000000005 0.9223333328125
6 0.44325000000000003 0.924 0.44525 0.857 0.44325000000000003 0.8536666671875001 0.4295 0.8553333328124999 0.42625 0.8576666671875 0.4255 0.8619999999999999 0.4255 0.9196666671875 0.42750000000000005 0.9233333328125 0.42925 0.924 0.44325000000000003 0.924
6 0.41925 0.9236666671875 0.42225 0.8713333328124999 0.42175 0.857 0.41974999999999996 0.8539999999999999 0.40575 0.8560000000000001 0.404 0.858 0.4025 0.8686666671875001 0.40225 0.905 0.404 0.9246666671874999 0.41325 0.9256666671874999 0.41925 0.9236666671875
6 0.40025000000000005 0.9279999999999999 0.40125 0.924 0.40025000000000005 0.8573333328125001 0.39525 0.8546666671875001 0.38225 0.858 0.37775 0.8766666671875001 0.37725 0.9043333328125 0.379 0.9246666671874999 0.38075000000000003 0.931 0.40025000000000005 0.9279999999999999
6 0.373 0.9276666671875 0.374 0.924 0.376 0.8653333328124999 0.37525 0.8596666671875001 0.3735 0.858 0.36124999999999996 0.858 0.35775 0.8640000000000001 0.35525 0.8766666671875001 0.355 0.906 0.35724999999999996 0.9306666671875 0.37075 0.9296666671875 0.373 0.9276666671875
6 0.3375 0.9316666671875 0.34950000000000003 0.931 0.35125 0.9276666671875 0.35525 0.8613333328125 0.34950000000000003 0.8556666671875 0.33775 0.861 0.33575 0.8636666671875 0.33175 0.877 0.33075 0.8836666671875 0.3315 0.9276666671875 0.33399999999999996 0.9306666671875 0.3375 0.9316666671875
6 0.31025 0.9306666671875 0.31375000000000003 0.932 0.32425000000000004 0.9306666671875 0.32599999999999996 0.9279999999999999 0.32725 0.916 0.3305 0.8616666671875001 0.3295 0.861 0.3165 0.869 0.3095 0.8766666671875001 0.3065 0.8846666671875001 0.30674999999999997 0.913 0.30874999999999997 0.9279999999999999 0.31025 0.9306666671875
6 0.3045 0.8946666671875001 0.30491925000000003 0.8637483328125001 0.2968505 0.8628883328124999 0.29120225 0.8656836671875 0.28426325 0.886327 0.288 0.9316666671875 0.3025 0.9326666671874999 0.30474999999999997 0.9279999999999999 0.3045 0.8946666671875001
6 0.27799999999999997 0.9313333328125 0.279 0.924 0.28250000000000003 0.8683333328125 0.27925 0.8646666671875 0.26725 0.8676666671875 0.261 0.8859999999999999 0.26275 0.933 0.26349999999999996 0.9346666671875001 0.27549999999999997 0.9336666671874999 0.27799999999999997 0.9313333328125
6 0.209 0.9396666671875 0.21675 0.9243333328125001 0.21775000000000003 0.9193333328125 0.219 0.8886666671875 0.21600000000000003 0.8693333328125 0.21200000000000002 0.8663333328125 0.205 0.8673333328125 0.19724999999999998 0.8710000000000001 0.189 0.8843333328125 0.18725 0.892 0.18625 0.9156666671875 0.19 0.9390000000000001 0.19325 0.9403333328124999 0.209 0.9396666671875
6 0.16525 0.9353333328125 0.16975 0.9236666671875 0.17099999999999999 0.8923333328125 0.16975 0.869 0.16599999999999998 0.8673333328125 0.15025 0.8733333328124999 0.14225000000000002 0.8856666671875001 0.14150000000000001 0.8886666671875 0.14075 0.9109999999999999 0.142 0.9426666671874999 0.15825 0.943 0.16525 0.9353333328125
6 0.13525 0.943 0.13725 0.9393333328125 0.14225000000000002 0.8776666671875001 0.14175 0.8726666671875 0.13799999999999998 0.8706666671875001 0.126 0.874 0.11750000000000001 0.8859999999999999 0.11374999999999999 0.8936666671875001 0.1135 0.9039999999999999 0.11674999999999999 0.9423333328125001 0.12125 0.9446666671875 0.13525 0.943
6 0.1035 0.944 0.10800000000000001 0.9423333328125001 0.1105 0.9396666671875 0.12025 0.8766666671875001 0.11574999999999999 0.8723333328124999 0.10500000000000001 0.8746666671875 0.101 0.8789999999999999 0.09625 0.8883333328124999 0.09175 0.9003333328125 0.0925 0.9396666671875 0.0955 0.9436666671875 0.1035 0.944
6 0.0875 0.9433333328125 0.0905 0.9393333328125 0.0995 0.8766666671875001 0.097 0.874 0.093 0.8726666671875 0.08349999999999999 0.8746666671875 0.07675 0.882 0.0705 0.8926666671874999 0.07025 0.9043333328125 0.07375000000000001 0.9436666671875 0.07625 0.9463333328125 0.0875 0.9433333328125