0 0.7524456671875 0.59675 0.7531266671875 0.6062862499999999 0.7640203328124999 0.6115655 0.7637933328125001 0.66112025 0.7531266671875 0.65567075 0.751992 0.66554775 0.7456373328125 0.6607795000000001 0.7449563328125001 0.67661675 0.7957933328125 0.677298 0.7948853328125 0.665037 0.8037366671875 0.6645260000000001 0.8030556671875001 0.6609499999999999 0.815084 0.6607795000000001 0.8157650000000001 0.61037325 0.8044173328124999 0.6057755 0.8055519999999999 0.599134 0.7957933328125 0.5943660000000001 0.796474 0.57921 0.746772 0.5788694999999999 0.7456373328125 0.57852875 0.7438216671875 0.59283325 0.7524456671875 0.59675
0 0.8044173328124999 0.6054350000000001 0.815311 0.61173575 0.8157650000000001 0.6600984999999999 0.8039633328125 0.6616310000000001 0.8044173328124999 0.6645260000000001 0.7955663328125 0.6653775000000001 0.7951123328125 0.6764465000000001 0.8457223328125 0.676787 0.8450413328125 0.6653775000000001 0.855935 0.66435575 0.856162 0.66112025 0.869552 0.66060925 0.8704599999999999 0.61037325 0.8554809999999999 0.60560525 0.856162 0.59811225 0.8457223328125 0.5935145000000001 0.8461763328125 0.57938025 0.7962163328125 0.5784357499999999 0.7955663328125 0.5930035 0.8030556671875001 0.5969202499999999 0.8044173328124999 0.6054350000000001
0 0.8552543328125 0.604924 0.8704599999999999 0.6105437499999999 0.869552 0.660439 0.8557079999999999 0.66112025 0.855935 0.6653775000000001 0.8454953328125001 0.66520725 0.8454953328125001 0.6764465000000001 0.8958783328125 0.676787 0.8951973328125 0.6653775000000001 0.9074526671875001 0.66554775 0.9069986671875 0.66112025 0.9228853328125 0.6612905 0.9219776671875 0.61037325 0.9072256671875 0.6052645 0.9067719999999999 0.5969202499999999 0.8956513328125 0.5935145000000001 0.8958783328125 0.5795505000000001 0.84587 0.57886125 0.84663 0.5930035 0.8554809999999999 0.5969202499999999 0.8552543328125 0.604924
7 0.1484816671875 0.02801425 0.0312766671875 0.026008999999999997 0.028204 0.08169425 0.1484816671875 0.08498750000000001 0.1484816671875 0.02801425
7 0.267223 0.029328 0.14979866718749998 0.02765525 0.1429946671875 0.08103225 0.2632723328125 0.08465475 0.267223 0.029328
7 0.381904 0.029901 0.265577 0.02765525 0.26382099999999997 0.10268200000000001 0.3779533328125 0.10301149999999999 0.381904 0.029901
7 0.49779233281249996 0.033523750000000005 0.382343 0.029242499999999998 0.3792703328125 0.10399925000000002 0.4942806671875 0.10893925 0.49779233281249996 0.033523750000000005
7 0.6119246671874999 0.033194249999999995 0.4982313328125 0.032182 0.49515833281250005 0.10630474999999999 0.6088516671875001 0.10893925 0.6119246671874999 0.033194249999999995
7 0.7273736671875 0.0345115 0.6123636671875 0.032182 0.6128026671875 0.09181425 0.725179 0.0941195 0.7273736671875 0.0345115
7 0.15342 0.24907775000000001 0.0334713328125 0.24741475 0.0309473328125 0.30374575 0.1507863328125 0.3053925 0.15342 0.24907775000000001
7 0.275454 0.25105374999999996 0.15254233281250001 0.24823775 0.15737099999999998 0.324164 0.271942 0.32646925000000004 0.275454 0.25105374999999996
7 0.39123233281249997 0.253036 0.2727103328125 0.25111849999999997 0.27227133281250004 0.324829 0.3885983328125 0.328781 0.39123233281249997 0.253036
7 0.5071203328125 0.25402399999999997 0.3923296671875 0.2527645 0.3903543328125 0.327793 0.5062426671875 0.328781 0.5071203328125 0.25402399999999997
7 0.6247643328125 0.25534124999999996 0.5075593328125 0.252353 0.5079983328125001 0.32812225 0.6212526671874999 0.33042775 0.6247643328125 0.25534124999999996
7 0.7425183328125 0.2569805 0.6257520000000001 0.25599249999999996 0.6222403328125 0.31164875 0.7403233328125001 0.31329525 0.7425183328125 0.2569805
7 0.862357 0.2579685 0.7407623328125 0.25564525 0.7398843328125 0.311978 0.8575283328125 0.314942 0.862357 0.2579685
0 0.6129396671875 0.5314805 0.610158 0.5409665 0.6048473328124999 0.547607 0.630389 0.54969375 0.6372169999999999 0.5409665 0.6369640000000001 0.5320495000000001 0.641769 0.5314805 0.644045 0.48272149999999997 0.6389873328125 0.4813935 0.6397459999999999 0.47247649999999997 0.6341823328125 0.46071375000000003 0.607882 0.4607005 0.6139513328125 0.47133824999999996 0.61471 0.48120375 0.6129396671875 0.5314805
0 0.6432863328125 0.481773 0.642022 0.5265475000000001 0.6387343328124999 0.533757 0.6372169999999999 0.540587 0.6321593328125 0.54912475 0.6571953328125 0.5498835 0.6655406671875 0.5409665 0.6657933328125 0.5326187499999999 0.669334 0.5312907499999999 0.6685753328125 0.48329075 0.6662993328125 0.47949624999999996 0.666552 0.47399424999999995 0.6612413328125 0.46128274999999996 0.634941 0.46071375000000003 0.6387343328124999 0.47152775 0.6399986671875 0.4793065 0.6432863328125 0.481773
0 0.6708513328125 0.48272149999999997 0.6705983328125 0.5295832500000001 0.6652876671875 0.5314805 0.6655406671875 0.54115625 0.6589653328125 0.5493145 0.68299 0.549504 0.692094 0.54191525 0.692094 0.53356725 0.6968986671875 0.5309112500000001 0.6976573328125 0.48367025 0.6933583328124999 0.4813935 0.6946226671875 0.47209700000000004 0.689818 0.46128274999999996 0.662253 0.46164875 0.6675636671875 0.4717175 0.6662993328125 0.4800655 0.6708513328125 0.48272149999999997
0 0.6979103328125 0.4813935 0.698416 0.529014 0.6933583328124999 0.53223925 0.6925996671875 0.5417255 0.6845073328125 0.549504 0.709796 0.550263 0.7199116671875 0.5403975 0.7196586671875 0.53167025 0.723705 0.5309112500000001 0.7249693328125 0.48234199999999994 0.7206703328125 0.48044475000000003 0.7199116671875 0.47228675000000003 0.7135893328125 0.461093 0.6913353328125 0.4609375 0.687289 0.46033425 0.6933583328124999 0.47152775 0.6979103328125 0.4813935
0 0.7563276671875 0.48215225000000006 0.755822 0.5295832500000001 0.7500053328125 0.5312907499999999 0.7482353328125 0.5409665 0.739637 0.54912475 0.7687193328124999 0.5498835 0.7755473328125 0.541346 0.7742826671875 0.5320495000000001 0.783134 0.5307215000000001 0.7854099999999999 0.483101 0.7770646671875 0.4800655 0.778582 0.47323525 0.768972 0.46242124999999995 0.7434936671875 0.46164875 0.7527873328125 0.47057925 0.7535459999999999 0.47987575 0.7563276671875 0.48215225000000006
0 0.7859156671874999 0.48385975 0.7859156671874999 0.5299625 0.7788346671874999 0.53223925 0.7773173328125 0.540587 0.769478 0.549504 0.791985 0.55083225 0.8056409999999999 0.54077675 0.8061466671874999 0.5328085 0.8117103328124999 0.5309112500000001 0.8147449999999999 0.48348050000000004 0.8069053328125 0.4806345 0.8076639999999999 0.47266624999999995 0.7985599999999999 0.46261074999999996 0.7702366671875 0.46166225 0.7790876671875 0.472856 0.778329 0.47949624999999996 0.7859156671874999 0.48385975
0 0.8069053328125 0.480255 0.8144920000000001 0.48215225000000006 0.8134806671874999 0.53053175 0.8066526671875 0.53223925 0.805894 0.5409665 0.7937553328125 0.5498835 0.8200556671875001 0.5506425 0.8334586671875 0.542674 0.8344703328125 0.5328085 0.8407926671875 0.5328085 0.84231 0.483101 0.835229 0.48196275 0.8349759999999999 0.47361475000000003 0.8291596671875 0.46830249999999995 0.819297 0.46261074999999996 0.801658 0.4633085 0.7980543328125 0.4622315 0.8081699999999999 0.47304575 0.8069053328125 0.480255
0 0.40980033281250006 0.603513 0.40748633281249996 0.6074587499999999 0.40811766718750003 0.65733125 0.4104316671875 0.6630130000000001 0.40980033281250006 0.6751652499999999 0.4602893328125 0.6757967500000001 0.46239299999999994 0.57684075 0.4125353328125 0.57762975 0.41274566718749994 0.5905715 0.410642 0.5956217500000001 0.40980033281250006 0.603513
0 0.513092 0.57999725 0.46281366718749994 0.579477 0.46176199999999995 0.6795845 0.5120403328124999 0.6795845 0.513092 0.57999725
0 0.539809 0.66640375 0.5414920000000001 0.658986 0.5410713328125001 0.60737725 0.5332876671875 0.62710525 0.515669 0.6226685 0.5135126671875 0.65740775 0.5128816671875 0.665141 0.539809 0.66640375
0 0.5675779999999999 0.6662457500000001 0.5696816671875 0.658828 0.5686296671875 0.60832425 0.5633703328124999 0.606746 0.563581 0.628368 0.548855 0.62805225 0.5446476671875 0.6182672499999999 0.542544 0.6575655 0.5423336671875 0.6656145 0.5675779999999999 0.6662457500000001
0 0.5940843328125001 0.665141 0.5970296671875001 0.65772325 0.5961883328125 0.617478 0.5917703328125 0.62505375 0.5747303328125 0.6207922499999999 0.5789380000000001 0.61369025 0.577886 0.60564125 0.5706283328125 0.60551025 0.5707333328125 0.65772325 0.568209 0.6646675 0.5940843328125001 0.665141
0 0.595557 0.6649832499999999 0.6231156671875 0.666088 0.6229053328124999 0.66230025 0.6245879999999999 0.65819675 0.6269023328125 0.61558425 0.5985023328125 0.6127432500000001 0.598923 0.6566185 0.59724 0.6575655 0.595557 0.6649832499999999
0 0.6260606671875 0.6649832499999999 0.6519363328125001 0.6657722500000001 0.651305 0.6596172499999999 0.6550916671875 0.658986 0.6567746671875 0.61369025 0.6447836671875 0.61684675 0.6414176671875 0.6261585000000001 0.6344756671875 0.62899925 0.6346860000000001 0.6143215 0.627954 0.6155685 0.6294266671875001 0.65724975 0.6260606671875 0.658039 0.6260606671875 0.6649832499999999
0 0.65404 0.66529875 0.6784426671875 0.6657722500000001 0.6776013328125 0.6585125 0.6845436671875 0.6566185 0.6847540000000001 0.6394157500000001 0.6826503328125 0.63925775 0.663717 0.63262925 0.6618236671875 0.6127432500000001 0.6574056671874999 0.614188 0.6578266671875 0.65772325 0.6536190000000001 0.66009075 0.65404 0.66529875
0 0.6799153328124999 0.6656145 0.7076843328125 0.6657722500000001 0.7076843328125 0.6593015 0.712102 0.658986 0.7123123328125 0.60958675 0.7070529999999999 0.609429 0.7078946671875 0.6362592499999999 0.6868576671875 0.64067825 0.6858056671874999 0.6578809999999999 0.6811776671875001 0.6591437499999999 0.6799153328124999 0.6656145
6 0.10800000000000001 0.5105000000000001 0.10900000000000001 0.50975 0.11033333281249999 0.49874999999999997 0.11100000000000002 0.48525 0.11299999999999999 0.48224999999999996 0.10533333281249999 0.48075 0.0923333328125 0.48224999999999996 0.09066666718750001 0.49749999999999994 0.09066666718750001 0.5105000000000001 0.0936666671875 0.5117499999999999 0.10466666718749999 0.5115000000000001 0.10800000000000001 0.5105000000000001
6 0.1336666671875 0.5105000000000001 0.1366666671875 0.48224999999999996 0.1203333328125 0.4805 0.1163333328125 0.48224999999999996 0.11399999999999999 0.49974999999999997 0.1136666671875 0.51 0.11499999999999999 0.5115000000000001 0.1316666671875 0.5117499999999999 0.1336666671875 0.5105000000000001
6 0.157 0.51025 0.156 0.5042500000000001 0.16 0.48200000000000004 0.155 0.4805 0.148 0.48 0.1433333328125 0.48 0.1403333328125 0.48150000000000004 0.13899999999999998 0.48475 0.1376666671875 0.501 0.1373333328125 0.51 0.1386666671875 0.512 0.1546666671875 0.51125 0.157 0.51025
6 0.1836666671875 0.5095 0.1856666671875 0.50225 0.1853333328125 0.48175 0.1676666671875 0.481 0.1646666671875 0.48250000000000004 0.1636666671875 0.48600000000000004 0.1633333328125 0.51075 0.1656666671875 0.5117499999999999 0.1813333328125 0.5117499999999999 0.1836666671875 0.5095
6 0.205 0.51375 0.207 0.50975 0.2076666671875 0.5025000000000001 0.2076666671875 0.48550000000000004 0.205 0.48125 0.2013333328125 0.48274999999999996 0.197 0.48150000000000004 0.1943333328125 0.48274999999999996 0.1893333328125 0.48250000000000004 0.1873333328125 0.49800000000000005 0.1866666671875 0.5105000000000001 0.1876666671875 0.5125 0.1893333328125 0.51375 0.205 0.51375
6 0.2346666671875 0.4965 0.2346666671875 0.48550000000000004 0.2336666671875 0.48375 0.2286666671875 0.48250000000000004 0.2166666671875 0.48250000000000004 0.2136666671875 0.485 0.213 0.48825 0.2136666671875 0.512 0.2196666671875 0.514 0.2323333328125 0.5135 0.2346666671875 0.4965
6 0.2556666671875 0.5145 0.258 0.5105000000000001 0.2576666671875 0.50525 0.259 0.502 0.26033333281250004 0.48624999999999996 0.2593333328125 0.4845 0.256 0.48224999999999996 0.24533333281249997 0.48200000000000004 0.23933333281250002 0.483 0.23733333281250002 0.48600000000000004 0.23700000000000002 0.493 0.2366666671875 0.51125 0.23766666718749999 0.5135 0.24 0.5145 0.2556666671875 0.5145
6 0.2843333328125 0.5042500000000001 0.28700000000000003 0.48650000000000004 0.286 0.48425 0.27999999999999997 0.48274999999999996 0.2666666671875 0.48324999999999996 0.26433333281250004 0.48475 0.2633333328125 0.49000000000000005 0.2636666671875 0.51425 0.28300000000000003 0.515 0.2843333328125 0.513 0.2843333328125 0.5042500000000001
6 0.3063333328125 0.515 0.3086666671875 0.51375 0.3093333328125 0.511 0.31033333281250003 0.48525 0.306 0.483 0.2946666671875 0.48250000000000004 0.2906666671875 0.4835 0.2883333328125 0.48624999999999996 0.28900000000000003 0.51325 0.2906666671875 0.5145 0.29533333281249996 0.51375 0.3063333328125 0.515
6 0.3806666671875 0.5145 0.382 0.5135 0.3826666671875 0.50975 0.384 0.48575 0.3806666671875 0.48375 0.3736666671875 0.48324999999999996 0.36666666718749996 0.48324999999999996 0.363 0.48475 0.362 0.48624999999999996 0.363 0.5135 0.36466666718749996 0.51475 0.3806666671875 0.5145
6 0.359 0.5025000000000001 0.3593333328125 0.48525 0.3566666671875 0.4835 0.3453333328125 0.48274999999999996 0.3403333328125 0.4835 0.33799999999999997 0.48575 0.3383333328125 0.51375 0.341 0.51525 0.357 0.51475 0.359 0.5025000000000001
6 0.33599999999999997 0.48525 0.3306666671875 0.4835 0.318 0.48324999999999996 0.3136666671875 0.48624999999999996 0.31433333281250003 0.51475 0.3333333328125 0.515 0.3343333328125 0.514 0.33599999999999997 0.48525
6 0.4073333328125 0.5135 0.40599999999999997 0.508 0.40933333281250006 0.49000000000000005 0.404 0.48550000000000004 0.3973333328125 0.487 0.3923333328125 0.48425 0.3886666671875 0.4835 0.387 0.48575 0.3866666671875 0.51375 0.38933333281250004 0.51525 0.4046666671875 0.515 0.4073333328125 0.5135
6 0.42766666718749996 0.51475 0.43 0.51325 0.4286666671875 0.4925 0.42366666718749996 0.48775 0.41600000000000004 0.48975 0.4143333328125 0.5135 0.41566666718749995 0.5145 0.4193333328125 0.51375 0.42766666718749996 0.51475
6 0.4556666671875 0.5135 0.45533333281250005 0.5015 0.45099999999999996 0.492 0.44299999999999995 0.49400000000000005 0.4373333328125 0.49800000000000005 0.43666666718749997 0.5 0.43666666718749997 0.51525 0.43933333281250003 0.5165 0.45466666718750004 0.51625 0.4556666671875 0.5135
6 0.47933333281249996 0.51625 0.4803333328125 0.51425 0.4796666671875 0.49775 0.48266666718750006 0.49474999999999997 0.4823333328125 0.4925 0.4743333328125 0.493 0.46299999999999997 0.49625 0.45866666718750004 0.50075 0.4583333328125 0.51375 0.4596666671875 0.516 0.46266666718750005 0.51725 0.47933333281249996 0.51625
6 0.503 0.50225 0.5016666671875 0.48525 0.49000000000000005 0.48324999999999996 0.48600000000000004 0.48650000000000004 0.483 0.49375 0.483 0.5145 0.48566666718749996 0.51625 0.5016666671875 0.51625 0.503 0.50225
6 0.5093333328125 0.51675 0.513 0.5155000000000001 0.525 0.5157499999999999 0.5269999999999999 0.5045 0.526 0.48650000000000004 0.524 0.485 0.5096666671875 0.485 0.5073333328125 0.48925 0.507 0.5042500000000001 0.5086666671875 0.509 0.5083333328124999 0.5155000000000001 0.5093333328125 0.51675
6 0.5563333328125 0.5155000000000001 0.5596666671875 0.51475 0.572 0.51525 0.5736666671874999 0.50575 0.5730000000000001 0.48624999999999996 0.5696666671874999 0.48475 0.5566666671875 0.48425 0.554 0.48600000000000004 0.5536666671875 0.488 0.5533333328125 0.5045 0.5549999999999999 0.509 0.5549999999999999 0.5145 0.5563333328125 0.5155000000000001
6 0.5873333328125 0.51625 0.5923333328125 0.5165 0.5956666671875 0.51775 0.5993333328125 0.51375 0.6003333328125 0.49375 0.5973333328125 0.4915 0.5953333328125 0.48624999999999996 0.593 0.48475 0.5796666671875 0.484 0.5763333328125 0.48624999999999996 0.576 0.50675 0.5773333328125 0.51525 0.58 0.51775 0.5873333328125 0.51625
6 0.5486666671875 0.51675 0.5496666671875 0.514 0.5486666671875 0.48575 0.541 0.48425 0.533 0.48550000000000004 0.5303333328125001 0.49074999999999996 0.53 0.51375 0.5309999999999999 0.516 0.5323333328125 0.517 0.5486666671875 0.51675
6 0.33399999999999996 0.6415 0.3493333328125 0.641 0.3526666671875 0.6385 0.3523333328125 0.63 0.3556666671875 0.61525 0.354 0.60875 0.3523333328125 0.607 0.346 0.6054999999999999 0.32966666718750004 0.607 0.32966666718750004 0.61375 0.3333333328125 0.62175 0.331 0.63875 0.33399999999999996 0.6415
6 0.327 0.641 0.3286666671875 0.639 0.32966666718750004 0.629 0.3293333328125 0.61375 0.32799999999999996 0.60825 0.3243333328125 0.607 0.31433333281250003 0.60775 0.3093333328125 0.61125 0.309 0.616 0.3083333328125 0.639 0.3093333328125 0.6405000000000001 0.31033333281250003 0.6415 0.327 0.641
6 0.30333333281249997 0.63875 0.3056666671875 0.62675 0.3056666671875 0.61 0.304 0.60825 0.29933333281249996 0.607 0.2906666671875 0.6075 0.2853333328125 0.61 0.284 0.6132500000000001 0.2836666671875 0.6385 0.2866666671875 0.641 0.3006666671875 0.6407499999999999 0.30333333281249997 0.63875
6 0.2066666671875 0.64025 0.209 0.6355000000000001 0.20833333281250002 0.63 0.211 0.62375 0.2113333328125 0.61375 0.2093333328125 0.607 0.2033333328125 0.6065 0.194 0.6075 0.1876666671875 0.60975 0.1863333328125 0.6115 0.185 0.62725 0.1846666671875 0.63875 0.1856666671875 0.6407499999999999 0.205 0.6415 0.2066666671875 0.64025
6 0.1796666671875 0.6405000000000001 0.184 0.6172500000000001 0.184 0.6105 0.1816666671875 0.6075 0.1696666671875 0.6075 0.16599999999999998 0.60825 0.1606666671875 0.61125 0.158 0.62725 0.157 0.63875 0.1586666671875 0.64175 0.1776666671875 0.64175 0.1796666671875 0.6405000000000001
6 0.061333332812499995 0.63975 0.062333332812499996 0.6275000000000001 0.061333332812499995 0.611 0.06 0.60975 0.0526666671875 0.60775 0.044 0.6085 0.039333332812499996 0.61025 0.037333332812499995 0.61525 0.037 0.643 0.045 0.64525 0.06 0.64225 0.061333332812499995 0.63975
6 0.08 0.6415 0.08299999999999999 0.63875 0.08499999999999999 0.6275000000000001 0.0836666671875 0.6224999999999999 0.0856666671875 0.619 0.0853333328125 0.611 0.0796666671875 0.60875 0.0676666671875 0.60875 0.0636666671875 0.611 0.063 0.61275 0.0633333328125 0.64175 0.064 0.6425 0.076 0.6425 0.08 0.6415
6 0.11100000000000002 0.63875 0.1116666671875 0.61125 0.10733333281249999 0.6085 0.0993333328125 0.608 0.0923333328125 0.609 0.0893333328125 0.611 0.088 0.61875 0.0876666671875 0.6407499999999999 0.09 0.642 0.10833333281249999 0.642 0.11100000000000002 0.63875
6 0.1426666671875 0.64175 0.1476666671875 0.6395 0.1493333328125 0.6235 0.1493333328125 0.60975 0.1476666671875 0.6075 0.1193333328125 0.60875 0.1153333328125 0.611 0.11399999999999999 0.61775 0.11333333281249999 0.63875 0.11499999999999999 0.641 0.1276666671875 0.642 0.1426666671875 0.64175
6 0.028999999999999998 0.8102499999999999 0.029666667187500002 0.8077500000000001 0.030666667187500003 0.783 0.037 0.77525 0.0326666671875 0.77225 0.029666667187500002 0.77175 0.017333332812499998 0.77325 0.0136666671875 0.7747499999999999 0.007666667187499999 0.78125 0.0066666671875 0.78975 0.0063333328125 0.8102499999999999 0.0096666671875 0.8125 0.025333332812499998 0.81275 0.028999999999999998 0.8102499999999999
6 0.0486666671875 0.8130000000000001 0.0523333328125 0.8102499999999999 0.056999999999999995 0.783 0.061 0.77525 0.059 0.77275 0.055333332812500004 0.77125 0.045 0.77275 0.038666667187499996 0.77525 0.031666667187500004 0.78225 0.031 0.7875 0.030666667187500003 0.8077500000000001 0.032 0.8119999999999999 0.0356666671875 0.8135 0.0486666671875 0.8130000000000001
6 0.061 0.81425 0.0686666671875 0.8145 0.0763333328125 0.8109999999999999 0.078 0.7929999999999999 0.0816666671875 0.77525 0.0793333328125 0.77275 0.076 0.7715 0.06833333281250001 0.773 0.060333332812499994 0.7769999999999999 0.056999999999999995 0.78325 0.05500000000000001 0.79875 0.05600000000000001 0.8022500000000001 0.0543333328125 0.808 0.056333332812500005 0.8125 0.061 0.81425
6 0.09733333281249999 0.8147500000000001 0.10200000000000001 0.8105 0.10366666718749999 0.8025 0.10633333281249999 0.77575 0.10400000000000001 0.7715 0.0916666671875 0.774 0.08299999999999999 0.7785 0.0806666671875 0.78275 0.079 0.79825 0.0786666671875 0.8082499999999999 0.08 0.81325 0.0826666671875 0.81425 0.09733333281249999 0.8147500000000001
6 0.119 0.8157500000000001 0.1223333328125 0.8145 0.124 0.81225 0.126 0.8025 0.1273333328125 0.787 0.1246666671875 0.773 0.12166666718750001 0.772 0.1136666671875 0.7735000000000001 0.10700000000000001 0.7785 0.10600000000000001 0.783 0.10466666718749999 0.80425 0.10266666718749999 0.8145 0.11033333281249999 0.8162499999999999 0.119 0.8157500000000001
6 0.1483333328125 0.8087500000000001 0.15 0.8039999999999999 0.1486666671875 0.7925832500000001 0.1496666671875 0.77925 0.1463333328125 0.7747499999999999 0.1386666671875 0.77525 0.1373333328125 0.7775000000000001 0.13433333281249998 0.7785 0.1306666671875 0.7777499999999999 0.12933333281249998 0.779 0.1286666671875 0.8102499999999999 0.1346666671875 0.8140000000000001 0.1423333328125 0.81325 0.1483333328125 0.8087500000000001
6 0.1616666671875 0.82075 0.1776666671875 0.82075 0.1813333328125 0.81975 0.1883333328125 0.8150000000000001 0.1916666671875 0.8065 0.1936666671875 0.77925 0.17366666718749998 0.78 0.16499999999999998 0.7855000000000001 0.1616666671875 0.79425 0.162 0.8029999999999999 0.16 0.8140000000000001 0.16 0.8182499999999999 0.1616666671875 0.82075
6 0.2823333328125 0.8182499999999999 0.2826666671875 0.7885 0.284 0.779 0.27999999999999997 0.778 0.2713333328125 0.778 0.2673333328125 0.7805 0.2626666671875 0.78925 0.2613333328125 0.79825 0.2613333328125 0.8164999999999999 0.263 0.82125 0.279 0.82225 0.2823333328125 0.8182499999999999
6 0.28700000000000003 0.8205 0.2896666671875 0.82125 0.3026666671875 0.82125 0.3046666671875 0.8205 0.3083333328125 0.818 0.31 0.8145 0.3093333328125 0.7929999999999999 0.312 0.787 0.31233333281250003 0.7787499999999999 0.2943333328125 0.77525 0.2896666671875 0.7785 0.2833333328125 0.787 0.2826666671875 0.79075 0.2826666671875 0.7985 0.28500000000000003 0.8039999999999999 0.2856666671875 0.8182499999999999 0.28700000000000003 0.8205
6 0.4046666671875 0.8185 0.40599999999999997 0.79775 0.409 0.77925 0.398 0.7775000000000001 0.3906666671875 0.77825 0.3876666671875 0.78225 0.386 0.79325 0.3843333328125 0.8182499999999999 0.388 0.8210000000000001 0.40099999999999997 0.8215 0.4046666671875 0.8185
6 0.49800000000000005 0.82075 0.5013333328125 0.8182499999999999 0.501 0.80725 0.5053333328125 0.79125 0.504 0.77925 0.5016666671875 0.7777499999999999 0.495 0.77925 0.4903333328125 0.7785 0.4846666671875 0.779 0.48333333281249996 0.79075 0.4836666671875 0.8115 0.4823333328125 0.8182499999999999 0.48566666718749996 0.8215 0.49800000000000005 0.82075
6 0.47800000000000004 0.8185 0.4806666671875 0.77925 0.4763333328125 0.7777499999999999 0.46733333281249995 0.77725 0.46266666718750005 0.77725 0.45933333281250005 0.779 0.4583333328125 0.81875 0.4613333328125 0.82075 0.47466666718750006 0.82075 0.47800000000000004 0.8185
6 0.43533333281250003 0.82025 0.438 0.8210000000000001 0.45099999999999996 0.8210000000000001 0.45366666718750004 0.8185 0.4566666671875 0.779 0.45499999999999996 0.778 0.43833333281250003 0.778 0.4363333328125 0.7795 0.43499999999999994 0.7889999999999999 0.43499999999999994 0.8002499999999999 0.4336666671875 0.80625 0.43433333281250003 0.8185 0.43533333281250003 0.82025
6 0.4273333328125 0.82025 0.429 0.8182499999999999 0.4326666671875 0.7895 0.4326666671875 0.7825 0.43 0.7787499999999999 0.4206666671875 0.7777499999999999 0.413 0.77925 0.4106666671875 0.7889999999999999 0.4096666671875 0.805 0.40933333281250006 0.8185 0.4106666671875 0.82025 0.41200000000000003 0.82125 0.4273333328125 0.82025
6 0.584 0.82 0.5993333328125 0.8195 0.6006666671875001 0.818 0.6023333328125 0.80525 0.6023333328125 0.78575 0.601 0.7805 0.5986666671875 0.778 0.5956666671875 0.77675 0.588 0.7765 0.58 0.7775000000000001 0.5780000000000001 0.7805 0.577 0.78275 0.5773333328125 0.80725 0.5816666671874999 0.818 0.584 0.82
6 0.6043333328125 0.8182499999999999 0.6073333328125 0.8215 0.618 0.8205 0.6233333328125 0.8215 0.6256666671875 0.81875 0.6263333328125 0.795 0.626 0.7865 0.624 0.7795 0.6133333328125 0.7775000000000001 0.6036666671875001 0.778 0.6023333328125 0.779 0.6023333328125 0.7809999999999999 0.604 0.791 0.6043333328125 0.8182499999999999
6 0.631 0.82075 0.6473333328125 0.8210000000000001 0.6503333328124999 0.8182499999999999 0.6506666671875 0.80725 0.6496666671875 0.79025 0.6473333328125 0.7825 0.6426666671875 0.77825 0.627 0.77825 0.626 0.782 0.6273333328125 0.8105 0.629 0.8182499999999999 0.631 0.82075
6 0.7946666671875 0.8215 0.7963333328125 0.81875 0.7969999999999999 0.80575 0.7966666671875 0.7887500000000001 0.795 0.7847500000000001 0.7906666671875 0.7815000000000001 0.787 0.7805 0.7833333328125 0.77975 0.7743333328124999 0.78025 0.768 0.783 0.7663333328124999 0.79075 0.767 0.8095000000000001 0.774 0.818 0.7793333328125 0.82125 0.7946666671875 0.8215
6 0.8 0.8182499999999999 0.8026666671875 0.8215 0.8096666671875001 0.82025 0.818 0.82075 0.8203333328125 0.8185 0.819 0.8099999999999999 0.8216666671875 0.8025 0.8203333328125 0.78675 0.8143333328125 0.7809999999999999 0.8016666671875001 0.78075 0.7963333328125 0.782 0.7973333328125001 0.79525 0.7993333328125 0.79975 0.7986666671875 0.8109999999999999 0.8 0.8182499999999999
6 0.8423333328125 0.81875 0.8426666671874999 0.80625 0.841 0.787 0.8363333328125 0.78425 0.8220000000000001 0.78425 0.8210000000000001 0.7855000000000001 0.8223333328125 0.818 0.8256666671874999 0.82075 0.8413333328125001 0.8205 0.8423333328125 0.81875
6 0.9306666671875 0.8244999999999999 0.9349999999999999 0.8255000000000001 0.9403333328124999 0.8252499999999999 0.9433333328125 0.8230000000000001 0.9423333328125001 0.78925 0.9276666671875 0.779 0.916 0.78275 0.9176666671874999 0.8082499999999999 0.9196666671875 0.8154999999999999 0.9259999999999999 0.82225 0.9306666671875 0.8244999999999999
6 0.9119999999999999 0.8220000000000001 0.9156666671875 0.8182499999999999 0.9166666671874999 0.81125 0.9163333328125001 0.79125 0.9136666671875 0.7847500000000001 0.9083333328125001 0.78025 0.9029999999999999 0.7787499999999999 0.893 0.778 0.8806666671875 0.77925 0.881 0.8077500000000001 0.8923333328125 0.81925 0.8963333328124999 0.82075 0.9119999999999999 0.8220000000000001
6 0.9019999999999999 0.98225 0.9039999999999999 0.9872500000000001 0.9046666671875 0.994 0.908 0.9974999999999999 0.9166666671874999 0.99725 0.9213333328125 0.99975 0.9243333328125001 0.99975 0.925 0.96675 0.9236666671875 0.9635 0.9196666671875 0.95875 0.914 0.95475 0.9056666671875 0.9525 0.9043333328125 0.9505000000000001 0.9 0.9505000000000001 0.8986666671875 0.951 0.8986666671875 0.959 0.9023333328125 0.9744999999999999 0.9019999999999999 0.98225
6 0.8766666671875001 0.9824999999999999 0.8743333328125 0.9862500000000001 0.876 0.994 0.8813333328124999 0.9967499999999999 0.8863333328125 0.9970000000000001 0.8916666671875 0.99975 0.8939999999999999 0.99975 0.8939999999999999 0.998 0.8963333328124999 0.9974999999999999 0.8983333328124999 0.99475 0.8996666671875 0.98375 0.8986666671875 0.966 0.897 0.96175 0.8896666671875 0.953 0.8846666671875001 0.9497500000000001 0.8793333328124999 0.9490000000000001 0.8686666671875001 0.95 0.8673333328125 0.9512499999999999 0.8736666671875 0.96125 0.8763333328125 0.97425 0.8766666671875001 0.9824999999999999
6 0.8543333328125 0.994 0.8586666671875 0.9970000000000001 0.873 0.9974999999999999 0.875 0.9942500000000001 0.8743333328125 0.985 0.8756666671875 0.98225 0.8746666671875 0.968 0.873 0.9625 0.8699999999999999 0.96125 0.8666666671875 0.95475 0.861 0.9494999999999999 0.8560000000000001 0.9487500000000001 0.8493333328125001 0.9490000000000001 0.8476666671875 0.95 0.8466666671875 0.951 0.85 0.9572499999999999 0.852 0.9672499999999999 0.8543333328125 0.994
6 0.8336666671874999 0.99975 0.8476666671875 0.99975 0.8476666671875 0.998 0.8496666671875 0.9974999999999999 0.851 0.9957499999999999 0.852 0.9914999999999999 0.852 0.9657500000000001 0.851 0.96275 0.8406666671874999 0.9494999999999999 0.8343333328125 0.9477499999999999 0.8253333328125001 0.9492499999999999 0.8226666671875 0.951 0.8306666671875 0.97325 0.8296666671875 0.994 0.8336666671874999 0.99975
6 0.8053333328125 0.99075 0.807 0.994 0.8106666671875 0.998 0.8106666671875 0.99975 0.826 0.99975 0.828 0.9945 0.8276666671875 0.9862500000000001 0.829 0.9824999999999999 0.829 0.97325 0.827 0.96325 0.8183333328125 0.9512499999999999 0.8146666671875 0.9484999999999999 0.8019999999999999 0.9470000000000001 0.7986666671875 0.9480000000000001 0.7976666671875 0.9494999999999999 0.7973333328125001 0.9515 0.8019999999999999 0.95875 0.8066666671875 0.97425 0.8053333328125 0.99075
6 0.7806666671875 0.99375 0.7856666671875 0.998 0.7856666671875 0.99975 0.8036666671875 0.99975 0.8056666671875 0.9804999999999999 0.8033333328125 0.9630000000000001 0.7963333328125 0.952 0.791 0.94825 0.7873333328125 0.9470000000000001 0.7793333328125 0.94725 0.775 0.94825 0.7736666671875 0.9494999999999999 0.7726666671875 0.951 0.7773333328125 0.958 0.7793333328125 0.96425 0.7806666671875 0.99375
6 0.7576666671875001 0.9942500000000001 0.761 0.9967499999999999 0.7626666671875 0.99975 0.7646666671875 0.99975 0.7646666671875 0.998 0.767 0.99725 0.769 0.99725 0.7733333328125 0.99975 0.7763333328125 0.99975 0.7786666671875 0.9945 0.7803333328125001 0.98325 0.78 0.9664999999999999 0.7776666671875 0.9615 0.7726666671875 0.9525 0.769 0.9484999999999999 0.755 0.9470000000000001 0.752 0.9477499999999999 0.75 0.9497500000000001 0.75 0.95275 0.7533333328125 0.9592499999999999 0.7553333328125 0.96775 0.7576666671875001 0.9942500000000001
6 0.7323333328125 0.99475 0.734 0.9964999999999999 0.738 0.998 0.738 0.99975 0.7533333328125 0.99975 0.7563333328125 0.98225 0.756 0.977 0.755 0.967 0.749 0.953 0.7456666671875001 0.9494999999999999 0.7406666671875 0.9477499999999999 0.7323333328125 0.94725 0.727 0.9494999999999999 0.7263333328125 0.9515 0.73 0.9577500000000001 0.7323333328125 0.9695 0.7323333328125 0.99475
6 0.712 0.99975 0.7296666671875001 0.99975 0.7316666671875 0.97675 0.731 0.9662499999999999 0.7293333328125 0.96125 0.722 0.9490000000000001 0.7086666671875 0.9480000000000001 0.705 0.9484999999999999 0.704 0.9497500000000001 0.7076666671875 0.9692500000000001 0.7096666671875 0.974 0.7086666671875 0.991 0.712 0.99975
6 0.6796666671875 0.99975 0.683 0.97875 0.6823333328125 0.9654999999999999 0.6763333328125001 0.9494999999999999 0.674 0.9477499999999999 0.6606666671875 0.9475 0.6576666671875 0.9487500000000001 0.6563333328125001 0.951 0.655 0.9662499999999999 0.6616666671875 0.99725 0.6636666671875 0.99975 0.6796666671875 0.99975
6 0.6826666671875 0.9890000000000001 0.6833333328125 0.9949999999999999 0.6853333328125 0.99725 0.6876666671875 0.998 0.6876666671875 0.99975 0.7053333328125 0.99975 0.7066666671874999 0.9824999999999999 0.706 0.96875 0.7043333328125 0.95975 0.7006666671875 0.9512499999999999 0.6973333328125 0.9487500000000001 0.6940000000000001 0.9480000000000001 0.6846666671875 0.9480000000000001 0.6809999999999999 0.9492499999999999 0.6799999999999999 0.9512499999999999 0.6833333328125 0.96275 0.6839999999999999 0.9712500000000001 0.6826666671875 0.9890000000000001
6 0.6306666671875 0.99975 0.6323333328125 0.9949999999999999 0.6326666671875001 0.98225 0.6306666671875 0.9525 0.6286666671875001 0.9494999999999999 0.625 0.94825 0.6186666671875 0.9484999999999999 0.6143333328125 0.94725 0.6113333328125 0.9477499999999999 0.6103333328125 0.9494999999999999 0.6126666671875001 0.9744999999999999 0.6126666671875001 0.99475 0.614 0.99975 0.6306666671875 0.99975
6 0.5896666671874999 0.99975 0.6083333328125 0.99975 0.6103333328125 0.974 0.6093333328125 0.959 0.6066666671875 0.95075 0.6033333328125 0.9477499999999999 0.591 0.94725 0.5873333328125 0.9484999999999999 0.5863333328125 0.95075 0.5873333328125 0.95375 0.5866666671874999 0.99025 0.5896666671874999 0.99975
6 0.585 0.9662499999999999 0.581 0.94825 0.58 0.9475 0.5716666671875 0.94825 0.5643333328125 0.9475 0.5626666671875 0.951 0.562 0.959 0.562 0.9957499999999999 0.5643333328125 0.99975 0.5826666671875 0.99975 0.585 0.9662499999999999
6 0.561 0.9662499999999999 0.5593333328125001 0.951 0.558 0.9490000000000001 0.5536666671875 0.9477499999999999 0.541 0.9480000000000001 0.5383333328125001 0.95075 0.537 0.96175 0.5363333328125 0.9880000000000001 0.5406666671875 0.99975 0.5589999999999999 0.99975 0.561 0.9662499999999999
6 0.5126666671875 0.99 0.5126666671875 0.951 0.5093333328125 0.9477499999999999 0.507 0.9475 0.49366666718749996 0.94825 0.491 0.9497500000000001 0.49066666718749996 0.98475 0.492 0.99975 0.5103333328125 0.99975 0.5126666671875 0.99
6 0.487 0.983 0.4876666671875 0.9475 0.4863333328125 0.9460000000000001 0.4823333328125 0.9470000000000001 0.4703333328125 0.9460000000000001 0.4683333328125 0.94725 0.46666666718750005 0.954 0.466 0.98275 0.4676666671875 0.99975 0.485 0.99975 0.487 0.983
6 0.4636666671875 0.9545 0.46266666718750005 0.9475 0.44800000000000006 0.9487500000000001 0.44333333281250004 0.94825 0.44166666718750003 0.96975 0.44266666718750003 0.99975 0.4606666671875 0.99975 0.46333333281250005 0.98375 0.4636666671875 0.9545
6 0.43899999999999995 0.98225 0.43899999999999995 0.9480000000000001 0.43433333281250003 0.9470000000000001 0.42000000000000004 0.9470000000000001 0.4183333328125 0.9502499999999999 0.417 0.962 0.4166666671875 0.99 0.4183333328125 0.99975 0.43566666718749997 0.99975 0.43899999999999995 0.98225
6 0.366 0.9904999999999999 0.36833333281249997 0.9737500000000001 0.369 0.95225 0.36633333281249997 0.9480000000000001 0.34900000000000003 0.9477499999999999 0.3476666671875 0.9484999999999999 0.346 0.951 0.3426666671875 0.968 0.3423333328125 0.99975 0.3613333328125 0.99975 0.3616666671875 0.9970000000000001 0.366 0.9904999999999999
6 0.031666667187500004 0.9970000000000001 0.040999999999999995 0.9962500000000001 0.0453333328125 0.994 0.048333332812500004 0.9635 0.052000000000000005 0.9567500000000001 0.056999999999999995 0.951 0.056333332812500005 0.95 0.0533333328125 0.9484999999999999 0.044666667187499995 0.94825 0.032 0.95525 0.0256666671875 0.967 0.024666667187499998 0.9727499999999999 0.025 0.99975 0.029666667187500002 0.99975 0.029666667187500002 0.998 0.031666667187500004 0.9970000000000001
6 0.0686666671875 0.994 0.0686666671875 0.97425 0.0733333328125 0.9577500000000001 0.0796666671875 0.951 0.07766666718750001 0.9484999999999999 0.06899999999999999 0.94825 0.0636666671875 0.9492499999999999 0.061 0.951 0.0486666671875 0.96325 0.047 0.978 0.0466666671875 0.994 0.048333332812500004 0.9964999999999999 0.0643333328125 0.99725 0.0686666671875 0.994
6 0.0943333328125 0.9914999999999999 0.0943333328125 0.97525 0.0986666671875 0.96 0.10300000000000001 0.95275 0.10300000000000001 0.9502499999999999 0.0996666671875 0.94825 0.0923333328125 0.94725 0.0843333328125 0.9487500000000001 0.0796666671875 0.95525 0.075 0.95875 0.07133333281250001 0.9652499999999999 0.0716666671875 0.9942500000000001 0.076 0.9970000000000001 0.0916666671875 0.9967499999999999 0.0943333328125 0.9914999999999999
6 0.10533333281249999 0.9970000000000001 0.11133333281249999 0.99975 0.11133333281249999 0.998 0.1166666671875 0.9964999999999999 0.1196666671875 0.9925 0.121 0.9662499999999999 0.124 0.9550000000000001 0.1273333328125 0.951 0.1253333328125 0.9487500000000001 0.1146666671875 0.94725 0.10833333281249999 0.95075 0.1066666671875 0.95425 0.0976666671875 0.9647500000000001 0.0963333328125 0.9802500000000001 0.096 0.9945 0.097 0.9964999999999999 0.099 0.9977499999999999 0.10533333281249999 0.9970000000000001
6 0.142 0.9904999999999999 0.1416666671875 0.986 0.144 0.98275 0.148 0.9602499999999999 0.153 0.951 0.147 0.94825 0.1383333328125 0.94825 0.131 0.9512499999999999 0.1286666671875 0.9560000000000001 0.123 0.962 0.1213333328125 0.9695 0.121 0.994 0.1223333328125 0.99975 0.1396666671875 0.99975 0.142 0.9904999999999999
6 0.1686666671875 0.9795 0.175 0.951 0.174 0.9502499999999999 0.1706666671875 0.9490000000000001 0.1633333328125 0.9487500000000001 0.158 0.9502499999999999 0.147 0.96275 0.145 0.98125 0.14466666718750001 0.99975 0.1666666671875 0.99975 0.16899999999999998 0.9942500000000001 0.1686666671875 0.9795
6 0.195 0.966 0.197 0.958 0.20166666718749998 0.951 0.2006666671875 0.9502499999999999 0.194 0.9484999999999999 0.184 0.9484999999999999 0.181 0.9494999999999999 0.1716666671875 0.96325 0.17033333281250002 0.9797499999999999 0.1706666671875 0.99975 0.1906666671875 0.99975 0.193 0.994 0.195 0.966
6 0.2186666671875 0.9949999999999999 0.2196666671875 0.99025 0.2196666671875 0.96875 0.223 0.9564999999999999 0.2273333328125 0.951 0.2246666671875 0.9477499999999999 0.20866666718750002 0.94725 0.2066666671875 0.94825 0.2033333328125 0.95225 0.196 0.9664999999999999 0.196 0.99975 0.2156666671875 0.99975 0.2156666671875 0.998 0.2186666671875 0.9949999999999999
6 0.23866666718750001 0.9977499999999999 0.2416666671875 0.9949999999999999 0.24266666718750002 0.99125 0.24466666718750002 0.9635 0.25 0.9512499999999999 0.24900000000000003 0.9494999999999999 0.2403333328125 0.9475 0.23133333281250001 0.94825 0.227 0.953 0.22033333281249998 0.9662499999999999 0.22000000000000003 0.9945 0.2213333328125 0.99975 0.23866666718750001 0.99975 0.23866666718750001 0.9977499999999999
6 0.2616666671875 0.99975 0.264 0.9949999999999999 0.2663333328125 0.98275 0.2666666671875 0.96975 0.269 0.9582499999999999 0.273 0.9515 0.2713333328125 0.9475 0.2636666671875 0.9475 0.26 0.9490000000000001 0.25466666718750003 0.94825 0.2526666671875 0.9492499999999999 0.2463333328125 0.96275 0.24500000000000002 0.9705 0.24466666718750002 0.9865 0.2456666671875 0.9945 0.2483333328125 0.99975 0.2616666671875 0.99975
6 0.2926666671875 0.96125 0.2936666671875 0.9550000000000001 0.296 0.951 0.29500000000000004 0.9497500000000001 0.2846666671875 0.94825 0.279 0.9484999999999999 0.2766666671875 0.95 0.2703333328125 0.96325 0.269 0.978 0.2693333328125 0.99975 0.2876666671875 0.99975 0.2903333328125 0.9904999999999999 0.2926666671875 0.96125
6 0.3156666671875 0.99025 0.31966666718750003 0.9525 0.3183333328125 0.9492499999999999 0.315 0.9480000000000001 0.3026666671875 0.9480000000000001 0.2996666671875 0.9490000000000001 0.298 0.951 0.2936666671875 0.966 0.2926666671875 0.98225 0.29333333281249996 0.99975 0.3133333328125 0.99975 0.3156666671875 0.99025
6 0.3393333328125 0.98675 0.3396666671875 0.9717499999999999 0.3433333328125 0.95225 0.3416666671875 0.9484999999999999 0.3326666671875 0.9480000000000001 0.3253333328125 0.9490000000000001 0.3213333328125 0.9582499999999999 0.3186666671875 0.97 0.318 0.99975 0.3366666671875 0.99975 0.337 0.9935 0.3393333328125 0.98675
10 0.7492026671875001 0.52081025 0.7484423328124999 0.48962125 0.7464143328125 0.48220425 0.7263883328125 0.4823945 0.7251206671875 0.52708625 0.7448933328125 0.5274665 0.7492026671875001 0.52081025
10 0.7188466671875 0.6498630000000001 0.7479986671875001 0.6506237500000001 0.7505336671875 0.6456792499999999 0.748759 0.613349 0.746224 0.6053615 0.7208746671874999 0.6055517499999999 0.7216353328125 0.6112569999999999 0.7211283328125 0.64263625 0.7188466671875 0.6498630000000001
10 0.38049499999999997 0.6484402499999999 0.40761900000000006 0.647109 0.41142133281250004 0.60279775 0.384361 0.60320575 0.382016 0.6069815000000001 0.37973466718750004 0.6347475 0.38049499999999997 0.6484402499999999