8 0.0854676671875 0.559596 0.083889 0.5663644999999999 0.0868206671875 0.5722867500000001 0.09020333281250001 0.5870077499999999 0.0969683328125 0.58734625 0.097194 0.600206 0.1219996671875 0.6010519999999999 0.1210976671875 0.5875155000000001 0.11591100000000001 0.585485 0.1098223328125 0.545721 0.1174893328125 0.53979875 0.1147833328125 0.5208475 0.09027366718749999 0.5210475 0.09223266718749999 0.5381067500000001 0.084791 0.54385975 0.0854676671875 0.559596
8 0.1147833328125 0.5843005 0.121323 0.5878537500000001 0.1210976671875 0.59936 0.1461286671875 0.5998675 0.1468053328125 0.58379275 0.1411676671875 0.5859924999999999 0.136883 0.5470747499999999 0.144099 0.540814 0.1407166671875 0.52034 0.11681266718750001 0.52034 0.1165873328125 0.520509 0.1170383328125 0.5396295 0.1111753328125 0.544875 0.11523433281249999 0.5712715 0.11297933281250001 0.57685525 0.1147833328125 0.5843005
8 0.161012 0.57516325 0.1634926671875 0.5885305 0.1682283328125 0.58954575 0.1691303328125 0.60088275 0.194387 0.60172875 0.1928083328125 0.58903825 0.1882983328125 0.585485 0.183337 0.5477515000000001 0.18920033281249998 0.53979875 0.1871706671875 0.5216935 0.16272966718749998 0.52168175 0.163718 0.54098325 0.15898233281250002 0.5477515000000001 0.161012 0.57516325
8 0.1876216671875 0.58463875 0.19325933281250002 0.5870077499999999 0.1950633328125 0.60037525 0.218065 0.5986830000000001 0.21671200000000002 0.5892075 0.212202 0.58582325 0.2063386671875 0.54961275 0.215359 0.53726075 0.214006 0.5215242499999999 0.1901023328125 0.5213552499999999 0.1901023328125 0.5394602500000001 0.183788 0.54589025 0.1876216671875 0.58463875
8 0.210398 0.56754875 0.2063386671875 0.5724560000000001 0.2079173328125 0.579901 0.2173886671875 0.58616175 0.2182906671875 0.60088275 0.24174299999999999 0.5998675 0.241292 0.5819314999999999 0.2361056671875 0.5851465 0.2315953328125 0.5452135 0.23971366718749998 0.5384450000000001 0.23858600000000002 0.51746325 0.215359 0.5169557499999999 0.21671200000000002 0.535907 0.2092703328125 0.54470575 0.210398 0.56754875
8 0.6165673328125 0.59174225 0.6379903328125 0.59174225 0.6384413328125 0.5788825 0.6425003328125001 0.5778672499999999 0.645432 0.53911875 0.6413726671875 0.5328579999999999 0.6429513328125 0.514922 0.6197366671875 0.514281 0.6176946671875 0.5330272500000001 0.623558 0.5381035 0.6165673328125 0.59174225
8 0.6207956671875 0.51483775 0.641993 0.5180527500000001 0.6415420000000001 0.5175449999999999 0.6207956671875 0.51483775
8 0.6438533328125 0.5756675 0.6393433328125 0.5787132500000001 0.6384413328125 0.59123475 0.6603153328125 0.5910655 0.6607663328125 0.57939025 0.665953 0.57549825 0.6688846671875 0.5381035 0.663698 0.5333655 0.665502 0.5145835 0.642573 0.514281 0.6406963328125 0.531166 0.646334 0.53793425 0.6438533328125 0.5756675
8 0.666855 0.5726217499999999 0.6607663328125 0.5787132500000001 0.6598643328125 0.59089625 0.682415 0.59174225 0.6848953328125 0.5787132500000001 0.691886 0.56568425 0.6923373328125 0.540134 0.6880526671875 0.533704 0.6885036671875 0.51441425 0.666537 0.5144925 0.664149 0.5333655 0.6702376671875 0.53962625 0.666855 0.5726217499999999
8 0.6939156671875 0.5634845 0.6848953328125 0.57414475 0.682415 0.59005025 0.7045143328125001 0.590727 0.707446 0.577698 0.7155643328125 0.5623002500000001 0.7146623328125 0.5357345 0.7108286671874999 0.5331965000000001 0.7117306671875 0.514076 0.6889546671875 0.514076 0.6876016671875 0.5328579999999999 0.6925626671875 0.5370882499999999 0.6939156671875 0.5634845
8 0.7162406671875 0.560608 0.7076716671875001 0.57092975 0.7045143328125001 0.590727 0.7254866671875 0.59055775 0.728418 0.57702125 0.7387913328125 0.55908525 0.7392423328125 0.53759575 0.7340556671875 0.53150425 0.7347323328125 0.51441425 0.7130836671874999 0.51306075 0.710152 0.5313352499999999 0.7162406671875 0.53590375 0.7162406671875 0.560608
6 0.0626666671875 0.08975 0.072 0.09125 0.076 0.09075 0.078 0.088 0.078 0.08375 0.07566666718750001 0.08175 0.074 0.07625 0.074 0.0625 0.0753333328125 0.056499999999999995 0.0686666671875 0.053000000000000005 0.056333332812500005 0.053000000000000005 0.0546666671875 0.05525 0.05500000000000001 0.06949999999999999 0.057333332812500006 0.08499999999999999 0.060333332812499994 0.08875 0.0626666671875 0.08975
6 0.123 0.0965 0.1276666671875 0.088 0.12833333281249998 0.06 0.1263333328125 0.05675 0.1233333328125 0.05575 0.11100000000000002 0.054000000000000006 0.10700000000000001 0.05525 0.10633333281249999 0.06875 0.1086666671875 0.08775 0.11299999999999999 0.09575 0.123 0.0965
6 0.20400000000000001 0.097 0.2053333328125 0.096 0.20400000000000001 0.0605 0.1993333328125 0.05725 0.194 0.05575 0.1853333328125 0.05525 0.1833333328125 0.05775 0.1846666671875 0.08825 0.1873333328125 0.09575 0.1893333328125 0.09725 0.20400000000000001 0.097
6 0.22999999999999998 0.09225 0.22799999999999998 0.060250000000000005 0.2246666671875 0.057999999999999996 0.209 0.056999999999999995 0.2076666671875 0.058750000000000004 0.209 0.0955 0.2126666671875 0.09875 0.22833333281249998 0.09925 0.22999999999999998 0.09225
6 0.2556666671875 0.10124999999999999 0.25666666718750003 0.09425 0.2553333328125 0.06425 0.2483333328125 0.057499999999999996 0.2396666671875 0.05600000000000001 0.23333333281250002 0.059 0.2326666671875 0.08025 0.23399999999999999 0.0965 0.2363333328125 0.0995 0.2556666671875 0.10124999999999999
6 0.3026666671875 0.098 0.3043333328125 0.093 0.3036666671875 0.0605 0.2996666671875 0.059 0.2866666671875 0.058750000000000004 0.284 0.060750000000000005 0.28500000000000003 0.092 0.28700000000000003 0.0965 0.2893333328125 0.0975 0.3026666671875 0.098
6 0.3266666671875 0.0605 0.31033333281250003 0.0595 0.3093333328125 0.0625 0.31033333281250003 0.09725 0.32599999999999996 0.099 0.3283333328125 0.09625 0.3266666671875 0.0605
6 0.42366666718749996 0.072 0.42300000000000004 0.063 0.42033333281249996 0.05600000000000001 0.4113333328125 0.05550000000000001 0.40533333281250006 0.061 0.4033333328125 0.0755 0.404 0.10700000000000001 0.4223333328125 0.10525 0.42433333281249996 0.09675 0.42366666718749996 0.072
6 0.44733333281250004 0.10075 0.44800000000000006 0.07125000000000001 0.4463333328125 0.064 0.44299999999999995 0.062 0.43099999999999994 0.0605 0.4286666671875 0.0615 0.42800000000000005 0.06425 0.42766666718749996 0.10075 0.43099999999999994 0.10375000000000001 0.4436666671875 0.1035 0.44733333281250004 0.10075
6 0.4686666671875 0.09975 0.46966666718749994 0.0915 0.4663333328125 0.06525 0.458 0.064 0.4543333328125 0.06775 0.453 0.076 0.4543333328125 0.10075 0.4583333328125 0.1025 0.46666666718750005 0.1025 0.4686666671875 0.09975
6 0.564 0.10075 0.5656666671874999 0.09525 0.5663333328125 0.06775 0.5643333328125 0.06525 0.5599999999999999 0.0645 0.5519999999999999 0.065 0.548 0.068 0.548 0.1035 0.549 0.10425 0.5603333328125 0.10325 0.564 0.10075
6 0.544 0.1 0.545 0.07175000000000001 0.5433333328125001 0.06475 0.541 0.0625 0.5253333328124999 0.059250000000000004 0.5223333328125 0.06899999999999999 0.522 0.10425 0.5246666671875 0.10600000000000001 0.541 0.1055 0.544 0.1
6 0.519 0.08349999999999999 0.5183333328125 0.06675 0.517 0.065 0.5033333328125 0.06425 0.5016666671875 0.06475 0.5 0.07025 0.5006666671875 0.10375000000000001 0.5016666671875 0.10500000000000001 0.5173333328124999 0.10600000000000001 0.519 0.08349999999999999
6 0.4956666671875 0.10075 0.496 0.074 0.4943333328125 0.064 0.4926666671875 0.06275 0.4783333328125 0.06 0.4756666671875 0.066 0.476 0.09625 0.4783333328125 0.10300000000000001 0.49400000000000005 0.1045 0.4956666671875 0.10075
6 0.6143333328125 0.06775 0.6103333328125 0.06525 0.5983333328125 0.06575 0.5936666671874999 0.068 0.5906666671874999 0.10725 0.611 0.10575000000000001 0.614 0.097 0.6143333328125 0.06775
6 0.6346666671875 0.10124999999999999 0.637 0.0965 0.6393333328125 0.068 0.6383333328125 0.0655 0.636 0.06475 0.6236666671875 0.06575 0.6203333328125 0.067 0.6186666671875 0.06825 0.619 0.10325 0.631 0.1025 0.6346666671875 0.10124999999999999
6 0.732 0.10075 0.7323333328125 0.06825 0.7286666671875001 0.0665 0.7143333328125 0.068 0.7123333328125 0.07175000000000001 0.7110000000000001 0.08225 0.7113333328125 0.10575000000000001 0.722 0.10774999999999998 0.728 0.10700000000000001 0.732 0.10075
6 0.71 0.06999999999999999 0.709 0.06675 0.7046666671875 0.06525 0.6923333328125 0.067 0.6863333328125 0.072 0.6843333328125001 0.07975 0.6846666671875 0.1075 0.705 0.1065 0.708 0.10149999999999999 0.71 0.06999999999999999
6 0.7576666671875001 0.07325000000000001 0.7553333328125 0.0675 0.7513333328125 0.0665 0.7416666671875001 0.06725 0.739 0.0685 0.7353333328125 0.091 0.736 0.10525 0.752 0.10674999999999998 0.7556666671875 0.10375000000000001 0.7576666671875001 0.07325000000000001
6 0.7796666671875 0.07575 0.778 0.06999999999999999 0.7756666671875 0.0685 0.763 0.06875 0.7603333328125 0.072 0.758 0.08325 0.7586666671875 0.10425 0.775 0.10500000000000001 0.7783333328125 0.10075 0.7796666671875 0.07575
6 0.8220000000000001 0.10400000000000001 0.8243333328125001 0.10024999999999999 0.8273333328125 0.07075000000000001 0.8256666671874999 0.06825 0.8116666671875 0.06825 0.808 0.06925 0.8046666671875 0.07225000000000001 0.8039999999999999 0.10325 0.807 0.10500000000000001 0.8186666671875 0.1055 0.8220000000000001 0.10400000000000001
6 0.7986666671875 0.10600000000000001 0.8013333328125001 0.10325 0.8023333328125 0.06899999999999999 0.7986666671875 0.067 0.7886666671875 0.06775 0.7866666671875 0.0685 0.7849999999999999 0.072 0.782 0.09175 0.782 0.1035 0.784 0.10475000000000001 0.7986666671875 0.10600000000000001
6 0.8926666671874999 0.1025 0.8949999999999999 0.06975 0.892 0.0675 0.8846666671875001 0.06725 0.8746666671875 0.06999999999999999 0.8723333328124999 0.07225000000000001 0.8706666671875001 0.0985 0.8720000000000001 0.10674999999999998 0.8886666671875 0.1055 0.8926666671874999 0.1025
6 0.869 0.10425 0.8716666671875 0.08399999999999999 0.8713333328124999 0.06949999999999999 0.8563333328124999 0.06899999999999999 0.8476666671875 0.072 0.8423333328125 0.07975 0.8393333328124999 0.09625 0.8406666671874999 0.10725 0.8423333328125 0.10874999999999999 0.858 0.10825 0.869 0.10425
6 0.062 0.263 0.058333332812500006 0.23625 0.0566666671875 0.23475000000000001 0.048333332812500004 0.23450000000000001 0.043 0.2355 0.0413333328125 0.23725000000000002 0.045 0.26549999999999996 0.052000000000000005 0.26775000000000004 0.05933333281249999 0.26749999999999996 0.062 0.263
6 0.0836666671875 0.267 0.08 0.236 0.07666666718750001 0.23475000000000001 0.0643333328125 0.23475000000000001 0.062 0.23825 0.0646666671875 0.26549999999999996 0.06899999999999999 0.268 0.0806666671875 0.269 0.0836666671875 0.267
6 0.10733333281249999 0.27075 0.10933333281249999 0.26825 0.1076666671875 0.2395 0.10333333281249998 0.23625 0.092 0.2355 0.0876666671875 0.23625 0.0856666671875 0.2395 0.08499999999999999 0.2525 0.0876666671875 0.26925 0.0916666671875 0.27125 0.10733333281249999 0.27075
6 0.142 0.27175 0.1416666671875 0.252 0.1396666671875 0.2435 0.1356666671875 0.236 0.1346666671875 0.23475000000000001 0.11499999999999999 0.23399999999999999 0.1106666671875 0.23725000000000002 0.1116666671875 0.26975 0.1153333328125 0.2725 0.1386666671875 0.27475 0.142 0.27175
6 0.1856666671875 0.27549999999999997 0.189 0.272 0.189 0.263 0.1873333328125 0.2435 0.185 0.23925000000000002 0.1816666671875 0.23650000000000002 0.17366666718749998 0.23475000000000001 0.1616666671875 0.236 0.1583333328125 0.23875000000000002 0.158 0.24825 0.1616666671875 0.27149999999999996 0.16999999999999998 0.27425 0.1856666671875 0.27549999999999997
6 0.2476666671875 0.27225 0.24933333281249997 0.27125 0.25033333281250003 0.26749999999999996 0.24866666718750002 0.24 0.24333333281249997 0.23775 0.23199999999999998 0.24025 0.2336666671875 0.26949999999999996 0.236 0.272 0.24 0.27325 0.2476666671875 0.27225
6 0.275 0.27225 0.2763333328125 0.24474999999999997 0.2753333328125 0.24225 0.2636666671875 0.24225 0.2593333328125 0.252 0.259 0.25975000000000004 0.2613333328125 0.2685 0.267 0.27275 0.275 0.27225
6 0.29533333281249996 0.27425 0.298 0.272 0.296 0.24175 0.29100000000000004 0.23925000000000002 0.2866666671875 0.23925000000000002 0.2793333328125 0.2405 0.27799999999999997 0.24275000000000002 0.2776666671875 0.26325 0.279 0.27275 0.2826666671875 0.27475 0.29533333281249996 0.27425
6 0.322 0.2725 0.321 0.24375 0.31966666718750003 0.24225 0.3153333328125 0.24125000000000002 0.30533333281249997 0.24100000000000002 0.3023333328125 0.2425 0.3026666671875 0.27225 0.3063333328125 0.27425 0.3203333328125 0.27349999999999997 0.322 0.2725
6 0.3453333328125 0.27149999999999996 0.3433333328125 0.24075000000000002 0.339 0.2395 0.3303333328125 0.24 0.32599999999999996 0.2425 0.32599999999999996 0.27275 0.32966666718750004 0.27475 0.3426666671875 0.27375 0.3453333328125 0.27149999999999996
6 0.3676666671875 0.275 0.3693333328125 0.27175 0.36833333281249997 0.24225 0.3656666671875 0.24 0.3573333328125 0.23925000000000002 0.3526666671875 0.24025 0.35 0.24175 0.34900000000000003 0.24674999999999997 0.3496666671875 0.27425 0.353 0.27599999999999997 0.3653333328125 0.27599999999999997 0.3676666671875 0.275
6 0.391 0.24025 0.3886666671875 0.23900000000000002 0.377 0.23925000000000002 0.3723333328125 0.24325000000000002 0.372 0.24725000000000003 0.373 0.2745 0.3886666671875 0.27475 0.3913333328125 0.27225 0.391 0.24025
6 0.4136666671875 0.24225 0.41200000000000003 0.24075000000000002 0.3996666671875 0.24075000000000002 0.3956666671875 0.2435 0.3963333328125 0.27625 0.41233333281249995 0.27525 0.414 0.27225 0.4136666671875 0.24225
6 0.43533333281250003 0.2405 0.4233333328125 0.23875000000000002 0.4186666671875 0.2425 0.418 0.2485 0.4193333328125 0.2765 0.43533333281250003 0.27525 0.437 0.24925000000000003 0.43533333281250003 0.2405
6 0.45866666718750004 0.27675 0.4603333328125 0.24275000000000002 0.45533333281250005 0.2395 0.44666666718750003 0.23975 0.44299999999999995 0.24175 0.44166666718750003 0.246 0.442 0.27475 0.44299999999999995 0.27575 0.4543333328125 0.27725 0.45866666718750004 0.27675
6 0.48166666718749995 0.275 0.48266666718750006 0.2725 0.48166666718749995 0.244 0.4783333328125 0.24075000000000002 0.46666666718750005 0.2415 0.4643333328125 0.24500000000000002 0.4646666671875 0.27475 0.4663333328125 0.27575 0.479 0.27625 0.48166666718749995 0.275
6 0.5023333328125 0.27599999999999997 0.505 0.27225 0.5056666671875 0.24375 0.502 0.24175 0.49766666718749997 0.2425 0.49233333281249997 0.24925000000000003 0.49133333281249997 0.25225 0.4943333328125 0.271 0.49833333281250003 0.27525 0.5023333328125 0.27599999999999997
6 0.5286666671875 0.272 0.528 0.244 0.524 0.24125000000000002 0.513 0.24100000000000002 0.5096666671875 0.24375 0.509 0.24775 0.5086666671875 0.275 0.5096666671875 0.27625 0.5253333328124999 0.27625 0.5286666671875 0.272
6 0.55 0.272 0.55 0.24375 0.5483333328125 0.24175 0.5456666671875 0.24125000000000002 0.5366666671875 0.2415 0.534 0.24325000000000002 0.5326666671875 0.2485 0.5316666671875 0.265 0.533 0.275 0.5486666671875 0.27599999999999997 0.55 0.272
6 0.5723333328125 0.244 0.5686666671875 0.24125000000000002 0.5563333328125 0.24075000000000002 0.5526666671875 0.24375 0.5523333328125 0.2465 0.5526666671875 0.27525 0.5683333328125 0.2765 0.5716666671875 0.2725 0.5723333328125 0.244
6 0.595 0.244 0.5876666671875 0.24125000000000002 0.58 0.24125000000000002 0.5763333328125 0.244 0.576 0.246 0.576 0.27525 0.5916666671875 0.27525 0.5940000000000001 0.27225 0.595 0.244
6 0.6163333328125 0.27549999999999997 0.618 0.27225 0.6183333328125 0.2475 0.6156666671875 0.24275000000000002 0.6066666671875 0.24175 0.6003333328125 0.244 0.5973333328125 0.263 0.597 0.27275 0.599 0.2765 0.613 0.27675 0.6163333328125 0.27549999999999997
6 0.6816666671875 0.27475 0.6833333328125 0.269 0.6839999999999999 0.24700000000000003 0.6823333328125 0.2435 0.6769999999999999 0.2425 0.6696666671875 0.24300000000000002 0.6673333328125 0.2525 0.6663333328125 0.27349999999999997 0.6693333328125 0.27549999999999997 0.6793333328125 0.27599999999999997 0.6816666671875 0.27475
6 0.6613333328125 0.27375 0.6633333328125001 0.24874999999999997 0.6623333328125 0.2455 0.658 0.242 0.65 0.242 0.644 0.244 0.642 0.2465 0.6426666671875 0.27425 0.6456666671875 0.27599999999999997 0.658 0.27725 0.6613333328125 0.27375
6 0.638 0.2745 0.6393333328125 0.27225 0.6386666671875 0.24500000000000002 0.631 0.24225 0.6263333328125 0.24300000000000002 0.6243333328125 0.2445 0.623 0.2515 0.6213333328124999 0.263 0.6226666671875 0.275 0.631 0.27549999999999997 0.638 0.2745
6 0.859 0.268 0.8596666671875001 0.244 0.8533333328125 0.24175 0.849 0.24175 0.8423333328125 0.24525000000000002 0.842 0.27149999999999996 0.8453333328125 0.27475 0.8563333328124999 0.2745 0.859 0.268
6 0.837 0.27149999999999996 0.8380000000000001 0.2495 0.8353333328125 0.24375 0.8266666671875 0.242 0.8233333328124999 0.2435 0.8176666671874999 0.2595 0.8183333328125 0.273 0.826 0.27475 0.834 0.274 0.837 0.27149999999999996
6 0.8136666671875 0.274 0.8150000000000001 0.272 0.8163333328125001 0.244 0.8143333328125 0.24275000000000002 0.8023333328125 0.24300000000000002 0.7993333328125 0.2475 0.7969999999999999 0.26375000000000004 0.7973333328125001 0.27275 0.8016666671875001 0.27475 0.8136666671875 0.274
6 0.7936666671875 0.272 0.7936666671875 0.24375 0.791 0.2415 0.7793333328125 0.24175 0.7746666671875 0.24725000000000003 0.775 0.273 0.778 0.2745 0.7906666671875 0.275 0.7936666671875 0.272
6 0.748 0.277 0.7696666671875 0.27525 0.7723333328125 0.27175 0.772 0.24225 0.7676666671875 0.24025 0.7556666671875 0.242 0.7466666671875 0.252 0.7446666671875 0.26349999999999996 0.7446666671875 0.27125 0.7463333328124999 0.27599999999999997 0.748 0.277
10 0.2459266671875 0.367348 0.242959 0.3625245 0.0829240109375 0.362214359375 0.07678233281249999 0.37142925 0.080739 0.39480499999999996 0.0846956671875 0.40259675 0.24197000000000002 0.405194 0.2528506671875 0.4011125 0.2459266671875 0.367348
10 0.377854 0.36261825000000003 0.3283966671875 0.36002075 0.3274073328125 0.40454575000000004 0.38082133281249997 0.40231950000000005 0.377854 0.36261825000000003
10 0.4617650875 0.36360648125 0.4604476671875 0.36261825000000003 0.46292033281249995 0.40602974999999997 0.5222693328125 0.4038035 0.5217746671875 0.36373125 0.4617650875 0.36360648125
10 0.6286026671875 0.36261825000000003 0.5662863328125 0.36267675 0.5672753328125 0.40417474999999997 0.6261296671875 0.40454575000000004 0.6286026671875 0.36261825000000003
10 0.6765760000000001 0.39935125 0.6785543328125 0.37263625 0.6775653328125 0.36298925 0.645418 0.36261825000000003 0.6424506671875 0.4038035 0.6736086671875 0.40565875 0.6765760000000001 0.39935125
10 0.6844893328125 0.40343249999999997 0.7502676671875 0.40194850000000004 0.752246 0.39749599999999996 0.755708 0.371523 0.7527403328125 0.361505 0.684984 0.362213 0.691908 0.36818375 0.6914133328125 0.39044625 0.6844893328125 0.40343249999999997
10 0.144426 0.479054 0.3066363328125 0.475242 0.31054499999999996 0.449437 0.304682 0.43448175000000006 0.147162 0.43301550000000005 0.144035 0.43741399999999997 0.135436 0.4441585 0.1369993328125 0.47142975 0.144426 0.479054
10 0.3209126671875 0.4765625 0.7655646671875 0.47626925 0.7686916671875 0.47187075 0.772991 0.43990775 0.7600436671875 0.43404299999999996 0.3210006671875 0.4357695 0.31583133281250003 0.441374 0.3162223328125 0.47011125 0.3209126671875 0.4765625
8 0.3505486671875 0.553073 0.3505486671875 0.5646015 0.3530183328125 0.58374675 0.3543903328125 0.59630425 0.3771656671875 0.5973335 0.37881200000000004 0.5870405 0.376617 0.583129 0.37469600000000003 0.547103 0.376617 0.5388685 0.376617 0.518488 0.351372 0.51828225 0.352744 0.53619225 0.35 0.54278 0.3505486671875 0.553073
8 0.3744216671875 0.5551317499999999 0.3757936671875 0.56542475 0.377989 0.5825115000000001 0.3782633328125 0.59651025 0.4010386671875 0.5958924999999999 0.40131300000000003 0.5849817500000001 0.40158733281250003 0.5748945 0.3980203328125 0.5722182499999999 0.3980203328125 0.547309 0.399941 0.5386627500000001 0.40186200000000005 0.5193114999999999 0.3785376671875 0.51828225 0.3768913328125 0.53701575 0.37469600000000003 0.542574 0.3744216671875 0.5551317499999999
8 0.3982946671875 0.5508085 0.3982946671875 0.55966075 0.39719699999999997 0.5672775 0.40131300000000003 0.57448275 0.40131300000000003 0.5818939999999999 0.399941 0.5960985 0.4232653328125 0.5960985 0.4232653328125 0.5810704999999999 0.4227163328125 0.57098325 0.4229906671875 0.54833825 0.4243626671875 0.5403095 0.42463733281250005 0.518694 0.401999 0.519186 0.4010386671875 0.538045 0.3996666671875 0.5442210000000001 0.3982946671875 0.5508085
8 0.42381399999999997 0.5703655000000001 0.4243626671875 0.595069 0.4465893328125 0.5944515 0.4465893328125 0.5711890000000001 0.44796133281249995 0.54545625 0.44796133281249995 0.5345455 0.449059 0.5193114999999999 0.42463733281250005 0.5186715000000001 0.42381399999999997 0.5372215 0.4243626671875 0.5524555 0.42381399999999997 0.5703655000000001
8 0.44713833281250004 0.5658365 0.4474126671875 0.595069 0.4685416671875 0.5948632500000001 0.46936466718750003 0.581688 0.4704623328125 0.5419565000000001 0.4712856671875 0.51828225 0.4493333328125 0.5186715000000001 0.44796133281249995 0.5343395 0.44796133281249995 0.5429857499999999 0.44713833281250004 0.5658365
8 0.7396506671874999 0.55899025 0.728949 0.577106 0.725382 0.59028125 0.750078 0.590693 0.7530966671875 0.57772375 0.755566 0.57772375 0.7610543328125 0.57545925 0.7640726671875 0.57072425 0.7635236671875 0.56248975 0.7646213328125 0.5359335 0.7566636671875 0.52975775 0.7613286671874999 0.50855375 0.7380043328125 0.509583 0.7341626671875 0.53099275 0.7401996671875 0.5359335 0.7396506671874999 0.55899025
8 0.4693523328125 0.595321 0.49169666718749994 0.59550125 0.4936186671875 0.583785 0.4955406671875 0.5428682499999999 0.4933783328125 0.53493725 0.49482 0.51456875 0.471815 0.514056 0.47055366718749997 0.53169275 0.471995 0.539083 0.4693523328125 0.595321
9 0.46547599999999995 0.70842 0.46425333281250003 0.7183265 0.548374 0.7170425 0.548863 0.7089702499999999 0.551064 0.70842 0.5520419999999999 0.6737465 0.5493523328125 0.6645735 0.5500856671875 0.64677825 0.4630916671875 0.6472279999999999 0.46376433281249996 0.667142 0.4662096671875 0.6735629999999999 0.46547599999999995 0.70842
9 0.551003 0.7072285 0.5485573328125 0.7085125 0.5490466671875 0.715851 0.6317 0.71419975 0.6314553328125 0.706311 0.6361016671875 0.706311 0.6387916671875 0.67090375 0.63439 0.6637489999999999 0.635857 0.64577025 0.5499023328125 0.6469987500000001 0.5495356671875 0.663382 0.5519809999999999 0.671821 0.551003 0.7072285
9 0.638119 0.7042485 0.6332283328125 0.70736725 0.6334730000000001 0.71360475 0.7144146671875 0.7126875 0.7161263328125 0.704065 0.721017 0.70296425 0.7266413328125 0.6710425 0.7190606671875 0.66150275 0.7202836671874999 0.6453585000000001 0.6373853328125 0.6460925 0.6356736671875 0.66333725 0.6388526671875 0.669575 0.638119 0.7042485
9 0.7212616671875 0.70168 0.7156373328125001 0.703331 0.713681 0.712137 0.7968236671875 0.709752 0.7975573328125 0.7011295 0.8041596671875 0.7011295 0.806605 0.6906725 0.8078276671875001 0.68792075 0.8110066671875 0.68278375 0.8078276671875001 0.6794815 0.808806 0.6659057500000001 0.8026923328125 0.65911775 0.802937 0.64242325 0.7207726671875 0.64516475 0.71955 0.66003525 0.7239516671875 0.669208 0.7212616671875 0.70168
2 0.49578533281250003 0.5820842500000001 0.492495 0.582907 0.4916723328125 0.59524875 0.5371863328125001 0.5954545 0.5366380000000001 0.5827012500000001 0.5410246671875 0.5827012500000001 0.541299 0.54176775 0.5388313328125001 0.5345685 0.5402023328125 0.5148217500000001 0.4945513328125 0.51490925 0.4933176671875 0.53107175 0.4952366671875 0.54115075 0.49578533281250003 0.5820842500000001
1 0.636165 0.82098075 0.6323266671875001 0.8166612499999999 0.631504 0.8285914999999999 0.7101936671875 0.82571175 0.7101936671875 0.82200925 0.7159513328125 0.8201579999999999 0.718693 0.790332 0.7143063328125 0.78004725 0.715403 0.7646200000000001 0.6340403328125 0.7655265 0.634246 0.7825157500000001 0.6372616671875 0.7913604999999999 0.636165 0.82098075
1 0.717048 0.8191295000000001 0.7099193328125 0.8218035 0.7099193328125 0.82612325 0.7875123328125 0.82365475 0.7875123328125 0.8176897500000001 0.796286 0.817484 0.8012213328125 0.787658 0.794641 0.77778475 0.7968343328125 0.76318025 0.7159513328125 0.76424125 0.714032 0.778196 0.7197899999999999 0.790332 0.717048 0.8191295000000001
8 0.114706 0.69548575 0.1189876671875 0.71712625 0.1257483328125 0.71729525 0.1257483328125 0.7267629999999999 0.16991799999999999 0.7254105 0.16991799999999999 0.71577375 0.1638336671875 0.7150974999999999 0.160904 0.6799315 0.166763 0.6711400000000001 0.1669883328125 0.653726 0.12101599999999998 0.65440225 0.1205653328125 0.67164725 0.11448066718750001 0.67824075 0.114706 0.69548575
8 0.1637396671875 0.71532625 0.169904 0.7154707499999999 0.1700966671875 0.725298 0.2159436671875 0.72414175 0.21613633281250003 0.7150369999999999 0.21074266718749998 0.7143145 0.20727500000000001 0.6797745 0.21112799999999998 0.67110325 0.211513 0.65332725 0.167207 0.6541945 0.16778500000000002 0.6709587499999999 0.1612353328125 0.67890725 0.1637396671875 0.71532625
8 0.21055000000000001 0.7140255 0.2149806671875 0.71633775 0.2159436671875 0.72399725 0.26140566718749997 0.72298575 0.2615983328125 0.71417 0.255434 0.71272475 0.252737 0.67861825 0.2565896671875 0.67139225 0.2562043328125 0.65303825 0.2118983328125 0.653249 0.21112799999999998 0.67066975 0.2086236671875 0.67832925 0.21055000000000001 0.7140255
8 0.25678233281249996 0.71315825 0.26121300000000003 0.7154707499999999 0.2615983328125 0.72284125 0.30474833281249997 0.722263 0.30282200000000004 0.7098345 0.3005103328125 0.71272475 0.2978136671875 0.67876275 0.301281 0.67168125 0.3001253328125 0.6527492500000001 0.25596366718749997 0.653249 0.2571676671875 0.67066975 0.252159 0.6776065 0.25678233281249996 0.71315825