0 0.6062486671875 0.387069 0.6057953328125001 0.39512 0.6020173328125 0.39500674999999996 0.6012616671875 0.40691325 0.6396473328125001 0.40748025 0.640403 0.396254 0.64403 0.39432625 0.6446346671875001 0.387409 0.6494706671875 0.38559475 0.6534 0.347947 0.6465993328125 0.34567899999999996 0.646448 0.34227725000000003 0.642519 0.340803 0.6432743328125 0.33173125 0.60605611875 0.330834175 0.6038306671875 0.3435245 0.6077600000000001 0.34137 0.6068533328125 0.34885425 0.6138049999999999 0.346246 0.6121426671875 0.3852545 0.6062486671875 0.387069
0 0.64619 0.3455925 0.6531416671875 0.348314 0.650875 0.38494125 0.645132 0.3878895 0.6443763328125 0.39458000000000004 0.6405983328125 0.39639425 0.6399936671875001 0.40728025 0.6779263328125 0.40739375000000005 0.6782286671875 0.3970745 0.683669 0.39514675 0.6835180000000001 0.3884565 0.6901676671875 0.385735 0.6927366671875 0.348314 0.6862383328125 0.345479 0.6863893328125 0.34253075 0.680949 0.34139675 0.6815533328125001 0.33209825 0.643184 0.33133175000000004 0.6422606671875 0.340603 0.6463409999999999 0.3424175 0.64619 0.3455925
0 0.685785 0.34593275 0.6937946671875 0.348881 0.690923 0.38539475 0.6842736671874999 0.38822975 0.6841223328125 0.39412625 0.6783796671875 0.3965075 0.6777753328125 0.40739375000000005 0.7154053328125001 0.40830099999999997 0.7161609999999999 0.3967345 0.7223573328125 0.39548700000000003 0.7223573328125 0.388343 0.730518 0.38652875 0.732785 0.34706675 0.7253796671875 0.34638625 0.7253796671875 0.34287100000000004 0.719637 0.34162349999999997 0.719788 0.33266524999999997 0.6813496671875 0.33204025000000004 0.6807976671875 0.34048975000000004 0.685936 0.34207725 0.685785 0.34593275
6 0.11200000000000002 0.25625 0.11233333281249999 0.24925000000000003 0.1146666671875 0.24425 0.1136666671875 0.23925000000000002 0.11499999999999999 0.23625 0.11100000000000002 0.23399999999999999 0.10366666718749999 0.23275 0.0986666671875 0.233 0.097 0.2355 0.09733333281249999 0.2565 0.0993333328125 0.25825 0.11000000000000001 0.258 0.11200000000000002 0.25625
6 0.093 0.25575000000000003 0.0933333328125 0.236 0.0903333328125 0.23349999999999999 0.08333333281250001 0.233 0.08 0.23525000000000001 0.0786666671875 0.23900000000000002 0.07766666718750001 0.256 0.0793333328125 0.258 0.088 0.26025 0.093 0.25575000000000003
6 0.1306666671875 0.26 0.1336666671875 0.2565 0.1336666671875 0.23625 0.13033333281249998 0.23325 0.1206666671875 0.23275 0.1176666671875 0.23374999999999999 0.1166666671875 0.236 0.11599999999999999 0.25575000000000003 0.11699999999999999 0.25825 0.119 0.25975000000000004 0.1306666671875 0.26
6 0.1543333328125 0.25975000000000004 0.1553333328125 0.25475 0.1556666671875 0.23500000000000001 0.1543333328125 0.23075 0.14666666718750002 0.22875 0.13999999999999999 0.22949999999999998 0.137 0.236 0.1366666671875 0.2425 0.1373333328125 0.26 0.1396666671875 0.26125 0.1506666671875 0.26175000000000004 0.1543333328125 0.25975000000000004
6 0.17433333281250002 0.25975000000000004 0.173 0.23475000000000001 0.1696666671875 0.23224999999999998 0.1656666671875 0.23224999999999998 0.1596666671875 0.2355 0.158 0.2375 0.1573333328125 0.2595 0.1616666671875 0.2625 0.17266666718749998 0.2625 0.17433333281250002 0.25975000000000004
6 0.196 0.2565 0.196 0.2395 0.1933333328125 0.23700000000000002 0.19 0.23650000000000002 0.1813333328125 0.236 0.1786666671875 0.23825 0.1786666671875 0.2605 0.1813333328125 0.2625 0.1933333328125 0.26275 0.196 0.2565
6 0.20716666718750001 0.26275 0.21200000000000002 0.26375000000000004 0.2126666671875 0.26475 0.2153333328125 0.263 0.21633333281249997 0.26075 0.2173333328125 0.24 0.21400000000000002 0.23775 0.20600000000000002 0.23675000000000002 0.20099999999999998 0.23675000000000002 0.199 0.23900000000000002 0.19966666718749998 0.26225 0.20099999999999998 0.2645 0.20233333281250002 0.26325 0.20716666718750001 0.26275
6 0.2273333328125 0.26725 0.23199999999999998 0.26825 0.2363333328125 0.26349999999999996 0.2366666671875 0.24 0.2343333328125 0.23775 0.2246666671875 0.23675000000000002 0.2206666671875 0.2375 0.2193333328125 0.24 0.219 0.26175000000000004 0.22000000000000003 0.26549999999999996 0.22400000000000003 0.2685 0.2273333328125 0.26725
6 0.257 0.25825 0.25633333281250004 0.24 0.254 0.23875000000000002 0.244 0.238 0.24 0.2405 0.2403333328125 0.26525 0.248 0.267 0.2556666671875 0.267 0.257 0.25825
6 0.3163333328125 0.26375000000000004 0.316 0.2435 0.314 0.24125000000000002 0.30333333281249997 0.24025 0.30133333281249997 0.24075000000000002 0.3 0.2425 0.301 0.26549999999999996 0.3023333328125 0.26675 0.31433333281250003 0.26675 0.3163333328125 0.26375000000000004
6 0.296 0.264 0.2956666671875 0.24300000000000002 0.29100000000000004 0.24025 0.2826666671875 0.24025 0.2803333328125 0.24225 0.2806666671875 0.26475 0.28300000000000003 0.2665 0.29333333281249996 0.2665 0.296 0.264
6 0.2763333328125 0.264 0.277 0.256 0.2756666671875 0.2405 0.263 0.23900000000000002 0.2606666671875 0.24075000000000002 0.261 0.26425 0.2633333328125 0.26625 0.2746666671875 0.26575000000000004 0.2763333328125 0.264
6 0.33366666718750004 0.26775000000000004 0.335 0.26425 0.3353333328125 0.255 0.3326666671875 0.2455 0.32599999999999996 0.24100000000000002 0.322 0.2415 0.3203333328125 0.2435 0.31966666718750003 0.24775 0.3193333328125 0.264 0.3206666671875 0.267 0.32166666718750003 0.26775000000000004 0.33366666718750004 0.26775000000000004
6 0.354 0.2685 0.356 0.26725 0.3563333328125 0.2625 0.3553333328125 0.2475 0.351 0.24575 0.34199999999999997 0.24674999999999997 0.3413333328125 0.25075 0.3406666671875 0.26325 0.3416666671875 0.26725 0.3453333328125 0.2685 0.354 0.2685
6 0.37466666718749997 0.26775000000000004 0.3756666671875 0.2645 0.375 0.2515 0.373 0.2485 0.36866666718749996 0.24725000000000003 0.363 0.25025 0.361 0.25225 0.36 0.25625 0.3603333328125 0.26825 0.3636666671875 0.26949999999999996 0.373 0.269 0.37466666718749997 0.26775000000000004
6 0.395 0.26749999999999996 0.3953333328125 0.2595 0.3936666671875 0.2485 0.3923333328125 0.24700000000000003 0.3886666671875 0.24725000000000003 0.383 0.2495 0.3806666671875 0.252 0.3806666671875 0.26875 0.3886666671875 0.26925 0.3923333328125 0.2705 0.395 0.26749999999999996
6 0.413 0.26749999999999996 0.4136666671875 0.24700000000000003 0.41166666718749995 0.24500000000000002 0.404 0.244 0.4 0.24500000000000002 0.3976666671875 0.24775 0.3973333328125 0.26749999999999996 0.4 0.26975 0.41166666718749995 0.26975 0.413 0.26749999999999996
6 0.4313333328125 0.27175 0.4326666671875 0.26775000000000004 0.43233333281249997 0.248 0.42933333281249997 0.246 0.42133333281249996 0.2455 0.4193333328125 0.2455 0.417 0.2475 0.41733333281249996 0.26975 0.41966666718749995 0.27125 0.4286666671875 0.271 0.4313333328125 0.27175
6 0.47000000000000003 0.27125 0.4703333328125 0.248 0.46666666718750005 0.2455 0.4583333328125 0.24525000000000002 0.45533333281250005 0.24725000000000003 0.45499999999999996 0.27149999999999996 0.4583333328125 0.273 0.46799999999999997 0.27225 0.47000000000000003 0.27125
6 0.4876666671875 0.27175 0.4883333328125 0.26475 0.487 0.24725000000000003 0.48600000000000004 0.246 0.4743333328125 0.24625 0.47300000000000003 0.248 0.47366666718749995 0.27275 0.4743333328125 0.27375 0.48600000000000004 0.27349999999999997 0.4876666671875 0.27175
6 0.45066666718750004 0.26875 0.45 0.24874999999999997 0.4476666671875 0.24700000000000003 0.43899999999999995 0.24700000000000003 0.4373333328125 0.248 0.43600000000000005 0.2515 0.4363333328125 0.26975 0.43833333281250003 0.27125 0.44733333281250004 0.272 0.45066666718750004 0.26875
6 0.049 0.3565 0.0606666671875 0.35724999999999996 0.062333332812499996 0.34950000000000003 0.0616666671875 0.33675 0.05933333281249999 0.32999999999999996 0.0516666671875 0.327 0.0436666671875 0.329 0.041999999999999996 0.331 0.041999999999999996 0.3465 0.0433333328125 0.35425 0.044666667187499995 0.35550000000000004 0.049 0.3565
6 0.0793333328125 0.35375 0.078 0.33125 0.076 0.3295 0.073 0.32999999999999996 0.0686666671875 0.3285 0.0643333328125 0.32875 0.0633333328125 0.32999999999999996 0.064 0.35550000000000004 0.065 0.35625 0.077 0.35575 0.0793333328125 0.35375
6 0.10300000000000001 0.35724999999999996 0.10433333281249998 0.3345 0.10333333281249998 0.33175 0.10033333281250001 0.32925 0.096 0.32799999999999996 0.0873333328125 0.32775 0.0836666671875 0.3295 0.08299999999999999 0.33199999999999996 0.0826666671875 0.35350000000000004 0.08399999999999999 0.357 0.093 0.3585 0.10300000000000001 0.35724999999999996
6 0.1306666671875 0.35975 0.13233333281249998 0.357 0.1326666671875 0.3465 0.131 0.33525 0.119 0.3295 0.1143333328125 0.33075 0.11100000000000002 0.329 0.10633333281249999 0.32975 0.10500000000000001 0.33375 0.10533333281249999 0.35750000000000004 0.10733333281249999 0.359 0.1136666671875 0.36 0.1306666671875 0.35975
6 0.151 0.36575 0.1556666671875 0.36425 0.1586666671875 0.35775 0.158 0.34175 0.1506666671875 0.33975 0.144 0.33925 0.141 0.34049999999999997 0.1396666671875 0.344 0.13899999999999998 0.3585 0.1403333328125 0.3645 0.142 0.36575 0.151 0.36575
6 0.1766666671875 0.3665 0.18 0.362 0.1806666671875 0.34175 0.178 0.34025 0.1696666671875 0.3395 0.1646666671875 0.3395 0.161 0.341 0.1603333328125 0.36175 0.1613333328125 0.36524999999999996 0.16499999999999998 0.367 0.1766666671875 0.3665
6 0.2556666671875 0.36825 0.258 0.3655 0.2576666671875 0.3435 0.2553333328125 0.34199999999999997 0.2436666671875 0.341 0.2403333328125 0.343 0.2396666671875 0.34475 0.23866666718750001 0.365 0.24 0.36724999999999997 0.24300000000000002 0.3685 0.2556666671875 0.36825
6 0.2753333328125 0.368 0.277 0.36524999999999996 0.2783333328125 0.35375 0.277 0.34525 0.2746666671875 0.34249999999999997 0.2716666671875 0.3415 0.2626666671875 0.34199999999999997 0.26 0.3445 0.26033333281250004 0.36675 0.2633333328125 0.36875 0.267 0.36775 0.2753333328125 0.368
6 0.281 0.3685 0.29300000000000004 0.36875 0.2943333328125 0.366 0.294 0.353 0.29700000000000004 0.3465 0.2956666671875 0.34075 0.2876666671875 0.33675 0.2783333328125 0.33725 0.2753333328125 0.33925 0.2746666671875 0.34199999999999997 0.279 0.34900000000000003 0.279 0.3675 0.281 0.3685
6 0.0406666671875 0.49749999999999994 0.043 0.48650000000000004 0.043 0.47474999999999995 0.04 0.47350000000000003 0.0273333328125 0.47300000000000003 0.024666667187499998 0.47400000000000003 0.0236666671875 0.47775 0.0236666671875 0.49450000000000005 0.024666667187499998 0.49749999999999994 0.028000000000000004 0.49824999999999997 0.0406666671875 0.49749999999999994
6 0.0616666671875 0.48175 0.0596666671875 0.47474999999999995 0.05 0.47350000000000003 0.045 0.47424999999999995 0.0436666671875 0.48425 0.044 0.49775 0.045 0.49850000000000005 0.060333332812499994 0.49800000000000005 0.0616666671875 0.48175
6 0.0793333328125 0.47450000000000003 0.0663333328125 0.47375 0.064 0.47450000000000003 0.0633333328125 0.47750000000000004 0.0636666671875 0.49775 0.0763333328125 0.49800000000000005 0.0783333328125 0.495 0.0793333328125 0.47450000000000003
6 0.10200000000000001 0.484 0.10133333281250001 0.47450000000000003 0.0966666671875 0.47275 0.0873333328125 0.47300000000000003 0.0836666671875 0.47424999999999995 0.08299999999999999 0.47675 0.08299999999999999 0.49775 0.095 0.49874999999999997 0.0996666671875 0.49800000000000005 0.10200000000000001 0.484
6 0.1186666671875 0.49775 0.119 0.47450000000000003 0.1163333328125 0.47375 0.10266666718749999 0.47450000000000003 0.10300000000000001 0.49800000000000005 0.11133333281249999 0.499 0.1176666671875 0.49824999999999997 0.1186666671875 0.49775
6 0.1386666671875 0.49824999999999997 0.13999999999999999 0.49474999999999997 0.13999999999999999 0.48425 0.1383333328125 0.47474999999999995 0.1336666671875 0.47225 0.1273333328125 0.47424999999999995 0.123 0.47325 0.121 0.476 0.122 0.49800000000000005 0.1256666671875 0.49924999999999997 0.134 0.4995 0.1386666671875 0.49824999999999997
6 0.1666666671875 0.49850000000000005 0.1706666671875 0.49675 0.17333333281250002 0.49074999999999996 0.173 0.48600000000000004 0.175 0.4805 0.17433333281250002 0.47450000000000003 0.172 0.4725 0.16699999999999998 0.47125000000000006 0.154 0.471 0.1506666671875 0.47175 0.144 0.47625 0.1423333328125 0.481 0.143 0.48575 0.142 0.49024999999999996 0.1433333328125 0.49800000000000005 0.1666666671875 0.49850000000000005
6 0.2443333328125 0.49850000000000005 0.246 0.495 0.24466666718750002 0.47450000000000003 0.24333333281249997 0.47175 0.24 0.46925 0.23199999999999998 0.4715 0.22999999999999998 0.475 0.22833333281249998 0.485 0.22799999999999998 0.49400000000000005 0.2296666671875 0.49725 0.2323333328125 0.499 0.2443333328125 0.49850000000000005
6 0.24733333281249997 0.49850000000000005 0.2506666671875 0.4995 0.265 0.49874999999999997 0.267 0.492 0.2666666671875 0.47375 0.2633333328125 0.47024999999999995 0.253 0.46725000000000005 0.25033333281250003 0.46775 0.24466666718750002 0.47275 0.2436666671875 0.47424999999999995 0.2436666671875 0.48224999999999996 0.2456666671875 0.48550000000000004 0.24733333281249997 0.49850000000000005
6 0.34199999999999997 0.49474999999999997 0.3423333328125 0.47450000000000003 0.335 0.47300000000000003 0.32966666718750004 0.47424999999999995 0.3263333328125 0.47625 0.325 0.4805 0.3243333328125 0.49474999999999997 0.32566666718750004 0.499 0.3396666671875 0.49874999999999997 0.34199999999999997 0.49474999999999997
6 0.4146666671875 0.49850000000000005 0.4166666671875 0.49400000000000005 0.4176666671875 0.479 0.4166666671875 0.4755 0.41233333281249995 0.47375 0.4033333328125 0.47375 0.3996666671875 0.47450000000000003 0.3986666671875 0.4765 0.397 0.49775 0.4 0.50075 0.41233333281249995 0.5 0.4146666671875 0.49850000000000005
6 0.396 0.49800000000000005 0.397 0.47450000000000003 0.38333333281250004 0.47400000000000003 0.38133333281250004 0.475 0.3806666671875 0.47850000000000004 0.38 0.49850000000000005 0.38166666718750003 0.49974999999999997 0.3926666671875 0.5 0.396 0.49800000000000005
6 0.377 0.47725 0.376 0.47525000000000006 0.373 0.47400000000000003 0.3643333328125 0.47424999999999995 0.36266666718749996 0.47575 0.3623333328125 0.47925000000000006 0.3623333328125 0.49824999999999997 0.365 0.49974999999999997 0.37666666718749997 0.49824999999999997 0.377 0.47725
6 0.3596666671875 0.49775 0.361 0.47450000000000003 0.3543333328125 0.47300000000000003 0.344 0.47424999999999995 0.3423333328125 0.48624999999999996 0.3426666671875 0.49824999999999997 0.3456666671875 0.5 0.3583333328125 0.49924999999999997 0.3596666671875 0.49775
6 0.4876666671875 0.49800000000000005 0.4876666671875 0.47824999999999995 0.4863333328125 0.4755 0.4823333328125 0.47474999999999995 0.4743333328125 0.47525000000000006 0.4703333328125 0.48 0.471 0.49800000000000005 0.4743333328125 0.5005 0.48600000000000004 0.5005 0.4876666671875 0.49800000000000005
6 0.5043333328124999 0.5 0.5056666671875 0.49725 0.5053333328125 0.47750000000000004 0.5036666671875001 0.47575 0.5 0.475 0.4916666671875 0.475 0.489 0.47750000000000004 0.4886666671875 0.49824999999999997 0.4903333328125 0.5002500000000001 0.5023333328125 0.501 0.5043333328124999 0.5
6 0.523 0.49775 0.5236666671875 0.491 0.523 0.47675 0.5213333328124999 0.475 0.5096666671875 0.47474999999999995 0.5073333328125 0.47850000000000004 0.5073333328125 0.49850000000000005 0.5103333328125 0.5005 0.5213333328124999 0.50075 0.523 0.49775
6 0.628 0.502 0.6306666671875 0.4955 0.6303333328125 0.47750000000000004 0.627 0.476 0.6183333328125 0.47525000000000006 0.6143333328125 0.4765 0.612 0.47975 0.6116666671875 0.49800000000000005 0.613 0.5 0.615 0.50175 0.628 0.502
6 0.646 0.50175 0.6473333328125 0.49775 0.6476666671875 0.47750000000000004 0.6463333328124999 0.476 0.6433333328125 0.4755 0.635 0.476 0.6326666671875001 0.47775 0.632 0.48025 0.6306666671875 0.49225 0.6316666671875 0.50075 0.6336666671875 0.502 0.646 0.50175
6 0.6636666671875 0.477 0.662 0.475 0.654 0.475 0.6493333328124999 0.47725 0.649 0.50175 0.662 0.50225 0.6639999999999999 0.49824999999999997 0.6636666671875 0.477
6 0.7150000000000001 0.50175 0.717 0.49800000000000005 0.7163333328125 0.47725 0.7136666671875 0.47575 0.7076666671875 0.47474999999999995 0.7003333328125 0.47575 0.6973333328125 0.47925000000000006 0.6973333328125 0.49800000000000005 0.6990000000000001 0.50075 0.701 0.50225 0.7150000000000001 0.50175
6 0.7346666671875 0.50175 0.7363333328125 0.49824999999999997 0.737 0.47824999999999995 0.7323333328125 0.47575 0.7283333328125 0.4755 0.7206666671875 0.47625 0.7186666671874999 0.47775 0.7196666671874999 0.5002500000000001 0.7223333328125 0.502 0.7326666671875001 0.5025000000000001 0.7346666671875 0.50175
6 0.063 0.627 0.062 0.6184999999999999 0.064 0.60725 0.053000000000000005 0.605 0.048333332812500004 0.60675 0.0486666671875 0.63075 0.053666667187499996 0.63125 0.06 0.63025 0.063 0.627
6 0.08333333281250001 0.627 0.0826666671875 0.6125 0.0836666671875 0.61075 0.0823333328125 0.605 0.08 0.60375 0.0716666671875 0.604 0.068 0.6054999999999999 0.066 0.60875 0.0663333328125 0.6285000000000001 0.06833333281250001 0.63025 0.0806666671875 0.6295 0.08333333281250001 0.627
6 0.10333333281249998 0.624 0.10333333281249998 0.6054999999999999 0.1 0.60375 0.096 0.6045 0.091 0.603 0.087 0.6042500000000001 0.0846666671875 0.607 0.086 0.6287499999999999 0.0876666671875 0.6305 0.10033333281250001 0.6287499999999999 0.10333333281249998 0.624
6 0.1223333328125 0.62725 0.1233333328125 0.60725 0.1153333328125 0.6042500000000001 0.10733333281249999 0.6045 0.10466666718749999 0.606 0.10466666718749999 0.6287499999999999 0.10733333281249999 0.6305 0.119 0.63025 0.1223333328125 0.62725
6 0.1386666671875 0.6287499999999999 0.1396666671875 0.627 0.1393333328125 0.61025 0.1406666671875 0.60675 0.1383333328125 0.6045 0.1336666671875 0.6045 0.1306666671875 0.60325 0.1263333328125 0.6045 0.1236666671875 0.6075 0.1236666671875 0.6287499999999999 0.1263333328125 0.6305 0.136 0.63 0.1386666671875 0.6287499999999999
6 0.1583333328125 0.628 0.1596666671875 0.62225 0.16 0.60725 0.154 0.6042500000000001 0.14666666718750002 0.60375 0.1426666671875 0.607 0.143 0.6287499999999999 0.1453333328125 0.63025 0.1566666671875 0.6295 0.1583333328125 0.628
6 0.179 0.62375 0.179 0.6075 0.1776666671875 0.6052500000000001 0.17366666718749998 0.606 0.16999999999999998 0.603 0.16499999999999998 0.6045 0.162 0.6075 0.1616666671875 0.616 0.162 0.62975 0.1656666671875 0.63075 0.1766666671875 0.63 0.179 0.62375
6 0.1963333328125 0.6285000000000001 0.198 0.6235 0.19766666718749998 0.61425 0.1993333328125 0.60675 0.1973333328125 0.60475 0.1936666671875 0.60375 0.1906666671875 0.6045 0.185 0.60375 0.1813333328125 0.606 0.1816666671875 0.629 0.1846666671875 0.6305 0.1946666671875 0.6295 0.1963333328125 0.6285000000000001
6 0.2166666671875 0.62975 0.21833333281249998 0.627 0.21800000000000003 0.6035 0.217 0.60275 0.2133333328125 0.6035 0.207 0.6025 0.20233333281250002 0.6042500000000001 0.2 0.60725 0.19966666718749998 0.62725 0.20099999999999998 0.63025 0.2133333328125 0.63075 0.2166666671875 0.62975
6 0.223 0.6305 0.2326666671875 0.62975 0.23566666718749998 0.627 0.23566666718749998 0.6092500000000001 0.23733333281250002 0.6035 0.2326666671875 0.6014999999999999 0.22400000000000003 0.6025 0.219 0.60675 0.21833333281249998 0.6195 0.2193333328125 0.6287499999999999 0.22033333281249998 0.63 0.223 0.6305
6 0.25233333281250003 0.63 0.25466666718750003 0.6275000000000001 0.255 0.6035 0.2483333328125 0.60275 0.24100000000000002 0.60325 0.23933333281250002 0.60475 0.238 0.6092500000000001 0.23766666718749999 0.62725 0.23866666718750001 0.6295 0.24 0.6305 0.25233333281250003 0.63
6 0.2723333328125 0.62725 0.2736666671875 0.60325 0.2713333328125 0.602 0.26033333281250004 0.6025 0.258 0.60375 0.256 0.607 0.256 0.62825 0.25866666718750003 0.63 0.2696666671875 0.62975 0.2723333328125 0.62725
6 0.292 0.62575 0.2946666671875 0.60325 0.28700000000000003 0.601 0.2786666671875 0.60225 0.2753333328125 0.6052500000000001 0.2753333328125 0.62775 0.2786666671875 0.6295 0.2903333328125 0.6287499999999999 0.292 0.62575
6 0.309 0.6287499999999999 0.311 0.622 0.3116666671875 0.6035 0.31033333281250003 0.6025 0.3016666671875 0.60225 0.29733333281249996 0.6035 0.2943333328125 0.61625 0.2936666671875 0.62725 0.2946666671875 0.6295 0.30733333281249997 0.6295 0.309 0.6287499999999999
6 0.42033333281249996 0.628 0.42133333281249996 0.62375 0.421 0.6014999999999999 0.41966666718749995 0.6 0.40800000000000003 0.6 0.4056666671875 0.60325 0.40499999999999997 0.62725 0.40766666718750005 0.629 0.41900000000000004 0.6287499999999999 0.42033333281249996 0.628
6 0.40033333281249994 0.6295 0.4023333328125 0.627 0.40433333281249995 0.6035 0.40099999999999997 0.60075 0.3926666671875 0.6005 0.3883333328125 0.60225 0.387 0.618 0.3866666671875 0.627 0.3876666671875 0.6287499999999999 0.3886666671875 0.6295 0.40033333281249994 0.6295
6 0.384 0.628 0.385 0.6115 0.385 0.603 0.384 0.602 0.372 0.6014999999999999 0.369 0.6025 0.3676666671875 0.61825 0.3673333328125 0.62725 0.3693333328125 0.6292500000000001 0.3806666671875 0.6295 0.384 0.628
6 0.36633333281249997 0.6035 0.3633333328125 0.60175 0.3536666671875 0.601 0.3496666671875 0.60325 0.3496666671875 0.6292500000000001 0.36266666718749996 0.62975 0.3656666671875 0.62675 0.36633333281249997 0.6035
6 0.45599999999999996 0.627 0.45499999999999996 0.60575 0.45133333281250004 0.604 0.4463333328125 0.6052500000000001 0.44299999999999995 0.605 0.4413333328125 0.607 0.4403333328125 0.615 0.4403333328125 0.628 0.44266666718750003 0.6295 0.45466666718750004 0.6287499999999999 0.45599999999999996 0.627
6 0.4733333328125 0.62725 0.47366666718749995 0.625 0.4743333328125 0.603 0.472 0.6014999999999999 0.46666666718750005 0.6005 0.46266666718750005 0.6005 0.4583333328125 0.60275 0.458 0.627 0.45899999999999996 0.62825 0.471 0.629 0.4733333328125 0.62725
6 0.49000000000000005 0.6285000000000001 0.4916666671875 0.62675 0.49133333281249997 0.60275 0.49000000000000005 0.6012500000000001 0.47800000000000004 0.60075 0.476 0.6035 0.4763333328125 0.621 0.475 0.62675 0.47766666718749995 0.62825 0.49000000000000005 0.6285000000000001
6 0.5066666671875 0.6285000000000001 0.5096666671875 0.62675 0.5093333328125 0.60325 0.5023333328125 0.60175 0.4966666671875 0.60175 0.49400000000000005 0.603 0.49466666718749996 0.6207045 0.4933333328125 0.62675 0.497 0.6287499999999999 0.5066666671875 0.6285000000000001
6 0.5973333328125 0.6255 0.5986666671875 0.619 0.5986666671875 0.611 0.5966666671875 0.6035 0.5953333328125 0.60225 0.5916666671875 0.60175 0.584 0.60175 0.5820000000000001 0.60275 0.5826666671875 0.627 0.584 0.62775 0.5953333328125 0.62775 0.5973333328125 0.6255
6 0.5793333328125 0.6265 0.5796666671875 0.623 0.5786666671875 0.60325 0.576 0.6014999999999999 0.5726666671875 0.602 0.5686666671875 0.601 0.564 0.6025 0.564 0.627 0.5676666671875 0.6285000000000001 0.5773333328125 0.628 0.5793333328125 0.6265
6 0.562 0.6245 0.5623333328125 0.615 0.5613333328125 0.60325 0.5599999999999999 0.60175 0.5526666671875 0.601 0.5476666671875 0.6025 0.5469999999999999 0.627 0.5506666671875 0.62825 0.5606666671875 0.628 0.562 0.6245
6 0.5323333328125 0.6285000000000001 0.541 0.6287499999999999 0.5443333328125 0.627 0.545 0.6065 0.544 0.60325 0.5406666671875 0.6012500000000001 0.5333333328125 0.601 0.5283333328125 0.60325 0.5293333328125 0.61525 0.528 0.619 0.5293333328125 0.627 0.5323333328125 0.6285000000000001
6 0.7183333328125 0.62675 0.7193333328125 0.6235 0.7196666671874999 0.60725 0.7153333328125 0.60275 0.7070000000000001 0.602 0.7026666671874999 0.603 0.7026666671874999 0.627 0.7086666671875 0.629 0.716 0.6285000000000001 0.7183333328125 0.62675
6 0.7003333328125 0.62675 0.7013333328125 0.6195 0.7003333328125 0.6045 0.697 0.602 0.687 0.603 0.6866666671874999 0.627 0.6893333328125 0.62825 0.697 0.6285000000000001 0.7003333328125 0.62675
6 0.6839999999999999 0.62675 0.6846666671875 0.6245 0.6856666671875 0.60675 0.6816666671875 0.60175 0.6733333328125 0.60175 0.6706666671875 0.60325 0.6693333328125 0.62675 0.6733333328125 0.628 0.6813333328125 0.62825 0.6839999999999999 0.62675
6 0.666 0.6275000000000001 0.6679999999999999 0.619 0.6683333328125001 0.60675 0.667 0.60325 0.6623333328125 0.6014999999999999 0.6536666671875 0.60225 0.6526666671875 0.60325 0.6526666671875 0.627 0.6543333328125 0.62775 0.666 0.6275000000000001
6 0.6496666671875 0.62675 0.65 0.6252500000000001 0.6503333328124999 0.60675 0.649 0.604 0.6463333328124999 0.60175 0.639 0.601 0.634 0.6025 0.6346666671875 0.62675 0.6386666671875 0.62825 0.6473333328125 0.628 0.6496666671875 0.62675
6 0.6326666671875001 0.62675 0.632 0.60375 0.6306666671875 0.60225 0.62 0.6012500000000001 0.6166666671875001 0.60275 0.6173333328124999 0.627 0.6213333328124999 0.62825 0.6306666671875 0.62825 0.6326666671875001 0.62675
6 0.6156666671875 0.6094999999999999 0.6146666671875 0.60375 0.6116666671875 0.6014999999999999 0.6026666671875 0.601 0.599 0.60225 0.599 0.627 0.6116666671875 0.6285000000000001 0.6146666671875 0.627 0.6156666671875 0.6094999999999999
7 0.1217556671875 0.03274525 0.019075 0.02817825 0.019481000000000002 0.076895 0.1229733328125 0.08237575 0.1217556671875 0.03274525
7 0.22240733281249997 0.037008 0.12226300000000001 0.0324175 0.1245966671875 0.0988175 0.22200133281249998 0.10277575000000001 0.22240733281249997 0.037008
7 0.3199133328125 0.04225625 0.2211896671875 0.03660275 0.222103 0.10376125 0.32031933281249997 0.107415 0.3199133328125 0.04225625
7 0.4165063328125 0.04712775 0.319609 0.04192975 0.317884 0.10619700000000001 0.41447700000000004 0.11045975 0.4165063328125 0.04712775
7 0.5090406671875 0.0507815 0.41447700000000004 0.0464955 0.41447700000000004 0.10924175 0.5094466671875 0.1159405 0.5090406671875 0.0507815
7 0.604822 0.057175750000000004 0.5103596671874999 0.05068075 0.5102583328125 0.09888949999999999 0.6031986671875 0.10406575 0.604822 0.057175750000000004
7 0.698168 0.06143849999999999 0.6057349999999999 0.05600775 0.602387 0.10345675000000001 0.6941096671875 0.10893725000000001 0.698168 0.06143849999999999
10 0.5843200000000001 0.2875125 0.6048636671875001 0.28795275 0.6083853328125 0.280797 0.6085320000000001 0.25613725 0.607505 0.2511835 0.588612 0.25067825 0.589309 0.25492625 0.5868143328125 0.28443 0.5843200000000001 0.2875125
10 0.5813623328124999 0.3850775 0.6031483328125 0.38523775 0.60443 0.380671 0.6058183328125 0.3562345 0.6050706671875 0.3508665 0.5845663328125 0.35023925 0.5854206671875 0.354632 0.5833913328125 0.378668 0.5813623328124999 0.3850775
10 0.3189356671875 0.37919025 0.3390593328125 0.379671 0.3397003328125 0.34399525 0.31932 0.34333725 0.31791033281250003 0.34563 0.317782 0.3674585 0.3189356671875 0.37919025
1 0.7076313328125 0.94748725 0.626276 0.9488305 0.624486 0.98524225 0.7032553328125 0.98464525 0.7076313328125 0.94748725
2 0.2667333328125 0.99901125 0.3084193328125 0.99975 0.3071046671875 0.96872375 0.31086033281250003 0.9582992499999999 0.3123623328125 0.93759075 0.27062966718750003 0.9376155 0.271991 0.953932 0.266921 0.9673149999999999 0.2667333328125 0.99901125
5 0.32888666718750004 0.99858875 0.32757200000000003 0.960553 0.3100623328125 0.9612045 0.3071046671875 0.96759675 0.30860699999999996 0.999293 0.32888666718750004 0.99858875
5 0.3502926671875 0.959426 0.32696200000000003 0.9599722500000001 0.32945 0.9983069999999999 0.3491663328125 0.9964757499999999 0.3502926671875 0.959426
0 0.5018496671875 0.28310399999999997 0.49992833281250004 0.28543275 0.4996326671875 0.29386049999999997 0.5201783328125 0.29452575 0.5209173328125 0.28787225 0.522691 0.28443475 0.5238733328125 0.24351625000000002 0.521804 0.24251825 0.5220996671875 0.23775 0.5010736671875 0.23644150000000003 0.5012586671875 0.24407074999999998 0.50318 0.242851 0.5018496671875 0.28310399999999997
0 0.5231343328125 0.28432375 0.5207693328125 0.28831575 0.5198826671875 0.294304 0.5419063328125 0.29508025 0.5423496671875 0.288205 0.5448623328125 0.2857655 0.5456013328125 0.2444035 0.5438276671875 0.24262925000000002 0.5441233328124999 0.23852625 0.521952 0.23741150000000003 0.521804 0.2422965 0.5244646671875001 0.24362725 0.5231343328125 0.28432375
0 0.5448623328125 0.28543275 0.5424973328125 0.2886485 0.542054 0.29541275 0.5634863328125 0.29552375 0.5639296671875 0.28787225 0.5658513328125 0.28532175 0.5676249999999999 0.24517950000000002 0.5655556671874999 0.2434055 0.5659989999999999 0.23930250000000003 0.5441233328124999 0.23824275 0.5441233328124999 0.2421855 0.5461926671875 0.2441815 0.5448623328125 0.28543275
0 0.5658513328125 0.28532175 0.5640776671875 0.28809399999999996 0.5634863328125 0.295302 0.5835883328125 0.2958565 0.584623 0.2876505 0.5858056671874999 0.28498925 0.5881706671875 0.2444035 0.5858056671874999 0.24329450000000002 0.5861013328125 0.2391915 0.5664793328125 0.23907425 0.5657033328125001 0.24362725 0.5676249999999999 0.24562325000000002 0.5658513328125 0.28532175
0 0.6108223328125 0.2850025 0.6075703328125 0.28866200000000003 0.6066836671875 0.2963135 0.6276726671875 0.29742225 0.6284116671875 0.2891055 0.6313676671875 0.2852245 0.633585 0.24608024999999997 0.6307766671875 0.24497125 0.6307766671875 0.2397595 0.6086050000000001 0.23920175000000002 0.6093443328125 0.24763275 0.6123003328125 0.24508225 0.6108223328125 0.2850025
0 0.6322546671875 0.2852245 0.6284116671875 0.28899474999999997 0.6282636671875 0.296757 0.649105 0.2981985 0.6496963328125 0.28943825 0.6532436671874999 0.28633325 0.6548696671875 0.24707825 0.6517656671875 0.24530400000000002 0.652061 0.241201 0.631146 0.24017175000000002 0.63122 0.24463875000000002 0.6341763328125001 0.24663474999999999 0.6322546671875 0.2852245
0 0.6544260000000001 0.28577875 0.6508786671875 0.28999275 0.6499916671875 0.297755 0.6709806671874999 0.2981985 0.6712763328125 0.29010349999999996 0.6749716671875 0.28766400000000003 0.677632 0.24696725000000003 0.67305 0.246191 0.673198 0.24153375000000002 0.6518393328125 0.2405875 0.652061 0.24463875000000002 0.6561996671875 0.24707825 0.6544260000000001 0.28577875
0 0.34117566718750003 0.33818675 0.3390823328125 0.34001899999999996 0.33960566718749996 0.37888875 0.34169900000000003 0.38150625 0.3406523328125 0.38831175 0.3429203328125 0.38909699999999997 0.3418736671875 0.402446 0.3812986671875 0.40336225 0.38252 0.3248375 0.3427456671875 0.32392125 0.3425713328125 0.3330825 0.3413503328125 0.3341295 0.34117566718750003 0.33818675
0 0.42229400000000006 0.4040165 0.42229400000000006 0.3247065 0.3822583328125 0.32352400000000003 0.381822 0.3374015 0.3814733328125 0.40283875 0.42229400000000006 0.4040165
0 0.443492 0.39296675 0.44403699999999996 0.38430175 0.4445816671875 0.3438385 0.4428383328125 0.343348 0.43869800000000003 0.3578985 0.42371600000000004 0.35488775 0.42268100000000003 0.35462875 0.42246300000000003 0.392231 0.443492 0.39296675
0 0.465611 0.38422 0.4662646671875 0.33770775 0.4620153328125 0.33811650000000004 0.46114366718750005 0.35716275 0.45983599999999997 0.3598605 0.44817733281249994 0.358716 0.445644 0.34988225 0.44371 0.39296675 0.46495699999999995 0.3933755 0.465611 0.38422
0 0.46528400000000003 0.393212 0.4857683328125 0.393212 0.4858773328125 0.3863455 0.48685799999999996 0.38430175 0.48772966718750005 0.34808925 0.4858773328125 0.34857974999999997 0.48609533281250006 0.3521765 0.481737 0.3582255 0.47007833281250005 0.35225825 0.472911 0.350051 0.473238 0.345637 0.470514 0.343348 0.47171266718749993 0.3406505 0.4809196671875 0.3376245 0.4667003328125 0.33787124999999996 0.4659376671875 0.384874 0.46528400000000003 0.393212
0 0.4872936671875 0.393212 0.5073423328125 0.3939475 0.5075603328125 0.38659075 0.5086496671875 0.38544625 0.5095216671875 0.35127725 0.4888193328125 0.3485545 0.4882743328125 0.382667 0.486422 0.38577325 0.4872936671875 0.393212
0 0.50865 0.39370099999999997 0.529461 0.39443649999999997 0.529897 0.38675275 0.5310953328125 0.3848725 0.5333836671875 0.34923225 0.5235773328125 0.353483 0.5211803328125 0.35569 0.5206353328125 0.35773350000000004 0.5186740000000001 0.36043125 0.516495 0.361412 0.5149693328125 0.36026775 0.516386 0.3494775 0.511973 0.35110800000000003 0.5115916671875 0.38094875 0.5091946671875001 0.38577175 0.50865 0.39370099999999997
0 0.530115 0.394028 0.5500543328124999 0.39435475000000003 0.5505993328125001 0.3874885 0.5527783328125 0.38569 0.55365 0.37015875 0.537306 0.36296525 0.537415 0.34792425 0.5340373328125 0.3493715 0.532185 0.3842185 0.529897 0.38675275 0.530115 0.394028
0 0.5510349999999999 0.39435475000000003 0.5716283328125 0.39484525000000004 0.572282 0.38765174999999996 0.5736986671875 0.38626225000000003 0.5759866671875 0.34628950000000003 0.5713013328125001 0.34637125 0.5692313328124999 0.362393 0.5708656671875 0.3632105 0.5713013328125001 0.3667255 0.5583353328125 0.37073100000000003 0.5546033328125 0.36959725 0.55365 0.385036 0.551362 0.3871615 0.5510349999999999 0.39435475000000003
5 0.146546 0.8460635 0.12356566718749999 0.8465155 0.1244166671875 0.8839197499999999 0.1461813328125 0.8834635000000001 0.146546 0.8460635
5 0.1680673328125 0.84569875 0.1468196671875 0.8458315000000001 0.1455733328125 0.8834635000000001 0.16733800000000001 0.8832812499999999 0.1680673328125 0.84569875
5 0.1895886671875 0.84469525 0.167794 0.8451475 0.1674593328125 0.8833724999999999 0.1881296671875 0.8833724999999999 0.1895886671875 0.84469525
5 0.2113533328125 0.84405675 0.189832 0.8445775 0.18776500000000002 0.8830075000000001 0.20989433281249997 0.8825514999999999 0.2113533328125 0.84405675
5 0.2314156671875 0.8816392499999999 0.2328746671875 0.84360075 0.2112623328125 0.8442354999999999 0.211475 0.8443305000000001 0.20977266718749998 0.88182175 0.2314156671875 0.8816392499999999
5 0.2527546671875 0.8428034999999999 0.2328443328125 0.84343775 0.231963 0.87929125 0.2521466671875 0.8793825 0.2527546671875 0.8428034999999999
5 0.27330333281249997 0.84252975 0.2529066671875 0.8425257500000001 0.2519036671875 0.8792 0.27378966718750003 0.8785615 0.27330333281249997 0.84252975
5 0.34309599999999996 0.8408424999999999 0.3232766671875 0.84093 0.3212096671875 0.87733025 0.3416366671875 0.8774215 0.34309599999999996 0.8408424999999999
5 0.362915 0.84047775 0.343339 0.840588 0.3413936671875 0.8774215 0.361091 0.87723925 0.362915 0.84047775
5 0.38346366718749997 0.83965675 0.3630973328125 0.840132 0.361091 0.877604 0.38188300000000003 0.87787775 0.38346366718749997 0.83965675
5 0.40364766718749995 0.83947425 0.38346366718749997 0.8395619999999999 0.38163966718750003 0.87733025 0.40170199999999995 0.8769655000000001 0.40364766718749995 0.83947425
5 0.423801 0.8393827500000001 0.40398199999999995 0.8395619999999999 0.40203633281249995 0.8772387500000001 0.422342 0.87742125 0.423801 0.8393827500000001
5 0.4438633328125 0.83837925 0.42343633281250004 0.8391059999999999 0.42222033281250004 0.87714775 0.4416746671875 0.8766002500000001 0.4438633328125 0.83837925
5 0.4646553328125 0.8381057500000001 0.4438026671875 0.838194 0.44203966718750004 0.87614425 0.462345 0.8757792500000001 0.4646553328125 0.8381057500000001
5 0.5717453328125 0.836191 0.5524733328125 0.8362562499999999 0.5504673328125 0.8715842500000001 0.5696783328125 0.8714930000000001 0.5717453328125 0.836191
5 0.590835 0.83609975 0.5719276671875 0.8359142500000001 0.5699216671875 0.8715842500000001 0.5888896671875 0.8716754999999999 0.590835 0.83609975
5 0.6107756671875 0.83537 0.591078 0.83568625 0.5891326671875 0.87058075 0.610046 0.87058075 0.6107756671875 0.83537
5 0.630443 0.8348452500000001 0.6106846671875 0.8350025000000001 0.6100156671875 0.8706032499999999 0.6295916671875 0.8710595 0.630443 0.8348452500000001
5 0.650505 0.8349365000000001 0.630139 0.8346605 0.62947 0.8706032499999999 0.6492893328125 0.8706032499999999 0.650505 0.8349365000000001
5 0.6699596671875 0.8343892500000001 0.6498973328125001 0.8346605 0.6491676671875 0.86996475 0.6686219999999999 0.8695997500000001 0.6699596671875 0.8343892500000001
5 0.6897786671875 0.8337505000000001 0.6695036671875 0.8342045 0.6686219999999999 0.8700559999999999 0.6881980000000001 0.8696910000000001 0.6897786671875 0.8337505000000001
5 0.7085033328125 0.8335682500000001 0.6906296671875001 0.8337484999999999 0.6879546671875 0.86932625 0.7064363328125001 0.86887 0.7085033328125 0.8335682500000001