8 0.135182 0.5725366671875001 0.13253600000000001 0.5808793328124999 0.13446025 0.5991686671875 0.135182 0.624196 0.14336025 0.6258003328124999 0.144563 0.6566036671875 0.16861675 0.6588496671875 0.16957875 0.6283673328125 0.16212225 0.6235543328125 0.16212225 0.602698 0.15923575 0.5901843328124999 0.16188175 0.5494343328125 0.16981949999999998 0.5423753328124999 0.17270575 0.5070803328125 0.147113 0.504892 0.14696825 0.5369206671875 0.13662525 0.5446216671874999 0.135182 0.5725366671875001
8 0.160198 0.5738203328125 0.158514 0.5831253328125 0.16164099999999998 0.6020563328125 0.1614005 0.62195 0.17006 0.629009 0.16933825 0.6572453328125001 0.19435425 0.6585286671875 0.19435425 0.6283673328125 0.18882175 0.629009 0.18810025 0.550397 0.196038 0.5452633328125 0.19796225 0.5083636671875 0.17463025000000001 0.5067593328125 0.170541 0.540771 0.16188175 0.548151 0.160198 0.5738203328125
8 0.20994775 0.5837636671875 0.20946674999999998 0.5940313328125 0.21066924999999997 0.6026946671875 0.211872 0.6322143328125 0.21932875 0.6338186671875 0.221253 0.661413 0.24242024999999998 0.6607713328125 0.24434450000000002 0.63061 0.23857175000000003 0.6299683328125 0.23760949999999997 0.6107163328125 0.23520425 0.5937106671875 0.23784999999999998 0.5558483328125 0.24578775 0.5449390000000001 0.24530675 0.5102856671875 0.21958700000000003 0.5113073328125 0.21956925 0.5436556671874999 0.21307475 0.5513563328125 0.20994775 0.5837636671875
8 0.2344825 0.594673 0.23784999999999998 0.6059033328125001 0.23664749999999998 0.6299683328125 0.24410400000000002 0.6312516671874999 0.24290150000000002 0.6610923328125 0.26695525 0.661413 0.26815775 0.63061 0.2626255 0.6290056671875 0.25805525 0.6126416671875 0.2599795 0.5982026671875 0.26094175000000003 0.5462223328125 0.27056325000000003 0.5391633328125 0.271766 0.5099646671875 0.24674999999999997 0.5086813328125 0.24578775 0.5410886671874999 0.23929325 0.5510353328125001 0.2344825 0.594673
8 0.25949849999999997 0.5956356671874999 0.25781475 0.611679 0.262385 0.6293266671875 0.26719575 0.630931 0.26719575 0.661413 0.29004675 0.6633383328125 0.29148999999999997 0.6241926671875 0.2854765 0.6267596671875 0.28716025 0.547506 0.29389525 0.5420513328125 0.29750350000000003 0.5035473328125 0.27131125 0.5012833328124999 0.27128475 0.53788 0.26166325 0.5455806671875 0.25949849999999997 0.5956356671874999
8 0.52875625 0.627311 0.5270724999999999 0.6334073328125001 0.52611025 0.662285 0.549202 0.6616433328125 0.549683 0.63437 0.553291 0.6324446671875 0.5561775 0.555116 0.5530505 0.5442066671875 0.5540127499999999 0.5082696671875 0.53140225 0.507628 0.52899675 0.543886 0.53212375 0.5512656671875 0.52875625 0.627311
8 0.6873065 0.5534346671875 0.68610375 0.631084 0.680812 0.6269126671875 0.6781659999999999 0.6631706671875001 0.70197925 0.6634913328125001 0.70221975 0.635897 0.7079927500000001 0.6323673328125 0.710398 0.6105486671875 0.713525 0.5938636671874999 0.7123222499999999 0.5556806671875 0.7043845 0.54798 0.7060682500000001 0.5152516671875 0.6829995 0.512911 0.68249575 0.5136473328125 0.680812 0.547338 0.6873065 0.5534346671875
8 0.71111975 0.626592 0.7036629999999999 0.6346133328125 0.70246025 0.6615663328125 0.7257925000000001 0.6628496671875 0.7267545 0.633651 0.73348975 0.6326883328124999 0.73493275 0.612153 0.73805975 0.6031686671875 0.7361354999999999 0.5556806671875 0.7289195 0.5492633328125 0.7294005 0.516535 0.70585425 0.514916 0.70534675 0.547659 0.71256275 0.5543973328125 0.71111975 0.626592
8 0.73709775 0.5864836671875 0.738541 0.5957886671875 0.7344517500000001 0.6089443328125 0.73397075 0.6317256671875 0.7262735 0.6346133328125 0.7257925000000001 0.6628496671875 0.74744075 0.664454 0.75008675 0.6339716671875 0.75634075 0.6320466671875 0.758746 0.6118319999999999 0.7613920000000001 0.6009226671875 0.760911 0.5579266671875 0.75321375 0.5499050000000001 0.75417575 0.5174976671875 0.73021275 0.5161186671875 0.72916 0.54798 0.73493275 0.554718 0.73709775 0.5864836671875
8 0.760911 0.554718 0.7585054999999999 0.628517 0.7498462499999999 0.6352553328125 0.747922 0.6612453328125001 0.771254 0.664133 0.77245675 0.6339716671875 0.7794322499999999 0.631405 0.78279975 0.6115113328125 0.7868890000000001 0.5983556671875 0.78568625 0.586163 0.78520525 0.5563223328125 0.77558375 0.550226 0.777508 0.516856 0.7542705 0.5161186671875 0.75321375 0.519102 0.75321375 0.5515093328125 0.760911 0.554718
8 0.7854457499999999 0.5826333328125 0.78616725 0.5941843328124999 0.7837620000000001 0.6108693328125 0.7837620000000001 0.6294796671875 0.77317825 0.6339716671875 0.77197575 0.662208 0.79482675 0.6615663328125 0.7945862499999999 0.6333300000000001 0.802524 0.631405 0.8066129999999999 0.609265 0.80853725 0.6002810000000001 0.808778 0.5896923328125 0.810221 0.5553596671875 0.80084025 0.5511886671874999 0.80132125 0.5171766671875 0.7782295 0.516535 0.77606475 0.5499050000000001 0.7835215 0.5560013328125 0.7854457499999999 0.5826333328125
8 0.8061320000000001 0.630763 0.7960295000000001 0.633651 0.7945862499999999 0.6638123328125001 0.8183995 0.6650956671875 0.8198425 0.6298006671875 0.8325910000000001 0.631405 0.835718 0.6224206671875 0.8388450000000001 0.6108693328125 0.8359584999999999 0.6009226671875 0.83619925 0.5521510000000001 0.8239317500000001 0.5466963328125 0.8244127499999999 0.5104386671875 0.801183 0.5101043328125 0.80156175 0.547338 0.812386 0.5511886671874999 0.8061320000000001 0.630763
2 0.55541475 0.6307516671875 0.5503275000000001 0.6330136671875 0.5494797499999999 0.6638336671875 0.59632375 0.664399 0.5980195 0.6358413328125 0.6014109999999999 0.6358413328125 0.6043784999999999 0.5544093328125 0.59971525 0.5481886671875 0.601199 0.5131276671875 0.55541475 0.509452 0.552871 0.5430993328125 0.5568985 0.5529956671875 0.55541475 0.6307516671875
10 0.16387075 0.31115 0.32201925 0.31808833281250004 0.32444700000000004 0.2570303328125 0.3140425 0.24222866718749997 0.15910200000000002 0.23421666718749998 0.15346625 0.24454133281249998 0.15207900000000002 0.29079733281250003 0.16387075 0.31115
10 0.4435785 0.3233063328125 0.4453125 0.256698 0.442538 0.24605899999999997 0.39259625 0.2432836671875 0.39224950000000003 0.3011036671875 0.39745175 0.322844 0.4435785 0.3233063328125
10 0.5795305 0.3246943328125 0.58369225 0.3149803328125 0.5843860000000001 0.257623 0.5823050000000001 0.2488343328125 0.52508025 0.24744666718750002 0.52508025 0.3043416671875 0.52057175 0.32423166718749996 0.5795305 0.3246943328125
10 0.62461675 0.32318633281250003 0.6832287499999999 0.322261 0.6866967500000001 0.31486000000000003 0.68947125 0.2616656671875 0.6870434999999999 0.2524146671875 0.6284317500000001 0.251027 0.63189975 0.2616656671875 0.63016575 0.3060713328125 0.62461675 0.32318633281250003
10 0.70161 0.32318633281250003 0.73212975 0.32364866718749996 0.7352512499999999 0.309772 0.7376787499999999 0.262591 0.733517 0.252877 0.7049047500000001 0.25097966718750003 0.71062725 0.2616656671875 0.7102802500000001 0.30745933281250004 0.70161 0.32318633281250003
10 0.74080025 0.325499 0.8053079999999999 0.326424 0.81085725 0.309772 0.81259125 0.2653663328125 0.8080825 0.25472733281250004 0.744962 0.2533396671875 0.75189825 0.2653663328125 0.7494704999999999 0.309772 0.74080025 0.325499
10 0.2049025 0.436867 0.37104325 0.44154033281249994 0.37191925000000003 0.376505 0.36491175 0.373 0.20694625000000003 0.3675153328125 0.1999385 0.3768943328125 0.2019825 0.42518399999999995 0.2049025 0.436867
10 0.38209499999999996 0.44277866718750003 0.8281715000000001 0.451776 0.8319660000000001 0.44502800000000003 0.8349175000000001 0.3916063328125 0.828593 0.38317133281250004 0.38420325 0.3704653328125 0.37998699999999996 0.37811066718749997 0.37872225 0.4287203328125 0.38209499999999996 0.44277866718750003
8 0.40648575 0.5797760000000001 0.40674849999999996 0.6050043328125 0.40911299999999995 0.6277796671875 0.40727399999999997 0.6600156671875 0.43223174999999997 0.6600156671875 0.43223174999999997 0.631634 0.43118100000000004 0.6078073328125 0.43249449999999995 0.5555990000000001 0.43512175 0.5468393328125 0.43512175 0.5121506671875 0.40950699999999995 0.5110683328125 0.40963849999999996 0.542985 0.40779924999999995 0.5482406671875 0.40648575 0.5797760000000001
8 0.43223174999999997 0.5811776671875 0.43091825000000006 0.5997483328125 0.4306555 0.6176183328125 0.43301999999999996 0.6323346671875 0.43118100000000004 0.6617676671875 0.45640175000000005 0.663169 0.45797800000000005 0.6302323328125 0.4556135 0.6099096671875001 0.45745250000000004 0.5594533328125 0.45745250000000004 0.5496423328125 0.45876599999999995 0.512501 0.4341365 0.512382 0.43407074999999995 0.544737 0.43249449999999995 0.5534966671875 0.43223174999999997 0.5811776671875
8 0.45797800000000005 0.585032 0.45587625000000004 0.6088583328125 0.45955424999999994 0.6239253328125 0.45666450000000003 0.6347873328125 0.45718975000000006 0.6628186671875 0.4787325 0.6635196671875 0.47978325 0.6358386671875 0.48135950000000005 0.6071066671875001 0.48030875 0.5979963328125 0.48346125000000006 0.5580516671875 0.48214775000000004 0.549292 0.48372400000000004 0.5121506671875 0.45745250000000004 0.511944 0.45824075000000003 0.5415833328125 0.45771525 0.554548 0.45797800000000005 0.585032
8 0.48267325000000005 0.5710163328125 0.48135950000000005 0.5857326671875 0.48057150000000004 0.6064056671875 0.47978325 0.6330353328125 0.4795205 0.6624683328125001 0.502114 0.6645706671875 0.503165 0.633386 0.50552925 0.6116616671874999 0.505792 0.6000986671875 0.5065802500000001 0.5566503328125 0.50552925 0.5475399999999999 0.50710575 0.513552 0.48273875000000005 0.511944 0.48293575000000005 0.546489 0.48267325000000005 0.5552486671875 0.48267325000000005 0.5710163328125
8 0.506843 0.5524456671875 0.506843 0.566461 0.505004 0.5885356671875 0.50526675 0.614815 0.503165 0.633386 0.50369025 0.6617676671875 0.52497025 0.6624683328125001 0.5254957499999999 0.6344369999999999 0.5275974999999999 0.6270786671875 0.5312755 0.5580516671875 0.528911 0.5471896671875001 0.53048725 0.5149536671875 0.5073682500000001 0.514571 0.5073682500000001 0.5156543328125001 0.50552925 0.5405323328125 0.506843 0.5524456671875
9 0.5205362499999999 0.8901020000000001 0.51673725 0.8850353328124999 0.516445 0.9092003328124999 0.6067445 0.9107593328125001 0.607329 0.891661 0.6117125 0.8904920000000001 0.61288125 0.8690553328125 0.6143425 0.8659373328125 0.61405025 0.8546343328124999 0.61142025 0.8464493328125 0.614927 0.8195560000000001 0.6090822499999999 0.8059146671875 0.6090822499999999 0.770057 0.5208285 0.7723953328125 0.518783 0.8051349999999999 0.521413 0.8179970000000001 0.5205362499999999 0.8901020000000001
9 0.6131735 0.8441106671874999 0.61521925 0.850347 0.61521925 0.86165 0.61229675 0.8702243328125 0.611128 0.8908816671875 0.60645225 0.8932203328125 0.60703675 0.9103693328125001 0.69704375 0.9068616671875 0.69704375 0.8928303328125 0.70376525 0.8881533328125 0.7055184999999999 0.8195560000000001 0.6987972499999999 0.8055246671875 0.7002585 0.7720056671875 0.61039725 0.770613 0.6093745 0.8051349999999999 0.61346575 0.8187766671875 0.6131735 0.8441106671874999
9 0.70442275 0.8901966671875 0.69565575 0.8937043328125001 0.6979935 0.910074 0.785955 0.9085150000000001 0.785955 0.8894170000000001 0.79501425 0.8878579999999999 0.7947219999999999 0.86876 0.79764425 0.8656416671875 0.79998225 0.8547286671875 0.797352 0.843036 0.79618325 0.817312 0.78916975 0.8044499999999999 0.7897540000000001 0.7717103328125 0.70208475 0.7724896671875 0.700916 0.8044499999999999 0.7067605 0.8200403328125001 0.70442275 0.8901966671875
9 0.7970597500000001 0.8414766671875 0.8014432499999999 0.8488823328124999 0.8014432499999999 0.8562876671874999 0.7953064999999999 0.8672006671875 0.7941374999999999 0.8866886671875 0.7877085 0.890976 0.78478625 0.9092946671875 0.8745010000000001 0.9092946671875 0.8750855 0.8882476671875 0.88297575 0.8870783328125 0.8858980000000001 0.876555 0.8858980000000001 0.8679803328125001 0.88852825 0.8601853328125 0.8920349999999999 0.8504413328125 0.8876514999999999 0.8399176671875 0.887067 0.8165323328125 0.8765467499999999 0.8013316671874999 0.8756700000000001 0.7713203328125 0.78938875 0.770613 0.79004625 0.8056190000000001 0.7964755 0.8165323328125 0.7970597500000001 0.8414766671875
6 0.8956457500000001 0.0890993328125 0.915 0.088889 0.914392 0.035231667187499996 0.89710375 0.0355093328125 0.8956457500000001 0.0890993328125
6 0.87669125 0.034121 0.8753125 0.087639 0.892313 0.087711 0.8918965 0.034398667187499996 0.87669125 0.034121
6 0.85544575 0.0346763328125 0.8550000000000001 0.08638900000000001 0.87127575 0.086878 0.8710675 0.0346763328125 0.85544575 0.0346763328125
6 0.8342 0.033565667187499995 0.8340624999999999 0.0868056671875 0.84982175 0.087711 0.8516965000000001 0.033565667187499995 0.8342 0.033565667187499995
6 0.811913 0.030511332812500003 0.81066325 0.08382366718749999 0.829201 0.08437900000000001 0.82940925 0.0313443328125 0.811913 0.030511332812500003
6 0.7277635 0.029678332812500003 0.7259375 0.0847223328125 0.74296875 0.0866003328125 0.74484325 0.030789 0.7277635 0.029678332812500003
6 0.70714275 0.029123 0.70625 0.083889 0.7227645 0.08437900000000001 0.7242225 0.029956 0.70714275 0.029123
6 0.68631375 0.02829 0.68568875 0.0796586671875 0.7013105000000001 0.08076933281250001 0.7023520000000001 0.029956 0.68631375 0.02829
6 0.66485975 0.027179332812500002 0.6634375 0.07972233281249999 0.68027325 0.08104700000000001 0.681523 0.028012332812500002 0.66485975 0.027179332812500002
6 0.6425725 0.026624 0.6403125000000001 0.081389 0.6581945 0.0816023328125 0.65923575 0.027179332812500002 0.6425725 0.026624
6 0.62091025 0.0255133328125 0.6190625 0.0793056671875 0.636324 0.0799363328125 0.63736525 0.0255133328125 0.62091025 0.0255133328125
6 0.59966475 0.025790999999999998 0.5974999999999999 0.0818056671875 0.61487 0.083546 0.61695275 0.0260686671875 0.59966475 0.025790999999999998
6 0.578125 0.0234723328125 0.57619125 0.08063033281250001 0.59410425 0.08090800000000001 0.5955625 0.025096667187499998 0.578125 0.0234723328125
6 0.556612 0.0237083328125 0.5546875 0.0793056671875 0.57140075 0.0820186671875 0.57390025 0.025652 0.556612 0.0237083328125
6 0.53494975 0.0237083328125 0.5328125 0.07972233281249999 0.54890525 0.08090800000000001 0.5511965 0.0237083328125 0.53494975 0.0237083328125
6 0.51307925 0.021209332812500002 0.51 0.077639 0.52765975 0.07840899999999999 0.52953425 0.02232 0.51307925 0.021209332812500002
6 0.48975074999999996 0.020654 0.488125 0.0759723328125 0.506414 0.075077 0.50870525 0.021209332812500002 0.48975074999999996 0.020654
6 0.46933825 0.0200986671875 0.46781249999999996 0.0759723328125 0.484127 0.0781313328125 0.48558500000000004 0.021209332812500002 0.46933825 0.0200986671875
6 0.44746775000000005 0.0187103328125 0.44437499999999996 0.07680566718750001 0.46246475 0.07729833281250001 0.46433925 0.0195433328125 0.44746775000000005 0.0187103328125
6 0.424764 0.017322 0.42281250000000004 0.07430566718750001 0.4416355 0.07396633281250001 0.4422605 0.018154999999999998 0.424764 0.017322
6 0.401852 0.0159336671875 0.40093750000000006 0.07430566718750001 0.41768225000000003 0.07674299999999999 0.4187235 0.0170443328125 0.401852 0.0159336671875
6 0.37977325 0.015378332812500001 0.37875000000000003 0.075139 0.39560325 0.07563233281250001 0.39643649999999997 0.0162113328125 0.37977325 0.015378332812500001
6 0.35672125 0.073542 0.37255150000000004 0.07381966718750001 0.3733845 0.0160646671875 0.3575545 0.0152316671875 0.35672125 0.073542
6 0.335684 0.0135656671875 0.334375 0.0718056671875 0.35088925 0.0699323328125 0.3510975 0.014676332812500002 0.335684 0.0135656671875
6 0.3123555 0.0121773328125 0.3128125 0.07305566718749999 0.3296435 0.0715983328125 0.32839375 0.013843332812500001 0.3123555 0.0121773328125
6 0.2457025 0.06798866718749999 0.2621875 0.0680556671875 0.26174075 0.0094006671875 0.24549425 0.009956 0.2457025 0.06798866718749999
6 0.197379 0.0657673328125 0.21781250000000002 0.066389 0.21675 0.00829 0.1984205 0.0060686671875 0.197379 0.0657673328125
6 0.17682975 0.004680999999999999 0.1765625 0.060972332812499995 0.19265975 0.0627136671875 0.19328475 0.006347 0.17682975 0.004680999999999999
6 0.15516749999999999 0.0044033328125 0.155 0.0630556671875 0.17224725000000002 0.062158332812499995 0.17183075 0.005236332812499999 0.15516749999999999 0.0044033328125
6 0.1351715 0.003015 0.13374999999999998 0.05805566718750001 0.15245975 0.0602146671875 0.152668 0.004125667187499999 0.1351715 0.003015
8 0.15093825 0.8878130000000001 0.15834975 0.8908546671875 0.15863475 0.9110046671875001 0.20566925 0.9121453328125 0.203959 0.889714 0.199113 0.8881933328124999 0.20025325 0.8136760000000001 0.20737975 0.8011296671875 0.208805 0.7665323328125 0.16105775 0.7650003328125 0.15920475 0.8007493328124999 0.15122325 0.8113946671875001 0.15093825 0.8878130000000001
8 0.199113 0.8862923328125 0.20452900000000002 0.889714 0.20509925 0.9106246671875 0.253274 0.9113849999999999 0.25270375 0.8904743328125001 0.24614750000000002 0.8881933328124999 0.24757275 0.8182383328125 0.25469925 0.8011296671875 0.2555545 0.7672926671875 0.20844849999999998 0.7659506671874999 0.2065245 0.8007493328124999 0.19996825000000001 0.8121553328125 0.199113 0.8862923328125
8 0.2464325 0.8866726671875 0.252989 0.8908546671875 0.25241875 0.9117649999999999 0.3005935 0.9121453328125 0.3005935 0.8931356671874999 0.2946075 0.8885736671875 0.2951775 0.8170976671875 0.30144875 0.803791 0.302874 0.768053 0.25512674999999996 0.7664256671875 0.25412925 0.7988486671875 0.24871300000000002 0.8136760000000001 0.2464325 0.8866726671875
8 0.2948925 0.8862923328125 0.30116375 0.8931356671874999 0.2997385 0.9125256671875001 0.347058 0.9121453328125 0.346488 0.8855320000000001 0.34306725 0.8885736671875 0.34363725 0.8189986671874999 0.34791325 0.8064523328125001 0.3490535 0.7710946671875 0.3021615 0.7683263328125001 0.30087875 0.803411 0.2948925 0.8148166671875 0.2948925 0.8862923328125