0 0.58727675 0.5900606671874999 0.5947407499999999 0.5988683328125 0.5987597499999999 0.6804353328125 0.5907217499999999 0.683882 0.59187 0.6892433328124999 0.5858415 0.690009 0.5861284999999999 0.7083903328125001 0.633783 0.7060926671875001 0.63263475 0.6880943328125 0.638089 0.6865626671875 0.63694075 0.6804353328125 0.6469885 0.6785206671874999 0.6464142500000001 0.5973366671875 0.63636675 0.5866143328125 0.63636675 0.575892 0.63062525 0.5659353328125001 0.63119925 0.5452563328125 0.58328925 0.5465856671875 0.584119 0.5697646671875 0.58727675 0.5732113328125 0.58727675 0.5900606671874999
0 0.637108 0.5862376671875 0.6468685 0.5981086671875 0.6480170000000001 0.6804416671875 0.6391175 0.6800586671875 0.64026575 0.686186 0.633089 0.6888666671875 0.63366325 0.7038013328125 0.67988225 0.7022696671875 0.679021 0.6838883328125 0.687059 0.684654 0.68619775 0.67891 0.6968194999999999 0.678527 0.6965325 0.5923646671875 0.6841882499999999 0.5850886671875 0.68591075 0.5743663328124999 0.67844675 0.5651756671875 0.67672425 0.543348 0.6321002499999999 0.5441926671874999 0.6313665 0.5670903328125 0.637108 0.5747493328125 0.637108 0.5862376671875
0 0.6847624999999999 0.5858546671875 0.69739375 0.5927476671874999 0.69911625 0.6766123328125 0.686772 0.67891 0.68591075 0.685037 0.67988225 0.685037 0.67988225 0.7011206671875 0.724953 0.698057 0.724953 0.6823563328125 0.73413925 0.6808246671875 0.7344265 0.6743146671875 0.74734475 0.6720170000000001 0.74705775 0.5889183328125001 0.732704 0.583557 0.733278 0.569771 0.72437875 0.5640270000000001 0.7235175 0.5402843328125 0.676963 0.5418000000000001 0.6772985 0.5678563328124999 0.6850495 0.5701539999999999 0.6847624999999999 0.5858546671875
0 0.73385225 0.582408 0.7459095 0.590067 0.74734475 0.6724 0.7355747499999999 0.6735486671875 0.7355747499999999 0.6812076671875 0.72524 0.6815906671875 0.72581425 0.698057 0.77203325 0.6957596671874999 0.771459 0.67891 0.782655 0.6758463328125 0.78208075 0.671634 0.7964344999999999 0.6697193328125 0.7964344999999999 0.5862376671875 0.7803585 0.5801103328125 0.7803585 0.5678563328124999 0.7691625 0.5609633328125 0.77002375 0.5387526671875 0.7236205 0.539886 0.72409175 0.563261 0.732704 0.57092 0.73385225 0.582408
0 0.7809325 0.5797276671875 0.79557325 0.590833 0.79787 0.6697193328125 0.78208075 0.672783 0.782655 0.6773783328125 0.77174625 0.679676 0.7728945 0.6946106671875001 0.8171039999999999 0.692696 0.8156684999999999 0.6766123328125 0.828587 0.6731656671875 0.8271515 0.6681876671875 0.8449502499999999 0.6670386671874999 0.84466325 0.583557 0.82743875 0.57743 0.8277257499999999 0.5647926671875 0.81452025 0.5594316671875 0.8139462500000001 0.536072 0.77027775 0.5384503328125 0.77002375 0.5609633328125 0.78007125 0.5659416671875 0.7809325 0.5797276671875
0 0.8280127500000001 0.576664 0.84466325 0.5854716671875 0.8469597500000001 0.6678046671875 0.8288740000000001 0.6689533328125 0.82973525 0.6743146671875 0.81595575 0.678144 0.81624275 0.693079 0.8616005 0.6900153328124999 0.86073925 0.672783 0.8745189999999999 0.6708683328125 0.8745189999999999 0.66589 0.8928917500000001 0.6639753328125 0.8920305000000001 0.582408 0.8733705 0.5743663328124999 0.87394475 0.562495 0.859591 0.557134 0.8593040000000001 0.5330083328125 0.814423 0.5360576671875 0.8148075 0.5590486671875 0.8280127500000001 0.5647926671875 0.8280127500000001 0.576664
7 0.150427 0.2761556671875 0.02689975 0.2772246671875 0.028904000000000003 0.3797063328125 0.15464675 0.3752043328125 0.150427 0.2761556671875
7 0.2692075 0.2741846671875 0.150849 0.2744116671875 0.15232600000000002 0.37829833281249997 0.273427 0.3743586671875 0.2692075 0.2741846671875
7 0.38608925 0.273622 0.26899649999999997 0.2737083328125 0.27173925 0.37661 0.38904299999999997 0.3743586671875 0.38608925 0.273622
7 0.49790725 0.271371 0.38556175000000004 0.272302 0.388621 0.37323333281250004 0.49959524999999994 0.37098200000000003 0.49790725 0.271371
7 0.605928 0.2696826671875 0.49738 0.270192 0.501283 0.3676053328125 0.60845975 0.3647916671875 0.605928 0.2696826671875
0 0.35011575 0.5719256671874999 0.35248599999999997 0.578599 0.351696 0.5912433328125 0.354066 0.5993216671875 0.354066 0.606346 0.35195925 0.6235563328125 0.34537575 0.6333906671875 0.33721199999999996 0.6442789999999999 0.33721199999999996 0.6987196671875 0.34247875 0.7050416671875 0.3474825 0.7046906671875 0.34616575 0.7229543328125 0.39620099999999997 0.7180373328125 0.395411 0.7029343328125 0.390144 0.6952073328124999 0.38751075 0.6119656671875 0.39304100000000003 0.6024826671875 0.39067075 0.5884333328125 0.39409425 0.5817599999999999 0.39409425 0.5554176671875 0.34432225 0.5574993328125 0.34379550000000003 0.5677106671875001 0.34590225 0.5691156671875001 0.35011575 0.5719256671874999
0 0.3927775 0.600024 0.38830075000000003 0.6070486671875 0.38909075 0.691695 0.39620099999999997 0.7018806671875 0.39593775 0.7190909999999999 0.444393 0.7162810000000001 0.442813 0.696261 0.4425495 0.5944043328124999 0.429909 0.5915943328125 0.42727550000000003 0.5831649999999999 0.41937525000000003 0.5807063328125001 0.41779525 0.5733303328125 0.4241155 0.5694670000000001 0.42042875 0.5687643328124999 0.41542500000000004 0.566306 0.41437175000000004 0.5606863328125 0.41700525 0.5561203328125 0.42121875 0.555769 0.42332549999999997 0.552959 0.3940285 0.553988 0.3943575 0.5789503328125 0.39172425 0.5842186671875 0.3927775 0.600024
0 0.45439999999999997 0.581321 0.45677025000000004 0.5999363328125 0.45861349999999995 0.6852853328124999 0.45861349999999995 0.701793 0.4815245 0.700037 0.48415800000000003 0.6873926671875 0.48257775 0.6006386671875 0.47994450000000005 0.5957216671875 0.48020775000000004 0.5806186671875 0.47862774999999996 0.553574 0.46677725 0.5535490000000001 0.45835024999999996 0.567272 0.4546635 0.5760526671874999 0.45439999999999997 0.581321
0 0.5401965 0.5927413328125 0.545364 0.601549 0.54708625 0.6819673328125 0.5427802500000001 0.6865626671875 0.54306725 0.6930726671875 0.5387612500000001 0.6930726671875 0.53904825 0.710688 0.5858415 0.7080073328125 0.5867027499999999 0.690775 0.5910087500000001 0.6888603328125 0.5910087500000001 0.6850306671874999 0.59617625 0.683882 0.595889 0.602315 0.588138 0.588912 0.58899925 0.5785723328125 0.583832 0.5735943328124999 0.58297075 0.546788 0.53770875 0.5475426671875 0.53703875 0.5720623328125 0.54105775 0.5785723328125 0.5401965 0.5927413328125
0 0.492519 0.5962466671875 0.49462575 0.6022173328125 0.49699600000000005 0.686864 0.49488925000000006 0.6815953328125001 0.49541575 0.6938883328125 0.492519 0.69143 0.49225575 0.7118013328125 0.53939425 0.710045 0.54044775 0.6938883328125 0.54518775 0.6858103328125 0.5441345 0.606081 0.54018425 0.5930853328125 0.54018425 0.581846 0.53676075 0.5744703328125 0.53702425 0.5484793328124999 0.48949049999999994 0.5500376671875 0.48988575 0.5748216671875 0.49225575 0.5811436671875 0.492519 0.5962466671875
6 0.1325 0.9163333328125001 0.13274999999999998 0.8816666671875 0.12925 0.868 0.127 0.866 0.12025 0.866 0.10974999999999999 0.8696666671875001 0.099 0.8843333328125 0.09725 0.8953333328124999 0.098 0.9386666671875 0.11100000000000002 0.9403333328124999 0.12050000000000001 0.9393333328125 0.1325 0.9163333328125001
6 0.17024999999999998 0.9353333328125 0.17775000000000002 0.924 0.18025 0.9163333328125001 0.18025 0.885 0.1775 0.868 0.174 0.8640000000000001 0.15925 0.867 0.15625 0.8686666671875001 0.14875 0.8779999999999999 0.14725 0.884 0.14625 0.9339999999999999 0.157 0.9380000000000001 0.16225 0.9380000000000001 0.17024999999999998 0.9353333328125
6 0.24325000000000002 0.8789999999999999 0.24025 0.8763333328125 0.2245 0.8763333328125 0.22374999999999998 0.8783333328125 0.22400000000000003 0.9276666671875 0.23199999999999998 0.9306666671875 0.2425 0.9276666671875 0.24325000000000002 0.8789999999999999
6 0.26925 0.924 0.27149999999999996 0.861 0.26749999999999996 0.858 0.264 0.8576666671875 0.2565 0.86 0.25125000000000003 0.867 0.24700000000000003 0.8789999999999999 0.24825 0.9283333328125 0.25125000000000003 0.93 0.26749999999999996 0.9289999999999999 0.26925 0.924
6 0.29100000000000004 0.9279999999999999 0.29275 0.9243333328125001 0.2955 0.9003333328125 0.29525 0.857 0.28675 0.8556666671875 0.27925 0.859 0.27525 0.865 0.27225 0.8756666671875 0.273 0.9246666671874999 0.27525 0.9279999999999999 0.279 0.9289999999999999 0.29100000000000004 0.9279999999999999
6 0.34175 0.9196666671875 0.34275 0.865 0.34175 0.8536666671875001 0.33375 0.853 0.32925 0.8556666671875 0.32475 0.8603333328125 0.32175 0.869 0.32175 0.922 0.3255 0.9253333328125001 0.3395 0.9233333328125 0.34175 0.9196666671875
6 0.36124999999999996 0.9273333328125 0.3655 0.9193333328125 0.36675 0.8963333328124999 0.3665 0.853 0.36524999999999996 0.8513333328125 0.35924999999999996 0.8506666671875 0.34950000000000003 0.852 0.34550000000000003 0.8646666671875 0.34475 0.8756666671875 0.3445 0.901 0.34625 0.9236666671875 0.34950000000000003 0.9269999999999999 0.36124999999999996 0.9273333328125
6 0.45499999999999996 0.9146666671875 0.457 0.9119999999999999 0.45675 0.8460000000000001 0.45499999999999996 0.8433333328125 0.4425 0.8443333328125 0.43975 0.8453333328125 0.438 0.8493333328125001 0.437 0.883 0.43875000000000003 0.9126666671875 0.43925000000000003 0.914 0.45499999999999996 0.9146666671875
6 0.47824999999999995 0.9133333328125 0.48025 0.9116666671875 0.48125 0.9083333328125001 0.48075 0.865 0.47850000000000004 0.845 0.47525000000000006 0.8426666671874999 0.46475 0.843 0.461 0.8453333328125 0.4605 0.849 0.45999999999999996 0.8893333328124999 0.46125 0.9119999999999999 0.46275000000000005 0.914 0.47824999999999995 0.9133333328125
6 0.5805 0.9013333328125 0.593 0.899 0.59475 0.8963333328124999 0.595 0.8796666671875 0.59225 0.8513333328125 0.58375 0.8343333328125 0.57575 0.834 0.57325 0.8356666671875 0.572 0.8373333328125 0.572 0.8416666671874999 0.5785 0.8996666671875 0.5805 0.9013333328125
6 0.572 0.9029999999999999 0.57275 0.9006666671874999 0.572 0.8533333328125 0.571 0.8460000000000001 0.5685 0.8376666671875 0.56425 0.8343333328125 0.55225 0.8356666671875 0.549 0.8376666671875 0.55225 0.9029999999999999 0.5587500000000001 0.908 0.5622499999999999 0.908 0.572 0.9029999999999999
6 0.54825 0.9043333328125 0.54925 0.8843333328125 0.54825 0.8553333328124999 0.5467500000000001 0.8453333328125 0.5435 0.8403333328124999 0.537 0.8386666671875 0.5305 0.8403333328124999 0.5275000000000001 0.8453333328125 0.53125 0.9046666671875 0.5335 0.9073333328125001 0.5415 0.9083333328125001 0.54825 0.9043333328125
6 0.52675 0.8846666671875001 0.52525 0.851 0.5215 0.845 0.50975 0.8543333328125 0.50875 0.857 0.50875 0.908 0.5157499999999999 0.9093333328125001 0.5255 0.908 0.52675 0.8846666671875001
6 0.502 0.9066666671875 0.5035000000000001 0.8863333328125 0.50325 0.853 0.5005 0.8436666671875 0.49874999999999997 0.8413333328125001 0.49000000000000005 0.8413333328125001 0.48425 0.8443333328125 0.48525 0.9086666671874999 0.48624999999999996 0.9116666671875 0.4995 0.9096666671875001 0.502 0.9066666671875
6 0.6385 0.8986666671875 0.6395 0.8966666671875 0.64025 0.877 0.6385 0.842 0.63425 0.834 0.631 0.8306666671875 0.619 0.8303333328125 0.61625 0.8313333328124999 0.615 0.834 0.61425 0.8703333328125 0.6205 0.8996666671875 0.62325 0.9016666671875001 0.6385 0.8986666671875
6 0.65925 0.8986666671875 0.66225 0.8953333328124999 0.6635 0.8893333328124999 0.662 0.8460000000000001 0.654 0.8303333328125 0.64325 0.8293333328125 0.64025 0.8300000000000001 0.63875 0.8320000000000001 0.64 0.8710000000000001 0.64225 0.8960000000000001 0.6465 0.9003333328125 0.65925 0.8986666671875
6 0.708 0.8923333328125 0.71025 0.893 0.7255 0.8933333328125 0.7292500000000001 0.8913333328125 0.731 0.8883333328124999 0.731 0.884 0.7304999999999999 0.8416666671874999 0.729 0.8376666671875 0.721 0.8266666671875 0.717 0.8243333328125001 0.70525 0.8253333328125001 0.702 0.8296666671875 0.7005 0.8446666671875 0.7005 0.869 0.70525 0.8886666671875 0.708 0.8923333328125
6 0.7394999999999999 0.8923333328125 0.74775 0.8916666671875 0.75075 0.8893333328124999 0.7525000000000001 0.8853333328125 0.752 0.8493333328125001 0.75075 0.8376666671875 0.7474999999999999 0.8320000000000001 0.74025 0.8243333328125001 0.73625 0.8226666671875 0.7252500000000001 0.8253333328125001 0.7245 0.826 0.7315 0.8766666671875001 0.734 0.8876666671875 0.7394999999999999 0.8923333328125
6 0.76675 0.8876666671875 0.774 0.885 0.775 0.8803333328124999 0.7737499999999999 0.8416666671874999 0.772 0.8336666671874999 0.764 0.8236666671874999 0.75925 0.8206666671875 0.749 0.8213333328125 0.7455 0.8240000000000001 0.744 0.826 0.7555 0.8846666671875001 0.75975 0.8873333328124999 0.76675 0.8876666671875
6 0.7849999999999999 0.8866666671875001 0.791 0.8866666671875001 0.7955 0.8846666671875001 0.7967500000000001 0.8813333328124999 0.7955 0.8336666671874999 0.782 0.8203333328125 0.771 0.8203333328125 0.76825 0.8220000000000001 0.76675 0.825 0.7747499999999999 0.873 0.778 0.8843333328125 0.77975 0.8863333328125 0.7849999999999999 0.8866666671875001
6 0.819 0.882 0.82 0.8783333328125 0.81875 0.8336666671874999 0.8077500000000001 0.8210000000000001 0.8025 0.8176666671874999 0.7917500000000001 0.818 0.78725 0.8203333328125 0.786 0.8223333328125 0.7985 0.8816666671875 0.8025 0.8853333328125 0.819 0.882
6 0.8414999999999999 0.8800000000000001 0.84175 0.859 0.8414999999999999 0.833 0.8400000000000001 0.8293333328125 0.8262499999999999 0.8166666671874999 0.81775 0.8156666671874999 0.8105 0.8176666671874999 0.8099999999999999 0.8220000000000001 0.826 0.8846666671875001 0.8394999999999999 0.883 0.8414999999999999 0.8800000000000001
6 0.865 0.8779999999999999 0.884 0.8746666671875 0.885 0.8720000000000001 0.88175 0.826 0.8702500000000001 0.8150000000000001 0.8612500000000001 0.8119999999999999 0.852 0.8143333328125 0.84975 0.8223333328125 0.849 0.8476666671875 0.8515 0.865 0.857 0.8723333328124999 0.865 0.8779999999999999
6 0.9057499999999999 0.8776666671875001 0.9055 0.8523333328125 0.9047499999999999 0.8293333328125 0.9027499999999999 0.8223333328125 0.8885 0.8109999999999999 0.877 0.8103333328125 0.8727499999999999 0.8136666671875 0.88925 0.8726666671875 0.8995 0.8826666671875 0.9039999999999999 0.8823333328125 0.9057499999999999 0.8776666671875001