0 0.6142883328125001 0.36988150000000003 0.6142883328125001 0.3771005 0.620061 0.38022875 0.6184576671875 0.42883699999999997 0.614609 0.4324465 0.6152506671875 0.43557474999999996 0.6097986671875 0.43894374999999997 0.6107606671875 0.45049425000000004 0.6591863328125 0.44905025 0.6582239999999999 0.4396655 0.6649586671875001 0.43557474999999996 0.6649586671875001 0.42931825 0.6713726671875 0.42643075 0.6729763328125 0.3797475 0.6652793328125 0.3763785 0.6665623328125 0.36940025 0.661431 0.36555 0.6620723328125 0.35255575 0.6165333328125 0.35327775 0.611723 0.353037 0.6107606671875 0.36675325000000003 0.6142883328125001 0.36988150000000003
0 0.6665026671875001 0.37643974999999996 0.6748406671875 0.38004925 0.67452 0.42625124999999997 0.664899 0.42841699999999994 0.6655403328125 0.43419225 0.6610506671875 0.436839 0.66073 0.44959275 0.708514 0.4510365 0.7088346671875 0.43611725 0.7165313328125 0.434914 0.7152486671875 0.4293795 0.7235866671875 0.42841699999999994 0.7261523328124999 0.3778835 0.719097 0.3759585 0.7197383328125 0.36825825 0.7123623328125 0.36585175 0.7130036671875 0.35189499999999996 0.6636163328125 0.35237625 0.6613713328124999 0.366333 0.667144 0.36849875 0.6665026671875001 0.37643974999999996
0 0.716852 0.3680175 0.7187763328125001 0.37523650000000003 0.726473 0.37812425 0.724549 0.42649175 0.7165313328125 0.43010125 0.7162106671874999 0.43515475 0.7081933328125001 0.43563599999999997 0.7097966671875 0.4491115 0.7588636671875 0.44766775000000003 0.760467 0.43419225 0.7672016671875 0.43371075000000003 0.7678429999999999 0.42649175 0.7768226671875 0.426973 0.7803503328125 0.37547725 0.7707293328125 0.3740335 0.7726536671875001 0.367777 0.7620706671875 0.364408 0.7630326671875001 0.35141374999999997 0.7139656671875 0.35189499999999996 0.7146073328125 0.3521355 0.7114003328125 0.36585175 0.716852 0.3680175
0 0.7704086671875 0.374996 0.781633 0.37740225 0.7774639999999999 0.42649175 0.7665603328125 0.42721375000000006 0.7678429999999999 0.43347024999999995 0.759505 0.43347024999999995 0.7579013328124999 0.44790824999999995 0.8088923328125001 0.44790824999999995 0.809213 0.43515475 0.8185133328124999 0.43250774999999997 0.8181926671875001 0.4260105 0.8310206671874999 0.42528875 0.8323033328125 0.374996 0.8220409999999999 0.373552 0.8230029999999999 0.36585175 0.8133823328125 0.36416725 0.813703 0.35045125 0.7643153328125 0.351173 0.7614289999999999 0.36513 0.770088 0.36681425 0.7704086671875 0.374996
0 0.8212546671875 0.37481475 0.8350446671875 0.37601775000000004 0.8321583328125 0.42438549999999997 0.818689 0.42751374999999997 0.8180476671875001 0.43304824999999997 0.8093886671874999 0.4335295 0.8093886671874999 0.44724575 0.8584556671874999 0.44628325 0.8584556671874999 0.4335295 0.8693593328125001 0.4316045 0.86968 0.42462600000000006 0.8828286671875001 0.42366349999999997 0.8860356671874999 0.37385199999999996 0.8741696671874999 0.37240825 0.8728870000000001 0.364708 0.8639073328125001 0.36278299999999997 0.8648696671874999 0.3485855 0.8147883328125 0.34977925 0.8138786671875 0.36326425 0.821896 0.36687375 0.8212546671875 0.37481475
0 0.8624206671874999 0.36254225 0.8739656671875 0.36518925 0.8733243328125001 0.3728895 0.886473 0.37433325 0.8845486671874999 0.42366349999999997 0.8691553328125 0.42606975 0.8707586671875 0.433289 0.8592136671875 0.43304824999999997 0.8582513328125 0.4460425 0.908601 0.4460425 0.907639 0.43280775 0.9195046671875 0.43280775 0.9201463328124999 0.423423 0.9355396671875 0.422701 0.9393879999999999 0.37240825 0.9243153328125 0.37048325000000004 0.9233533328125001 0.36350475000000004 0.9137323328125 0.36182025 0.9137323328125 0.34834475 0.8647016671875001 0.34881700000000004 0.866269 0.34930724999999996 0.864024 0.34882599999999997 0.8624206671874999 0.36254225
10 0.130352 0.81093075 0.2932416671875 0.806466 0.2939853328125 0.76014375 0.1403933328125 0.76293425 0.141509 0.76349225 0.12626133281250002 0.784142 0.130352 0.81093075
10 0.6820406671875 0.79614225 0.6816686671875 0.77326025 0.670512 0.74479725 0.6165873328125 0.7464715 0.6217936671875 0.7687955 0.6217936671875 0.7969795000000001 0.6820406671875 0.79614225
10 0.7311306671875 0.79614225 0.7315023328125 0.765726 0.7214613328125 0.7439600000000001 0.6937896671875 0.744213 0.7039823328125 0.76265625 0.7039823328125 0.795026 0.7311306671875 0.79614225
10 0.8096 0.79335175 0.8073686671875 0.7584704999999999 0.7962119999999999 0.743123 0.7337336671875 0.7445182499999999 0.7482376671875001 0.7632145 0.7445186671874999 0.7936307499999999 0.8096 0.79335175
10 0.18018633281250002 0.85059975 0.18093033281249998 0.88241125 0.34865433281249997 0.87655125 0.35088566718749997 0.8238110000000001 0.1992023953125 0.827985153125 0.18018633281250002 0.85059975
10 0.8315186671875001 0.86692225 0.83375 0.831762 0.816643 0.8116705 0.367399 0.8223235000000001 0.36018066718749997 0.849621 0.362412 0.8800375 0.8315186671875001 0.86692225
8 0.12639899999999998 0.9860429999999999 0.1289003328125 0.99975 0.154269 0.99975 0.1524826671875 0.96379025 0.1596286671875 0.94743575 0.1596286671875 0.9289365 0.135689 0.93054525 0.135689 0.9468995 0.127471 0.96244975 0.12639899999999998 0.9860429999999999
8 0.154269 0.998644 0.18070999999999998 0.99975 0.1757076671875 0.9667395000000001 0.184283 0.9533342499999999 0.185355 0.9286685 0.1614153328125 0.9294727500000001 0.1617726671875 0.9490445 0.1531973328125 0.96486275 0.154269 0.998644
8 0.2042923328125 0.99975 0.22751733281250003 0.99975 0.2268026671875 0.96486275 0.233234 0.9452909999999999 0.23109033281250002 0.93215375 0.2067933328125 0.9324220000000001 0.20858 0.94850825 0.201791 0.96539875 0.2042923328125 0.99975
8 0.22751733281250003 0.99918 0.251814 0.99975 0.2500276671875 0.9662032500000001 0.2593176671875 0.9466315 0.257531 0.9286685 0.2332713328125 0.9287745 0.234306 0.9468995 0.2282316671875 0.9635222499999999 0.22751733281250003 0.99918
8 0.2514566671875 0.99975 0.2793266671875 0.99918 0.2757536671875 0.9662032500000001 0.2836143328125 0.9460952499999999 0.28290000000000004 0.9267917499999999 0.2591803328125 0.9284395 0.2593176671875 0.94448675 0.25074233281249997 0.963254 0.2514566671875 0.99975
8 0.6818173328125 0.9700945000000001 0.6771723328125 0.97599275 0.675743 0.99127475 0.698968 0.98966625 0.698968 0.986717 0.703613 0.9805505 0.705757 0.9443564999999999 0.7003973328125 0.93121925 0.6996826671874999 0.9140605 0.6782443328125 0.9137924999999999 0.676815 0.9320235 0.6821746671875 0.9454287499999999 0.6818173328125 0.9700945000000001
8 0.7043276671875 0.96929025 0.7028983328125 0.97974625 0.6982533328125 0.9861807499999999 0.6993253328125 0.98966625 0.721121 0.98913 0.7239796671875001 0.9786737499999999 0.7296966671875 0.9725075000000001 0.7296966671875 0.9473055 0.724337 0.93255975 0.724337 0.9129882500000001 0.7009753328125 0.912358 0.7003973328125 0.9322917500000001 0.7053996671875 0.9454287499999999 0.7043276671875 0.96929025
8 0.7300536671875 0.9727755 0.7214783328125 0.9816229999999999 0.720764 0.9893980000000001 0.743989 0.9899342499999999 0.7461326671874999 0.9818910000000001 0.751135 0.9725075000000001 0.7550653328125 0.9473055 0.7479193328125 0.93148725 0.7479193328125 0.912452 0.7257659999999999 0.9129882500000001 0.7225503328125 0.9320235 0.7300536671875 0.9440882500000001 0.7300536671875 0.9727755
8 0.750063 0.97331175 0.744346 0.9792099999999999 0.7447033328125 0.98966625 0.7679283328125 0.986449 0.772216 0.9786737499999999 0.7761466671874999 0.97438425 0.7782903328125 0.945965 0.7740026671875 0.9330959999999999 0.7736453328125 0.91191575 0.7483263328125 0.912358 0.7486336671875 0.930415 0.7532786671875 0.945697 0.750063 0.97331175
8 0.7761466671874999 0.97331175 0.772216 0.97974625 0.7704296671875001 0.9877895000000001 0.7911533328125 0.9893980000000001 0.794012 0.97947825 0.8018726671874999 0.9725075000000001 0.8033020000000001 0.9435520000000001 0.7968703328125 0.9290744999999999 0.7986570000000001 0.9113795 0.7746823328125 0.9110177500000001 0.772216 0.9317555000000001 0.7804343328125001 0.9435520000000001 0.7761466671874999 0.97331175
8 0.804731 0.97197125 0.7990143328125 0.97599275 0.7990143328125 0.98752125 0.8129493328124999 0.98913 0.8286706671875 0.98108675 0.8308146671875001 0.9448924999999999 0.8197380000000001 0.92746575 0.8222393328125 0.90843025 0.7983576671875 0.9080024999999999 0.7954410000000001 0.9290744999999999 0.8075896671875 0.94274775 0.804731 0.97197125
6 0.1503333328125 0.5565 0.1533333328125 0.5525 0.1536666671875 0.5405 0.1516666671875 0.52525 0.14466666718750001 0.52325 0.13033333281249998 0.52425 0.123 0.5255 0.1203333328125 0.52925 0.1203333328125 0.54725 0.123 0.5589999999999999 0.1433333328125 0.56125 0.1503333328125 0.5565
6 0.19766666718749998 0.554 0.1993333328125 0.54925 0.1956666671875 0.52525 0.192 0.5235000000000001 0.17366666718749998 0.52575 0.1716666671875 0.5269999999999999 0.1696666671875 0.5315000000000001 0.17133333281250002 0.5585 0.17333333281250002 0.55975 0.1896666671875 0.56075 0.19766666718749998 0.554
6 0.262 0.55575 0.2636666671875 0.5455 0.26433333281250004 0.52525 0.262 0.524 0.248 0.5235000000000001 0.2436666671875 0.5255 0.24266666718750002 0.5285 0.244 0.5565 0.24700000000000003 0.55775 0.2596666671875 0.55725 0.262 0.55575
6 0.2863333328125 0.5255 0.2713333328125 0.52425 0.2673333328125 0.526 0.266 0.5285 0.267 0.5565 0.2856666671875 0.5565 0.2873333328125 0.545 0.2863333328125 0.5255
6 0.3133333328125 0.549 0.3113333328125 0.5245 0.3066666671875 0.52275 0.2943333328125 0.52325 0.2903333328125 0.52725 0.29100000000000004 0.55675 0.302 0.5582499999999999 0.31066666718749997 0.557 0.3133333328125 0.549
6 0.3573333328125 0.5565 0.3596666671875 0.55275 0.36 0.54625 0.359 0.5237499999999999 0.356 0.522 0.3416666671875 0.523 0.339 0.52825 0.3386666671875 0.54525 0.3403333328125 0.5549999999999999 0.3453333328125 0.55775 0.3573333328125 0.5565
6 0.3763333328125 0.5595 0.3806666671875 0.5587500000000001 0.3843333328125 0.55275 0.3846666671875 0.52275 0.381 0.52125 0.365 0.522 0.3623333328125 0.5255 0.362 0.5455 0.3633333328125 0.55525 0.3653333328125 0.55775 0.3763333328125 0.5595
6 0.4733333328125 0.55275 0.4733333328125 0.5215 0.4703333328125 0.51925 0.458 0.5195000000000001 0.45466666718750004 0.5205 0.45366666718750004 0.525 0.4543333328125 0.5525 0.45866666718750004 0.55575 0.47066666718750005 0.558 0.4733333328125 0.55275
6 0.49400000000000005 0.5547500000000001 0.4956666671875 0.55275 0.49633333281249997 0.5467500000000001 0.49633333281249997 0.5245 0.495 0.5215 0.4916666671875 0.52025 0.47800000000000004 0.521 0.4763333328125 0.529 0.476 0.54075 0.4783333328125 0.55525 0.48266666718750006 0.5559999999999999 0.49400000000000005 0.5547500000000001
6 0.5163333328124999 0.549 0.5193333328125 0.5277499999999999 0.5183333328125 0.522 0.514 0.519 0.5043333328124999 0.5197499999999999 0.5006666671875 0.5215 0.501 0.55225 0.5053333328125 0.5547500000000001 0.5133333328125 0.55375 0.5163333328124999 0.549
6 0.541 0.553 0.5423333328125 0.54975 0.5423333328125 0.52575 0.5406666671875 0.5205 0.5366666671875 0.51925 0.532 0.5197499999999999 0.5296666671875 0.52125 0.525 0.532 0.524 0.5395 0.5243333328124999 0.5505 0.5326666671875 0.5547500000000001 0.537 0.5549999999999999 0.541 0.553
6 0.5636666671875 0.55125 0.5636666671875 0.52275 0.5603333328125 0.51925 0.5486666671875 0.519 0.5463333328125 0.52025 0.5463333328125 0.5505 0.5486666671875 0.5535 0.5563333328125 0.554 0.5636666671875 0.55125
6 0.5876666671875 0.55275 0.5886666671875 0.55025 0.5883333328125 0.521 0.585 0.5185 0.58 0.51775 0.568 0.518 0.5660000000000001 0.5205 0.5673333328125 0.553 0.5683333328125 0.5547500000000001 0.58 0.5559999999999999 0.5876666671875 0.55275
6 0.6106666671875 0.5515 0.6113333328125 0.53575 0.6096666671875 0.52125 0.6073333328125 0.5185 0.5993333328125 0.51725 0.5916666671875 0.5175 0.5903333328125 0.52 0.5900000000000001 0.55225 0.5916666671875 0.5549999999999999 0.6033333328125 0.5589999999999999 0.6106666671875 0.5515
6 0.6546666671875 0.5515 0.6566666671875 0.54925 0.6559999999999999 0.5195000000000001 0.65 0.51625 0.6346666671875 0.5175 0.6333333328124999 0.5237499999999999 0.633 0.5435 0.636 0.55 0.6386666671875 0.55325 0.6546666671875 0.5515
6 0.6773333328125 0.55025 0.6796666671875 0.54475 0.6799999999999999 0.5207499999999999 0.6773333328125 0.51825 0.6703333328125 0.5165 0.6616666671875 0.51625 0.6573333328125 0.5185 0.6573333328125 0.549 0.662 0.5515 0.6703333328125 0.55175 0.6773333328125 0.55025
6 0.7483333328125 0.55025 0.75 0.54575 0.7503333328124999 0.5207499999999999 0.748 0.518 0.7366666671875 0.51525 0.7246666671875001 0.517 0.722 0.5315000000000001 0.722 0.545 0.7243333328125 0.5485 0.732 0.55175 0.7483333328125 0.55025
6 0.774 0.53325 0.773 0.5205 0.7693333328125 0.5175 0.7633333328125 0.516 0.752 0.51625 0.75 0.5175 0.751 0.549 0.7563333328125 0.55025 0.7713333328124999 0.54925 0.774 0.53325
6 0.794 0.54875 0.7966666671875 0.5455 0.796 0.519 0.794 0.51675 0.7846666671875 0.515 0.7743333328124999 0.517 0.7736666671875 0.528 0.7753333328124999 0.54525 0.779 0.5495 0.794 0.54875
6 0.82 0.545 0.82 0.51875 0.8176666671874999 0.51675 0.807 0.51475 0.7969999999999999 0.5165 0.798 0.5467500000000001 0.8026666671875 0.54925 0.818 0.5485 0.82 0.545
6 0.8416666671874999 0.54725 0.843 0.545 0.8436666671875 0.5309999999999999 0.843 0.5175 0.8406666671874999 0.5157499999999999 0.834 0.5145 0.8243333328125001 0.51425 0.8216666671875 0.51525 0.8203333328125 0.51725 0.8216666671875 0.545 0.826 0.5485 0.8416666671874999 0.54725
6 0.865 0.546 0.8663333328125 0.5415 0.866 0.5175 0.8606666671875001 0.51525 0.8496666671875 0.51375 0.8453333328125 0.5145 0.8436666671875 0.51675 0.845 0.54475 0.8503333328125 0.54825 0.8616666671875001 0.5475 0.865 0.546
6 0.893 0.54725 0.9083333328125001 0.5455 0.9109999999999999 0.544 0.9123333328125 0.5175 0.9103333328125001 0.5155000000000001 0.8963333328124999 0.51225 0.882 0.5135 0.8796666671875 0.51725 0.8783333328125 0.5245 0.8779999999999999 0.54125 0.8806666671875 0.545 0.885 0.5469999999999999 0.893 0.54725
6 0.9316666671875 0.548 0.9356666671875 0.54475 0.9356666671875 0.51625 0.933 0.514 0.925 0.5117499999999999 0.9109999999999999 0.513 0.9086666671874999 0.5135 0.9133333328125 0.541 0.9236666671875 0.5485 0.9316666671875 0.548
6 0.908 0.6975 0.9109999999999999 0.68925 0.9119999999999999 0.66925 0.9106666671875001 0.66625 0.9003333328125 0.65925 0.8963333328124999 0.65825 0.8856666671875001 0.66025 0.8836666671875 0.662 0.8933333328125 0.69325 0.8963333328124999 0.69575 0.908 0.6975
6 0.885 0.6952499999999999 0.8876666671875 0.69325 0.889 0.6695 0.8773333328125 0.6599999999999999 0.8736666671875 0.659 0.8643333328124999 0.6599999999999999 0.8616666671875001 0.66225 0.867 0.69325 0.8746666671875 0.6952499999999999 0.885 0.6952499999999999
6 0.8496666671875 0.69625 0.865 0.696 0.8663333328125 0.6935 0.866 0.66875 0.8586666671875 0.66225 0.8536666671875001 0.6599999999999999 0.8443333328125 0.66075 0.8426666671874999 0.662 0.844 0.69375 0.8456666671875 0.6955 0.8496666671875 0.69625
6 0.842 0.69675 0.844 0.69325 0.8436666671875 0.669 0.8336666671874999 0.6615 0.8296666671875 0.66075 0.8223333328125 0.66175 0.8213333328125 0.663 0.8236666671874999 0.6952499999999999 0.826 0.6980000000000001 0.8380000000000001 0.69825 0.842 0.69675
6 0.8203333328125 0.697 0.8223333328125 0.69325 0.8226666671875 0.6715 0.8196666671875 0.665 0.8103333328125 0.6605000000000001 0.8023333328125 0.65925 0.795 0.66075 0.792 0.669 0.7916666671875 0.6895 0.7976666671875 0.6980000000000001 0.8029999999999999 0.70025 0.8203333328125 0.697
6 0.732 0.697 0.7333333328125 0.68975 0.733 0.67025 0.7286666671875001 0.665 0.7246666671875001 0.6625 0.7163333328125 0.66175 0.7093333328125 0.66475 0.7126666671875 0.69625 0.717 0.69975 0.7286666671875001 0.69975 0.732 0.697
6 0.693 0.70225 0.709 0.70025 0.7106666671874999 0.69775 0.7106666671874999 0.671 0.704 0.6645 0.6893333328125 0.6645 0.6873333328125 0.666 0.688 0.6945 0.6893333328125 0.7 0.693 0.70225
6 0.686 0.7005 0.6876666671875 0.6985 0.688 0.6725 0.6863333328125 0.66875 0.6813333328125 0.6639999999999999 0.67 0.66425 0.6666666671875 0.6655 0.6686666671875 0.70075 0.67 0.70225 0.678 0.7025 0.686 0.7005
6 0.6656666671875 0.701 0.6666666671875 0.673 0.6653333328125 0.66975 0.6626666671875 0.666 0.658 0.6639999999999999 0.646 0.6655 0.6443333328125 0.667 0.6456666671875 0.69375 0.6473333328125 0.701 0.6516666671875 0.7030000000000001 0.6656666671875 0.701
6 0.6436666671875 0.67725 0.6413333328124999 0.669 0.6386666671875 0.6665 0.6326666671875001 0.66575 0.6263333328125 0.666 0.6236666671875 0.6675 0.625 0.6992499999999999 0.6266666671875 0.70125 0.6416666671875 0.7005 0.6436666671875 0.67725
6 0.6153333328125 0.70575 0.6203333328125 0.701 0.6223333328125 0.678 0.6213333328124999 0.6717500000000001 0.6186666671875 0.667 0.6153333328125 0.6645 0.6063333328125 0.6639999999999999 0.599 0.666 0.5983333328125 0.67 0.602 0.7015 0.607 0.7055 0.6153333328125 0.70575
6 0.5446666671875 0.7045 0.5503333328125 0.70425 0.554 0.701 0.5543333328125 0.67 0.549 0.666 0.5366666671875 0.6675 0.534 0.669 0.5343333328125001 0.6775 0.5393333328125001 0.70125 0.541 0.7032499999999999 0.5446666671875 0.7045
6 0.5743333328125 0.7035 0.576 0.70175 0.5780000000000001 0.67775 0.577 0.67 0.572 0.66525 0.5593333328125001 0.6655 0.5559999999999999 0.6677500000000001 0.5563333328125 0.70475 0.5603333328125 0.70625 0.5690000000000001 0.70525 0.5743333328125 0.7035
6 0.5983333328125 0.70075 0.5993333328125 0.6799999999999999 0.599 0.6735 0.5956666671875 0.66575 0.58 0.66575 0.579 0.66725 0.58 0.701 0.5836666671875 0.7045 0.5956666671875 0.70375 0.5983333328125 0.70075
6 0.48566666718749996 0.705 0.48600000000000004 0.66925 0.483 0.667 0.47000000000000003 0.6677500000000001 0.4676666671875 0.6695 0.46666666718750005 0.673 0.46733333281249995 0.70525 0.4703333328125 0.7072499999999999 0.4836666671875 0.706 0.48566666718749996 0.705
6 0.5093333328125 0.70125 0.509 0.6695 0.506 0.667 0.4943333328125 0.66725 0.4893333328125 0.66925 0.49066666718749996 0.7032499999999999 0.49466666718749996 0.70525 0.5063333328125 0.705 0.5093333328125 0.70125
6 0.5303333328125001 0.70125 0.5293333328125 0.6855 0.5223333328125 0.6685 0.5173333328124999 0.6675 0.5126666671875 0.669 0.513 0.70475 0.5216666671875 0.7055 0.529 0.7035 0.5303333328125001 0.70125
6 0.1156666671875 0.71175 0.1186666671875 0.70875 0.1246666671875 0.6775 0.1226666671875 0.675 0.1193333328125 0.674 0.1106666671875 0.6755 0.10366666718749999 0.67825 0.0996666671875 0.6837500000000001 0.0993333328125 0.7032499999999999 0.101 0.712 0.10433333281249998 0.7135 0.1156666671875 0.71175
6 0.144 0.67775 0.1426666671875 0.6757500000000001 0.1383333328125 0.67425 0.127 0.6759999999999999 0.1226666671875 0.68125 0.12 0.6885 0.1203333328125 0.71075 0.1226666671875 0.7125 0.137 0.712 0.144 0.67775
6 0.159 0.71275 0.161 0.7110000000000001 0.1676666671875 0.6769999999999999 0.1653333328125 0.67375 0.1616666671875 0.6735 0.1496666671875 0.6759999999999999 0.1443333328125 0.68125 0.1416666671875 0.6855 0.1436666671875 0.71075 0.14566666718750002 0.7122499999999999 0.159 0.71275
6 0.1943333328125 0.70175 0.195 0.6975 0.195 0.6895 0.192 0.674 0.189 0.6725 0.173 0.6757500000000001 0.16599999999999998 0.68425 0.1673333328125 0.7115 0.17033333281250002 0.71275 0.189 0.70975 0.1943333328125 0.70175
6 0.2403333328125 0.6980000000000001 0.24 0.68075 0.238 0.67375 0.2323333328125 0.6719999999999999 0.2206666671875 0.6735 0.21400000000000002 0.68125 0.21433333281250003 0.70975 0.2166666671875 0.712 0.231 0.7112499999999999 0.2403333328125 0.6980000000000001
6 0.3016666671875 0.706 0.30533333281249997 0.6775 0.3043333328125 0.67275 0.3026666671875 0.67125 0.29 0.6705 0.282 0.6832499999999999 0.2846666671875 0.709 0.2866666671875 0.7112499999999999 0.2986666671875 0.71075 0.3016666671875 0.706
6 0.325 0.70875 0.3263333328125 0.706 0.32599999999999996 0.69675 0.3233333328125 0.68625 0.32166666718750003 0.68425 0.3183333328125 0.6835 0.31 0.6855 0.3086666671875 0.69975 0.3113333328125 0.7070000000000001 0.31433333281250003 0.70975 0.325 0.70875
6 0.3476666671875 0.7055 0.3493333328125 0.697 0.35 0.67225 0.3453333328125 0.671 0.33399999999999996 0.673 0.32799999999999996 0.68175 0.3303333328125 0.7065 0.33366666718750004 0.7082499999999999 0.3456666671875 0.7085 0.3476666671875 0.7055
6 0.46299999999999997 0.705 0.4646666671875 0.6757500000000001 0.4636666671875 0.67025 0.46266666718750005 0.6685 0.45999999999999996 0.66825 0.44733333281250004 0.66875 0.4453333328125 0.6725 0.4463333328125 0.7055 0.4493333328125 0.7072499999999999 0.45933333281250005 0.7065 0.46299999999999997 0.705
6 0.441 0.70475 0.442 0.6910000000000001 0.44166666718750003 0.66975 0.43933333281250003 0.66725 0.42366666718749996 0.6695 0.422 0.67425 0.4226666671875 0.70575 0.4246666671875 0.7075 0.43933333281250003 0.7082499999999999 0.441 0.70475
6 0.41566666718749995 0.7082499999999999 0.4186666671875 0.705 0.4193333328125 0.673 0.41600000000000004 0.66975 0.403 0.67025 0.399 0.6775 0.3986666671875 0.6940000000000001 0.40033333281249994 0.706 0.40433333281249995 0.709 0.41566666718749995 0.7082499999999999
6 0.369 0.708 0.3723333328125 0.70525 0.373 0.669 0.3573333328125 0.67125 0.353 0.67725 0.3536666671875 0.7070000000000001 0.356 0.7085 0.361 0.709 0.369 0.708
6 0.3923333328125 0.70925 0.3953333328125 0.705 0.3966666671875 0.67725 0.3966666671875 0.673 0.3926666671875 0.666 0.3786666671875 0.67025 0.3756666671875 0.67675 0.37466666718749997 0.6965 0.376 0.7065 0.3806666671875 0.7095 0.3923333328125 0.70925
7 0.1524993328125 0.1734445 0.023844 0.17357825 0.032366667187499996 0.235863 0.1577753328125 0.235863 0.1524993328125 0.1734445
7 0.27587833281249996 0.1731395 0.1532093328125 0.174339 0.1565576671875 0.23708049999999997 0.28277800000000003 0.23799399999999998 0.27587833281249996 0.1731395
7 0.40057666718749996 0.17405675 0.27598 0.17281724999999998 0.28085 0.23617075 0.402606 0.23617075 0.40057666718749996 0.17405675
7 0.5229413328125 0.17291700000000002 0.39976500000000004 0.17319774999999998 0.4032146671875 0.2365535 0.5229413328125 0.23716225 0.5229413328125 0.17291700000000002
7 0.642262 0.172308 0.5225353328125 0.17319774999999998 0.523347 0.2365535 0.6406383328125 0.23685774999999998 0.642262 0.172308
0 0.36843533281249996 0.36438125 0.365855 0.36966025 0.36984266718750003 0.37581925 0.3672623328125 0.38479399999999997 0.352485 0.39623225 0.3531886671875 0.4324825 0.3564726671875 0.4331865 0.3567073328125 0.43969725000000004 0.3613983328125 0.44145700000000004 0.361633 0.454127 0.41206333281249996 0.45307125 0.41206333281249996 0.44128100000000003 0.4097176671875 0.44022525 0.409014 0.43406625 0.40573033281250004 0.4316025 0.4038536671875 0.38338625 0.408545 0.37036425 0.408076 0.3557585 0.356238 0.35584224999999997 0.361164 0.35699025 0.365855 0.359102 0.36843533281249996 0.36438125
0 0.408076 0.37933875 0.40479200000000004 0.3818025 0.40619933281250004 0.43037074999999997 0.4097176671875 0.43406625 0.4104213328125 0.43934550000000006 0.41206333281249996 0.441985 0.412298 0.45324725 0.46155566718749996 0.45395125 0.46155566718749996 0.44057725000000003 0.4601483328125 0.43969725000000004 0.4594446671875 0.37617124999999996 0.4470126671875 0.3742355 0.44326 0.36930825 0.4359883328125 0.36666875 0.43481566718750003 0.36385325 0.4355193328125 0.3613895 0.43786500000000006 0.35980575 0.43082833281250005 0.358398 0.43012433281250007 0.35452675 0.4078413328125 0.3554025 0.40831033281250007 0.37018825 0.40690299999999996 0.37142 0.408076 0.37933875
0 0.4765086671875 0.44942325 0.500903 0.44889524999999997 0.5018413328125 0.38202575 0.500903 0.379914 0.4990266671875 0.37076349999999997 0.49973033281249996 0.35932525000000004 0.4755706671875 0.35879724999999996 0.47510133281250005 0.361085 0.474163 0.3637245 0.4765086671875 0.44942325
0 0.5119273328125 0.378815 0.5135693328125 0.38075074999999997 0.5140383328125 0.43125475 0.5131 0.43125475 0.5126310000000001 0.43899774999999996 0.5114583328125 0.43829375 0.5116926671875001 0.45201975 0.5614193328125 0.45201975 0.5614193328125 0.43970149999999997 0.5625923328125 0.43882174999999995 0.5625923328125 0.43213475 0.565876 0.42879125 0.5668143328124999 0.3828625 0.563296 0.379519 0.5635306671875 0.3703685 0.5607156671875 0.36860875000000004 0.5611849999999999 0.35470674999999996 0.510168 0.354303 0.5102853328125 0.36737675 0.5119273328125 0.37054425 0.5119273328125 0.378815
0 0.562299 0.37868375 0.566052 0.38009149999999997 0.567225 0.428132 0.5637063328125 0.43165149999999997 0.563472 0.43710675 0.560657 0.43957024999999994 0.5611263328125 0.4517125 0.6106183328125 0.45012875 0.6101493328125 0.44009824999999997 0.6143713328125 0.43569899999999995 0.614137 0.43165149999999997 0.618359 0.42953975 0.6190626671875 0.3802675 0.6148406671875 0.377452 0.614606 0.370941 0.6115566671875 0.36794950000000004 0.6115566671875 0.35334374999999996 0.5603053328125001 0.354303 0.5611263328125 0.3681255 0.563472 0.37023725 0.562299 0.37868375
10 0.42347900000000005 0.8044767500000001 0.426973 0.7885315 0.4260993328125 0.7522722500000001 0.37522066718749997 0.75340775 0.3725276671875 0.7743335 0.375148 0.8051320000000001 0.42347900000000005 0.8044767500000001
10 0.5734946671875 0.800384 0.5714566671875 0.76281425 0.5679626671875 0.7512375 0.5084223328124999 0.7517699999999999 0.510606 0.7619405 0.512353 0.8012577500000001 0.5734946671875 0.800384
8 0.396299 0.9785795 0.4002973328125 0.99974475 0.4258436671875 0.99975 0.42095666718749997 0.9854122500000001 0.4211786671875 0.95891425 0.42228933281250003 0.9432484999999999 0.421623 0.9237500000000001 0.3984646671875 0.9244939999999999 0.3982983328125 0.940582 0.3958546671875 0.9557477499999999 0.396299 0.9785795
8 0.4207343328125 0.983493 0.42695433281249995 0.99949175 0.44961266718750004 0.99949175 0.44961266718750004 0.991159 0.4458363328125 0.9846595 0.4473913328125 0.9589947499999999 0.4476133328125 0.9426625 0.4480576671875 0.9238305 0.42317799999999994 0.9244939999999999 0.4238443328125 0.9409959999999999 0.4225116671875 0.9551615 0.4207343328125 0.983493
8 0.4445033328125 0.9838262500000001 0.45072333281250004 0.9909924999999999 0.450057 0.99949175 0.4729373328125 0.998992 0.472049 0.9561615 0.472271 0.9411625000000001 0.4733816671875 0.923497 0.4473356671875 0.92366075 0.4480576671875 0.937996 0.44694700000000004 0.9509952500000001 0.4445033328125 0.9838262500000001
8 0.49648433281250004 0.99832525 0.4967066671875 0.9841595 0.497595 0.9583280000000001 0.4962623328125 0.9401624999999999 0.49692866718750006 0.9223304999999999 0.4723266671875 0.9228277500000001 0.47271533281250006 0.94882875 0.4742703328125 0.998492 0.49648433281250004 0.99832525
8 0.4971506671875 0.9974919999999999 0.519809 0.99715875 0.5222526671875001 0.954495 0.5202533328125 0.9406625 0.5213639999999999 0.9218305000000001 0.497595 0.9217865 0.49692866718750006 0.9413292500000001 0.49737299999999995 0.9546614999999999 0.4971506671875 0.9974919999999999
8 0.5202533328125 0.997992 0.546244 0.9981585000000001 0.5466883328125001 0.95599475 0.5444666671875 0.937496 0.5453553328125 0.9184975 0.5206423328125 0.91866275 0.5202533328125 0.93599625 0.522919 0.95599475 0.5202533328125 0.997992
2 0.5467003328125 0.9972479999999999 0.594423 0.994084 0.5957546671875 0.9557835000000001 0.5926473328124999 0.9364667499999999 0.594201 0.9174832500000001 0.5457569999999999 0.91876975 0.5455906671874999 0.9376325 0.5467003328125 0.9551175000000001 0.5467003328125 0.9972479999999999