0 0.3898446671875 0.542036 0.38761066718750004 0.542493 0.3788786671875 0.5805867499999999 0.3815186671875 0.58241525 0.3803003328125 0.58591975 0.3817216671875 0.58668175 0.379285 0.595367 0.416853 0.599481 0.4330986671875 0.525732 0.39534433281250003 0.52176475 0.393906 0.53213175 0.39086 0.5348745 0.3898446671875 0.542036
0 0.647124 0.569418 0.653013 0.57231325 0.644281 0.611321 0.6400166671874999 0.60751175 0.638798 0.61467325 0.635346 0.6119304999999999 0.6333153328125001 0.6233584999999999 0.6712896671874999 0.6280822500000001 0.672711 0.61939675 0.677788 0.61833025 0.678194 0.61513025 0.684083 0.6148255 0.6913936671875 0.5793225 0.686723 0.57459875 0.6869259999999999 0.5683515 0.6828646671875 0.565761 0.6855046671875 0.5544855 0.6466873328125 0.55051675 0.6450933328125 0.56195175 0.6475303328125 0.5634755 0.647124 0.569418
0 0.6859106671874999 0.57353225 0.6909876671874999 0.5784082500000001 0.6844893328125 0.61208275 0.677788 0.61467325 0.677991 0.61833025 0.6731173328125 0.618635 0.6718986671875 0.6277775 0.709467 0.632501 0.7121069999999999 0.62305375 0.7169806671875001 0.62320625 0.7165746671875 0.61893975 0.7246973328124999 0.619854 0.7307896671874999 0.58267475 0.7253066671874999 0.57901775 0.726525 0.57292275 0.7216513328125 0.5700275 0.7240883328125001 0.55890425 0.685531 0.554325 0.684083 0.56545625 0.6875353328125 0.5678942499999999 0.6859106671874999 0.57353225
0 0.7255096671875 0.5784082500000001 0.732414 0.58267475 0.7240883328125001 0.6197015 0.7184023328125 0.61893975 0.7173866671875 0.62244425 0.7114976671875 0.62381575 0.709264 0.6326535 0.7484566671875 0.6373770000000001 0.7498783328124999 0.62732025 0.7557673328125001 0.62747275 0.7565796671875 0.62305375 0.7640933328124999 0.6233584999999999 0.772216 0.5858745 0.7649056671875 0.58206525 0.7651086671875 0.5761225 0.760438 0.57337975 0.762875 0.56317075 0.724375 0.5587044999999999 0.7220573328125 0.569418 0.726728 0.5724655000000001 0.7255096671875 0.5784082500000001
0 0.565289 0.5197642499999999 0.572183 0.5057 0.5792926671874999 0.46819550000000004 0.5810163328125 0.45251475 0.5600306671874999 0.44971875 0.549777 0.50909475 0.5467606671875 0.51636925 0.565289 0.5197642499999999
0 0.5642116671874999 0.5191175 0.585756 0.52186575 0.5937273328125 0.50747825 0.5999753328125 0.46948875 0.6008370000000001 0.45461625000000006 0.5807706671874999 0.45234500000000005 0.5805853328125 0.46075925 0.5715366671875 0.511843 0.5642116671874999 0.5191175
0 0.5932966671875 0.5068315 0.5859713328125 0.5205725 0.6040686671875 0.523644 0.6137636671875 0.51054975 0.6208733328125 0.47175174999999997 0.6202270000000001 0.45736425 0.6004333328125 0.45456725000000003 0.5999753328125 0.45477775 0.6010523328125 0.467387 0.5932966671875 0.5068315
0 0.614841 0.50860975 0.6118246671875001 0.5144295 0.6053613328125 0.5226740000000001 0.6238893328125 0.5272005 0.6346616671875001 0.51022625 0.6419866671875 0.47417675 0.6409096671875 0.45930425 0.6206343328124999 0.45699125 0.6219506671875 0.457526 0.6230276671875 0.47062024999999996 0.614841 0.50860975
0 0.6862773328125 0.47902300000000003 0.6828303328125 0.463504 0.6632288828124999 0.46178284375 0.6643023328125001 0.47756825 0.6576236671875 0.51313275 0.6483593328125 0.527682 0.6675340000000001 0.5307535 0.678306 0.516366 0.6862773328125 0.47902300000000003
0 0.6673183328125 0.5312385 0.6884319999999999 0.53366325 0.7007123328125 0.517821 0.7076063328125 0.48096300000000003 0.7041593328125 0.46673725 0.6825846671875 0.46365775 0.6854156671875 0.47918475000000005 0.679168 0.515396 0.6673183328125 0.5312385
0 0.6890783328125 0.5326934999999999 0.7082526671875 0.534795 0.7222566671874999 0.522024 0.7291506671875 0.48451950000000005 0.7254883328124999 0.468677 0.703944 0.46592874999999995 0.708899 0.481933 0.7017893328125 0.51717425 0.6890783328125 0.5326934999999999
7 0.2719543328125 0.085881 0.1785966671875 0.07549775 0.1712906671875 0.1167385 0.26149100000000003 0.12810725 0.2719543328125 0.085881
7 0.3509696671875 0.13812249999999998 0.3589073328125 0.0956255 0.2748406671875 0.08506875 0.27159333281250003 0.08561025 0.2643773328125 0.12729525 0.3509696671875 0.13812249999999998
7 0.44586066718749995 0.10623825 0.3585466671875 0.094778 0.350609 0.14873525 0.43431499999999995 0.15983324999999998 0.44586066718749995 0.10623825
7 0.5341666671875 0.11537225 0.4468526671875 0.1058985 0.43386399999999997 0.16138825 0.5222603328125001 0.17275675 0.5341666671875 0.11537225
7 0.6214806671875001 0.1261995 0.5348883328125 0.11564300000000001 0.522621 0.17221550000000002 0.6092133328125 0.18358425 0.6214806671875001 0.1261995
7 0.708073 0.13648549999999998 0.6214806671875001 0.12522075 0.6131823328125 0.16815525 0.699414 0.1789825 0.708073 0.13648549999999998
7 0.24606666718749998 0.25479775 0.154423 0.24342925 0.1464853328125 0.28457275000000004 0.23812899999999998 0.29648275 0.24606666718749998 0.25479775
7 0.33464333281249997 0.26555275 0.244894 0.25341800000000003 0.235423 0.3107565 0.3230976671875 0.3210425 0.33464333281249997 0.26555275
7 0.4259263328125 0.27637999999999996 0.3328393328125 0.2649185 0.3241803328125 0.32050125 0.41257666718749997 0.3321405 0.4259263328125 0.27637999999999996
7 0.5127893328125 0.28503375000000003 0.423942 0.275066 0.4117646671875 0.3302375 0.49871800000000005 0.341877 0.5127893328125 0.28503375000000003
7 0.599021 0.29586100000000004 0.5118873328125 0.2848755 0.4979963328125 0.34079424999999997 0.5863926671875 0.352975 0.599021 0.29586100000000004
7 0.6870563328125 0.3064175 0.5984796671875 0.295023 0.589279 0.3380875 0.6776756671874999 0.348644 0.6870563328125 0.3064175
7 0.7758136671875 0.31562075 0.686876 0.30686175000000004 0.6783973328124999 0.34674925 0.7657113328125 0.3583885 0.7758136671875 0.31562075
0 0.420855 0.583998 0.41708233281249996 0.6020417499999999 0.4557526671875 0.606877 0.459368 0.589423 0.4662846671875 0.552392 0.4710006671875 0.53187175 0.4332733328125 0.527621 0.4284003328125 0.5448445000000001 0.4279286671875 0.54696725 0.420855 0.583998
0 0.4870346671875 0.554397 0.4857773328125 0.554161 0.4798036671875 0.5676055 0.4654986671875 0.5637135 0.4588966671875 0.5953195 0.4790176671875 0.59767825 0.4870346671875 0.554397
0 0.5085313328125001 0.5564297500000001 0.5036583328125 0.55572225 0.5002 0.5708175 0.48966766718750004 0.5690485 0.4871133328125 0.55547425 0.4789783328125 0.5972345 0.49941399999999997 0.6000650000000001 0.5085313328125001 0.5564297500000001
0 0.5203213328125 0.60195175 0.5220503328125 0.5955835 0.5286526671875 0.5620904999999999 0.5270806671875 0.56185475 0.526452 0.56444925 0.5212643328125 0.5711714999999999 0.5108893328125 0.56515675 0.5143476671875 0.5606755 0.5140333328125 0.556076 0.5088456671875 0.55548625 0.5019293328125001 0.5919274999999999 0.49972833281250006 0.59935725 0.5203213328125 0.60195175
0 0.5411103328125 0.60466125 0.542211 0.59959025 0.5440973328125 0.59793925 0.549442 0.56704075 0.5305783328125 0.5620875 0.5290063328125 0.5620875 0.5211463328125 0.601831 0.5411103328125 0.60466125
0 0.5448833328125 0.5980570000000001 0.5437826671875 0.6041895 0.5621746671875 0.60666625 0.5651616671874999 0.60112325 0.5723926671874999 0.56715875 0.5646899999999999 0.569989 0.555101 0.576947 0.5557296671875 0.56609725 0.5516426671875 0.566805 0.5514853328125 0.5679842500000001 0.5469266671875 0.59593425 0.5448833328125 0.5980570000000001
0 0.5826103328125 0.6094965 0.5860686671875001 0.60289225 0.5882693328124999 0.59168875 0.587955 0.589566 0.575065 0.5833155 0.5763226671874999 0.56715875 0.5739646671874999 0.56696925 0.565476 0.6007695 0.5632753328125 0.60654825 0.5826103328125 0.6094965
0 0.5851256671875 0.6093784999999999 0.6043036671875 0.6111475000000001 0.6076046671875 0.6059585000000001 0.6153073328125 0.56822 0.610277 0.56822 0.6074473328125001 0.57859825 0.6071329999999999 0.5881507499999999 0.5980156671875 0.5901555 0.5898806671875 0.588633 0.588584 0.587679 0.5873263328125 0.6027745 0.5851256671875 0.6093784999999999
6 0.1793333328125 0.44275000000000003 0.183 0.42800000000000005 0.1816666671875 0.42625 0.17033333281250002 0.42374999999999996 0.16699999999999998 0.4255 0.1623333328125 0.4425 0.1623333328125 0.44749999999999995 0.174 0.4485 0.177 0.44675000000000004 0.1793333328125 0.44275000000000003
6 0.1936666671875 0.44875 0.2 0.43174999999999997 0.198 0.42725 0.1893333328125 0.4255 0.185 0.42575 0.183 0.42725 0.1796666671875 0.4425 0.1793333328125 0.44749999999999995 0.1803333328125 0.44825 0.1886666671875 0.45025000000000004 0.1936666671875 0.44875
6 0.2126666671875 0.45325 0.2166666671875 0.446 0.2196666671875 0.4325 0.2186666671875 0.43 0.2133333328125 0.42800000000000005 0.2046666671875 0.42750000000000005 0.20299999999999999 0.42824999999999996 0.20033333281250001 0.43200000000000005 0.19766666718749998 0.44475 0.19766666718749998 0.45025000000000004 0.199 0.45149999999999996 0.20099999999999998 0.4525 0.2126666671875 0.45325
6 0.2323333328125 0.45525000000000004 0.23700000000000002 0.43550000000000005 0.2363333328125 0.42774999999999996 0.23566666718749998 0.429 0.23199999999999998 0.43025 0.22400000000000003 0.42925 0.2186666671875 0.43174999999999997 0.2166666671875 0.45275 0.2186666671875 0.45425000000000004 0.22833333281249998 0.45599999999999996 0.2323333328125 0.45525000000000004
6 0.23700000000000002 0.45625 0.2443333328125 0.4575 0.2476666671875 0.4565 0.25 0.4535 0.25233333281250003 0.43624999999999997 0.25166666718749997 0.4335 0.248 0.43224999999999997 0.2416666671875 0.4345 0.23933333281250002 0.4375 0.23733333281250002 0.44725000000000004 0.23500000000000001 0.45099999999999996 0.23533333281250002 0.45499999999999996 0.23700000000000002 0.45625
6 0.26 0.45975 0.2673333328125 0.4615 0.273 0.4505 0.2753333328125 0.43925000000000003 0.273 0.4365 0.2673333328125 0.43499999999999994 0.2593333328125 0.4345 0.257 0.43724999999999997 0.253 0.45425000000000004 0.2533333328125 0.4575 0.2556666671875 0.45999999999999996 0.26 0.45975
6 0.28900000000000003 0.45899999999999996 0.2936666671875 0.43925000000000003 0.288 0.437 0.27799999999999997 0.43724999999999997 0.2763333328125 0.43925000000000003 0.272 0.45475000000000004 0.2716666671875 0.45899999999999996 0.2733333328125 0.4605 0.2866666671875 0.46224999999999994 0.28900000000000003 0.45899999999999996
6 0.3063333328125 0.46449999999999997 0.309 0.46025 0.31266666718749997 0.44175000000000003 0.31066666718749997 0.44025 0.30333333281249997 0.43975 0.2986666671875 0.43825000000000003 0.29500000000000004 0.44225000000000003 0.29133333281249996 0.4585 0.2916666671875 0.4625 0.294 0.46349999999999997 0.3063333328125 0.46449999999999997
6 0.329 0.45275 0.3313333328125 0.44725000000000004 0.3313333328125 0.44325000000000003 0.32999999999999996 0.44225000000000003 0.3173333328125 0.44125 0.31466666718749997 0.4425 0.311 0.458 0.31033333281250003 0.46299999999999997 0.3113333328125 0.46475 0.3263333328125 0.4665 0.329 0.45275
6 0.3453333328125 0.46675000000000005 0.348 0.4545 0.3513333328125 0.44775 0.3493333328125 0.445 0.3376666671875 0.44325000000000003 0.33366666718750004 0.44400000000000006 0.3293333328125 0.46224999999999994 0.329 0.46675000000000005 0.32999999999999996 0.46749999999999997 0.3423333328125 0.46799999999999997 0.3453333328125 0.46675000000000005
6 0.3613333328125 0.471 0.36666666718749996 0.45199999999999996 0.36666666718749996 0.44800000000000006 0.3653333328125 0.44625000000000004 0.3533333328125 0.445 0.3503333328125 0.44699999999999995 0.348 0.46075 0.348 0.46875 0.3493333328125 0.46975 0.354 0.46950000000000003 0.3613333328125 0.471
6 0.376 0.47424999999999995 0.3803333328125 0.47275 0.386 0.45099999999999996 0.385 0.45025000000000004 0.381 0.4485 0.373 0.44699999999999995 0.37 0.44875 0.365 0.46699999999999997 0.36466666718749996 0.471 0.3656666671875 0.47225 0.371 0.4725 0.376 0.47424999999999995
6 0.4006666671875 0.46675000000000005 0.3993333328125 0.46325000000000005 0.40133333281250005 0.46025 0.40199999999999997 0.45499999999999996 0.397 0.45275 0.3886666671875 0.45099999999999996 0.388 0.45199999999999996 0.383 0.471 0.3846666671875 0.47325 0.3986666671875 0.47424999999999995 0.4006666671875 0.46675000000000005
6 0.5416666671875 0.49024999999999996 0.5456666671875 0.47350000000000003 0.5443333328125 0.46725000000000005 0.537 0.46525 0.5323333328125 0.466 0.5303333328125001 0.47000000000000003 0.5276666671875 0.4835 0.5273333328125 0.48674999999999996 0.5293333328125 0.49050000000000005 0.5313333328125001 0.48975 0.5416666671875 0.49024999999999996
6 0.525 0.48674999999999996 0.529 0.46699999999999997 0.5269999999999999 0.46399999999999997 0.5196666671875 0.46275000000000005 0.5153333328125 0.46425 0.5113333328125 0.4805 0.5106666671875 0.48624999999999996 0.5116666671875 0.487 0.5213333328124999 0.48775 0.525 0.48674999999999996
6 0.5086666671875 0.47050000000000003 0.5083333328124999 0.46725000000000005 0.5063333328125 0.46525 0.502 0.46399999999999997 0.49766666718749997 0.46525 0.49633333281249997 0.47175 0.49400000000000005 0.476 0.49400000000000005 0.48425 0.501 0.48624999999999996 0.5056666671875 0.48624999999999996 0.5086666671875 0.47050000000000003
6 0.4886666671875 0.4845 0.4933333328125 0.466 0.49366666718749996 0.46275000000000005 0.492 0.46075 0.48266666718750006 0.45875000000000005 0.4783333328125 0.46025 0.4766666671875 0.46224999999999994 0.47400000000000003 0.47850000000000004 0.47366666718749995 0.48250000000000004 0.47466666718750006 0.48375 0.48566666718749996 0.48550000000000004 0.4886666671875 0.4845
6 0.4743333328125 0.4585 0.46266666718750005 0.45725 0.45766666718750004 0.4665 0.4573333328125 0.48200000000000004 0.4703333328125 0.48324999999999996 0.475 0.46399999999999997 0.4743333328125 0.4585
6 0.4543333328125 0.4805 0.45599999999999996 0.47325 0.45533333281250005 0.46275000000000005 0.44666666718750003 0.46299999999999997 0.44066666718749997 0.4665 0.43966666718749997 0.4795 0.44299999999999995 0.481 0.4516666671875 0.48125 0.4543333328125 0.4805
6 0.417 0.4765 0.422 0.46675000000000005 0.42033333281249996 0.45899999999999996 0.4186666671875 0.4575 0.40800000000000003 0.45425000000000004 0.404 0.47000000000000003 0.40366666718750005 0.47474999999999995 0.4046666671875 0.4755 0.4153333328125 0.477 0.417 0.4765
6 0.43433333281250003 0.47800000000000004 0.43566666718749997 0.47000000000000003 0.43433333281250003 0.46299999999999997 0.43166666718749996 0.45925000000000005 0.42766666718749996 0.4605 0.422 0.472 0.4216666671875 0.47525000000000006 0.42400000000000004 0.47725 0.43099999999999994 0.47925000000000006 0.43433333281250003 0.47800000000000004
6 0.122 0.538 0.124 0.5365 0.1273333328125 0.52925 0.128 0.5207499999999999 0.127 0.5175 0.1226666671875 0.5145 0.11499999999999999 0.51475 0.11299999999999999 0.51675 0.11100000000000002 0.52325 0.1096666671875 0.5325 0.1106666671875 0.5385 0.1153333328125 0.53925 0.122 0.538
6 0.1423333328125 0.542 0.144 0.5405 0.14666666718750002 0.5335 0.1483333328125 0.52025 0.1426666671875 0.51675 0.1346666671875 0.51625 0.1316666671875 0.5175 0.13033333281249998 0.52125 0.127 0.5365 0.1276666671875 0.54 0.1306666671875 0.5417500000000001 0.1423333328125 0.542
6 0.1616666671875 0.54325 0.1666666671875 0.53175 0.16833333281250001 0.52575 0.16799999999999998 0.52125 0.1626666671875 0.519 0.1546666671875 0.518 0.1513333328125 0.51875 0.1493333328125 0.5215 0.14666666718750002 0.533 0.14566666718750002 0.53975 0.14666666718750002 0.542 0.1573333328125 0.54375 0.1616666671875 0.54325
6 0.189 0.546 0.1943333328125 0.52925 0.1946666671875 0.5247499999999999 0.1936666671875 0.5235000000000001 0.1853333328125 0.521 0.173 0.52025 0.17099999999999999 0.52125 0.16899999999999998 0.5247499999999999 0.16499999999999998 0.5405 0.1656666671875 0.5445 0.181 0.5469999999999999 0.189 0.546
6 0.2153333328125 0.54925 0.2193333328125 0.53025 0.21800000000000003 0.5265 0.20800000000000002 0.5245 0.20299999999999999 0.52675 0.1963333328125 0.54475 0.196 0.54875 0.20099999999999998 0.5507500000000001 0.213 0.5509999999999999 0.2153333328125 0.54925
6 0.2326666671875 0.55025 0.23733333281250002 0.5377500000000001 0.23866666718750001 0.529 0.236 0.52725 0.22799999999999998 0.52625 0.2226666671875 0.5269999999999999 0.22000000000000003 0.52925 0.21633333281249997 0.54925 0.2193333328125 0.55125 0.2306666671875 0.5515 0.2326666671875 0.55025
6 0.3116666671875 0.5417500000000001 0.312 0.53675 0.306 0.5347500000000001 0.298 0.5345 0.2956666671875 0.53525 0.2936666671875 0.5377500000000001 0.2906666671875 0.549 0.2896666671875 0.55675 0.29100000000000004 0.5582499999999999 0.3063333328125 0.56025 0.3116666671875 0.5417500000000001
6 0.3253333328125 0.5605 0.3286666671875 0.5465 0.32799999999999996 0.537 0.3173333328125 0.53625 0.3133333328125 0.5375 0.309 0.5547500000000001 0.3086666671875 0.5605 0.311 0.56175 0.3226666671875 0.5622499999999999 0.3253333328125 0.5605
6 0.33799999999999997 0.56475 0.3413333328125 0.56175 0.34500000000000003 0.553 0.3453333328125 0.5485 0.348 0.54475 0.3476666671875 0.54 0.3456666671875 0.5377500000000001 0.3386666671875 0.53575 0.32966666718750004 0.53575 0.3273333328125 0.537 0.3286666671875 0.5445 0.3263333328125 0.561 0.3286666671875 0.563 0.33799999999999997 0.56475
6 0.7523333328125 0.7445 0.7536666671875001 0.74375 0.7556666671875 0.74 0.7593333328125 0.7215 0.7586666671875 0.71875 0.7553333328125 0.71475 0.7436666671875 0.7135 0.739 0.73375 0.739 0.74 0.7403333328125 0.74125 0.745 0.744 0.7523333328125 0.7445
6 0.7326666671875001 0.7394999999999999 0.7363333328125 0.7325 0.7383333328125 0.71825 0.737 0.71275 0.7243333328125 0.7105 0.7216666671875 0.71175 0.7203333328125 0.7162499999999999 0.7213333328125 0.71975 0.7186666671874999 0.7365 0.7213333328125 0.7384999999999999 0.7326666671875001 0.7394999999999999
6 0.682 0.725 0.683 0.713 0.6846666671875 0.709 0.6816666671875 0.70575 0.6696666671875 0.70775 0.6683333328125001 0.718 0.6656666671875 0.72475 0.6656666671875 0.7325 0.678 0.7335 0.6799999999999999 0.73225 0.682 0.725
6 0.6623333328125 0.73225 0.669 0.7085 0.667 0.705 0.6623333328125 0.7035 0.654 0.7032499999999999 0.6519999999999999 0.706 0.6476666671875 0.72875 0.65 0.7302500000000001 0.658 0.73225 0.6623333328125 0.73225
6 0.6456666671875 0.7292500000000001 0.6473333328125 0.7262500000000001 0.651 0.7095 0.65 0.7032499999999999 0.6476666671875 0.70175 0.6393333328125 0.7005 0.6316666671875 0.701 0.6273333328125 0.7135 0.627 0.71675 0.6296666671875 0.72825 0.6413333328124999 0.7302500000000001 0.6456666671875 0.7292500000000001
6 0.5376666671875 0.71675 0.54 0.709 0.542 0.6900000000000001 0.5406666671875 0.68875 0.5316666671875 0.6872499999999999 0.5276666671875 0.688 0.526 0.69025 0.522 0.71425 0.524 0.71675 0.5363333328125 0.7175 0.5376666671875 0.71675
6 0.5176666671875 0.7165 0.52 0.7135 0.522 0.7055 0.524 0.69375 0.5233333328125 0.68825 0.5213333328124999 0.687 0.5096666671875 0.6855 0.5076666671875001 0.6885 0.505 0.70075 0.5033333328125 0.713 0.5056666671875 0.7150000000000001 0.5133333328125 0.7152499999999999 0.5176666671875 0.7165
6 0.5003333328124999 0.71275 0.5066666671875 0.6895 0.5056666671875 0.6855 0.49800000000000005 0.6835 0.491 0.68425 0.487 0.69325 0.48566666718749996 0.70525 0.4876666671875 0.7112499999999999 0.49000000000000005 0.7125 0.5003333328124999 0.71275
6 0.362 0.67 0.3493333328125 0.669 0.344 0.679 0.3416666671875 0.69725 0.3536666671875 0.69875 0.357 0.697 0.362 0.67
6 0.38 0.6815 0.3806666671875 0.673 0.3736666671875 0.671 0.365 0.6717500000000001 0.36066666718749996 0.689 0.3593333328125 0.697 0.36066666718749996 0.69875 0.37266666718749997 0.7005 0.38 0.6815
6 0.399 0.678 0.3983333328125 0.67375 0.3856666671875 0.673 0.38333333281250004 0.674 0.37733333281250003 0.69675 0.37666666718749997 0.701 0.38733333281250004 0.70225 0.3926666671875 0.70175 0.399 0.678
6 0.40766666718750005 0.70525 0.4103333328125 0.70475 0.41733333281249996 0.67875 0.41600000000000004 0.6757500000000001 0.4046666671875 0.674 0.4016666671875 0.6755 0.4 0.67775 0.3986666671875 0.6872499999999999 0.396 0.69325 0.395 0.7015 0.3993333328125 0.7035 0.4026666671875 0.7035 0.40766666718750005 0.70525
6 0.429 0.70075 0.4326666671875 0.696 0.43533333281250003 0.68975 0.437 0.6815 0.43566666718749997 0.67725 0.4193333328125 0.67675 0.4146666671875 0.6965 0.414 0.705 0.4226666671875 0.706 0.42833333281249997 0.7055 0.429 0.70075
6 0.2633333328125 0.6885 0.2656666671875 0.686 0.2683333328125 0.67025 0.2683333328125 0.66525 0.2663333328125 0.66225 0.264 0.661 0.2596666671875 0.66075 0.256 0.6637500000000001 0.2533333328125 0.6695 0.251 0.68125 0.2513333328125 0.68575 0.2553333328125 0.6875 0.2633333328125 0.6885
6 0.2786666671875 0.6905 0.2843333328125 0.6900000000000001 0.29 0.6855 0.2946666671875 0.674 0.2926666671875 0.67025 0.29533333281249996 0.66625 0.29500000000000004 0.662 0.279 0.6575 0.2706666671875 0.6635 0.268 0.6695 0.269 0.67625 0.267 0.68475 0.268 0.689 0.2786666671875 0.6905
6 0.17466666718749999 0.6775 0.1776666671875 0.6797500000000001 0.1913333328125 0.68025 0.197 0.67675 0.198 0.675 0.20099999999999998 0.66625 0.20299999999999999 0.65425 0.20099999999999998 0.6527499999999999 0.19 0.651 0.1766666671875 0.654 0.1793333328125 0.6585 0.1776666671875 0.6675 0.17466666718749999 0.6735 0.17466666718749999 0.6775
6 0.15 0.66975 0.1516666671875 0.6587500000000001 0.1546666671875 0.6505 0.155 0.6465 0.154 0.6457499999999999 0.1423333328125 0.6465 0.1383333328125 0.6485000000000001 0.13233333281249998 0.6679999999999999 0.13333333281249998 0.67375 0.142 0.67525 0.147 0.67375 0.15 0.66975
6 0.1296666671875 0.6695 0.13233333281249998 0.66225 0.1326666671875 0.6575 0.137 0.65025 0.135 0.646 0.1233333328125 0.6447499999999999 0.119 0.646 0.1143333328125 0.6639999999999999 0.1136666671875 0.66975 0.11499999999999999 0.6715 0.1246666671875 0.6719999999999999 0.1296666671875 0.6695
6 0.11100000000000002 0.67025 0.1176666671875 0.64675 0.11599999999999999 0.6425 0.1066666671875 0.64225 0.10233333281250001 0.6435 0.10066666718749999 0.646 0.0976666671875 0.658 0.096 0.66525 0.097 0.66825 0.10333333281249998 0.6705 0.11100000000000002 0.67025
6 0.0963333328125 0.657 0.0996666671875 0.65175 0.099 0.642 0.0926666671875 0.64 0.08399999999999999 0.64175 0.0786666671875 0.66175 0.0783333328125 0.666 0.08 0.6675 0.0923333328125 0.6675 0.0963333328125 0.657
6 0.0643333328125 0.666 0.0743333328125 0.666 0.0763333328125 0.65925 0.076 0.655 0.08 0.6505 0.0806666671875 0.64125 0.08299999999999999 0.6385 0.0736666671875 0.63825 0.0676666671875 0.63975 0.0636666671875 0.644 0.061333332812499995 0.65175 0.0606666671875 0.6599999999999999 0.05933333281249999 0.66175 0.061 0.66425 0.0643333328125 0.666
6 0.16833333281250001 0.6585 0.1673333328125 0.65425 0.1646666671875 0.6535 0.159 0.6555 0.1546666671875 0.66175 0.152 0.66925 0.1533333328125 0.67375 0.1656666671875 0.6755 0.16833333281250001 0.6585
6 0.0666666671875 0.79875 0.06899999999999999 0.78625 0.07466666718750001 0.77125 0.07133333281250001 0.7705 0.06833333281250001 0.772 0.0653333328125 0.771 0.060333332812499994 0.77175 0.05500000000000001 0.779 0.0523333328125 0.78925 0.051000000000000004 0.799 0.0526666671875 0.8002499999999999 0.0643333328125 0.8007500000000001 0.0666666671875 0.79875
6 0.0836666671875 0.8005000000000001 0.087 0.79475 0.09066666718750001 0.77825 0.0933333328125 0.77525 0.091 0.7715 0.0836666671875 0.7715 0.0753333328125 0.7747499999999999 0.072 0.779 0.0686666671875 0.79075 0.068 0.799 0.06899999999999999 0.8002499999999999 0.0796666671875 0.8025 0.0836666671875 0.8005000000000001
6 0.0886666671875 0.80375 0.0993333328125 0.80425 0.10266666718749999 0.8025 0.10533333281249999 0.79725 0.10933333281249999 0.7815000000000001 0.1153333328125 0.77525 0.11100000000000002 0.7725 0.10300000000000001 0.7715 0.094 0.77575 0.09066666718750001 0.78075 0.0876666671875 0.79475 0.0843333328125 0.79875 0.0853333328125 0.80175 0.0886666671875 0.80375
6 0.1203333328125 0.80625 0.1243333328125 0.79575 0.1256666671875 0.784 0.1296666671875 0.77925 0.128 0.776 0.123 0.77425 0.1183333328125 0.77425 0.11033333281249999 0.77925 0.10833333281249999 0.78275 0.10466666718749999 0.79875 0.10400000000000001 0.8035 0.10600000000000001 0.80625 0.11499999999999999 0.807 0.1203333328125 0.80625
6 0.141 0.80275 0.1406666671875 0.79775 0.144 0.78416675 0.1483333328125 0.77925 0.1476666671875 0.7787499999999999 0.1383333328125 0.77625 0.128 0.7815000000000001 0.1263333328125 0.784 0.1246666671875 0.796 0.1226666671875 0.8012499999999999 0.123 0.80725 0.133 0.8087500000000001 0.1386666671875 0.8082499999999999 0.141 0.80275
6 0.1566666671875 0.8105 0.1596666671875 0.79775 0.16499999999999998 0.783 0.162 0.7795 0.1576666671875 0.779 0.1463333328125 0.783 0.1413333328125 0.798 0.13999999999999999 0.806 0.1413333328125 0.8089999999999999 0.1493333328125 0.81075 0.1566666671875 0.8105
6 0.17466666718749999 0.8119999999999999 0.178 0.8025 0.182 0.78275 0.1766666671875 0.7809999999999999 0.1696666671875 0.78225 0.1656666671875 0.78525 0.1626666671875 0.791 0.1586666671875 0.8065 0.158 0.81075 0.1606666671875 0.8125 0.17133333281250002 0.81325 0.17466666718749999 0.8119999999999999
6 0.1923333328125 0.8140000000000001 0.2 0.79125 0.2033333328125 0.787 0.2026666671875 0.78275 0.1926666671875 0.78125 0.184 0.78575 0.181 0.7905 0.17733333281250002 0.8065 0.1766666671875 0.8105 0.1796666671875 0.81425 0.1896666671875 0.8154999999999999 0.1923333328125 0.8140000000000001
6 0.20866666718750002 0.817 0.2133333328125 0.81075 0.215 0.8009999999999999 0.2213333328125 0.787 0.21600000000000003 0.78425 0.20833333281250002 0.7835 0.2053333328125 0.7847500000000001 0.20033333281250001 0.791 0.1966666671875 0.8029999999999999 0.1956666671875 0.8115 0.194 0.81425 0.197 0.8162499999999999 0.20866666718750002 0.817
6 0.22799999999999998 0.81875 0.2323333328125 0.8095000000000001 0.23566666718749998 0.7955 0.24 0.787 0.2323333328125 0.7855000000000001 0.22433333281249998 0.78675 0.21833333281249998 0.79325 0.2146666671875 0.805 0.2133333328125 0.8119999999999999 0.21400000000000002 0.8182499999999999 0.223 0.81925 0.22799999999999998 0.81875
6 0.2443333328125 0.8220000000000001 0.2476666671875 0.8205 0.24900000000000003 0.8182499999999999 0.25166666718749997 0.8005000000000001 0.25666666718750003 0.7905 0.25166666718749997 0.788 0.2436666671875 0.78725 0.2403333328125 0.7887500000000001 0.23566666718749998 0.7955 0.23333333281250002 0.8102499999999999 0.22999999999999998 0.8182499999999999 0.2323333328125 0.82075 0.2443333328125 0.8220000000000001
6 0.2663333328125 0.81375 0.2683333328125 0.8102499999999999 0.27 0.8019999999999999 0.275 0.79475 0.274 0.791 0.2653333328125 0.78975 0.258 0.79075 0.25433333281250003 0.79575 0.25233333281250003 0.8022500000000001 0.25 0.8220000000000001 0.2633333328125 0.8234999999999999 0.2653333328125 0.82225 0.2663333328125 0.81375
6 0.2816666671875 0.8240000000000001 0.29300000000000004 0.795 0.29133333281249996 0.7929999999999999 0.2873333328125 0.79125 0.2793333328125 0.79075 0.2763333328125 0.7927500000000001 0.2713333328125 0.79875 0.267 0.81875 0.2666666671875 0.8225 0.2693333328125 0.8240000000000001 0.279 0.8252499999999999 0.2816666671875 0.8240000000000001
6 0.3003333328125 0.826 0.30733333281249997 0.81225 0.3136666671875 0.79475 0.303 0.79225 0.2986666671875 0.79225 0.29533333281249996 0.794 0.2896666671875 0.8019999999999999 0.2866666671875 0.8154999999999999 0.2856666671875 0.82125 0.2866666671875 0.82575 0.2976666671875 0.82675 0.3003333328125 0.826
6 0.4106666671875 0.8380000000000001 0.417 0.818 0.41900000000000004 0.8065 0.4126666671875 0.8045 0.404 0.80475 0.4016666671875 0.80625 0.3953333328125 0.8310000000000001 0.395 0.83475 0.3963333328125 0.83825 0.40833333281249995 0.8397500000000001 0.4106666671875 0.8380000000000001
6 0.3906666671875 0.8365 0.398 0.81525 0.3993333328125 0.8065 0.3966666671875 0.8045 0.3923333328125 0.8029999999999999 0.38933333281250004 0.8035 0.3843333328125 0.8025 0.3763333328125 0.82975 0.376 0.83375 0.3783333328125 0.836 0.3883333328125 0.83775 0.3906666671875 0.8365
6 0.37466666718749997 0.83375 0.37533333281250003 0.82875 0.377 0.8262499999999999 0.3783333328125 0.81375 0.38133333281250004 0.807 0.381 0.8022500000000001 0.372 0.8005000000000001 0.367 0.8009999999999999 0.36466666718749996 0.80275 0.3623333328125 0.81075 0.358 0.8300000000000001 0.3613333328125 0.8342499999999999 0.37266666718749997 0.835 0.37466666718749997 0.83375
6 0.3533333328125 0.833 0.358 0.83025 0.3636666671875 0.80175 0.3596666671875 0.79925 0.3493333328125 0.79775 0.3456666671875 0.8007500000000001 0.344 0.80725 0.3426666671875 0.82075 0.33999999999999997 0.83025 0.34199999999999997 0.8320000000000001 0.3533333328125 0.833
6 0.44333333281250004 0.84275 0.44666666718750003 0.8404999999999999 0.4523333328125 0.81875 0.4533333328125 0.8102499999999999 0.45099999999999996 0.8089999999999999 0.43899999999999995 0.808 0.4363333328125 0.81075 0.434 0.81875 0.4303333328125 0.83775 0.43099999999999994 0.8394999999999999 0.43233333281249997 0.841 0.44333333281250004 0.84275
6 0.4653333328125 0.8432499999999999 0.47000000000000003 0.81875 0.47000000000000003 0.8135 0.46733333281249995 0.8105 0.45933333281250005 0.8095000000000001 0.45466666718750004 0.8102499999999999 0.4493333328125 0.83575 0.4486666671875 0.84175 0.45099999999999996 0.8435 0.46266666718750005 0.845 0.4653333328125 0.8432499999999999
6 0.4843333328125 0.8435 0.488 0.8185 0.488 0.81425 0.48333333281249996 0.81175 0.477 0.8115 0.4733333328125 0.8130000000000001 0.4683333328125 0.8332499999999999 0.46799999999999997 0.8452500000000001 0.4783333328125 0.8470000000000001 0.4823333328125 0.8465 0.4843333328125 0.8435
6 0.49800000000000005 0.84975 0.5013333328125 0.8460000000000001 0.5063333328125 0.81775 0.5043333328124999 0.8160000000000001 0.49766666718749997 0.8150000000000001 0.49000000000000005 0.8145 0.48966666718749996 0.8160000000000001 0.487 0.8414999999999999 0.485 0.8455 0.4886666671875 0.8477499999999999 0.49800000000000005 0.84975
6 0.536 0.8535 0.54 0.84175 0.5413333328125 0.8332499999999999 0.542 0.8247500000000001 0.5406666671875 0.8205 0.5333333328125 0.818 0.5253333328124999 0.8182499999999999 0.524 0.8314999999999999 0.5216666671875 0.8375 0.5216666671875 0.85025 0.5246666671875 0.8522500000000001 0.533 0.8542500000000001 0.536 0.8535
6 0.5566666671875 0.85 0.5593333328125001 0.83825 0.5603333328125 0.825 0.5586666671875 0.82225 0.5526666671875 0.82025 0.5486666671875 0.81975 0.5436666671875 0.82225 0.5396666671875 0.8525 0.5416666671875 0.8539999999999999 0.5526666671875 0.8554999999999999 0.5566666671875 0.85
6 0.5780000000000001 0.8345 0.5773333328125 0.826 0.5743333328125 0.8237500000000001 0.5636666671875 0.8220000000000001 0.5616666671874999 0.8242499999999999 0.5603333328125 0.8300000000000001 0.557 0.8535 0.5606666671875 0.8564999999999999 0.5736666671874999 0.85725 0.5780000000000001 0.8345
6 0.5906666671874999 0.85875 0.5926666671875 0.85725 0.596 0.834 0.5946666671874999 0.827 0.5940000000000001 0.826 0.585 0.8244999999999999 0.58 0.8244999999999999 0.5786666671875 0.82575 0.579 0.8394999999999999 0.577 0.8560000000000001 0.5793333328125 0.85775 0.5906666671874999 0.85875
6 0.6113333328125 0.858 0.6133333328125 0.8390000000000001 0.612 0.8300000000000001 0.6066666671875 0.82775 0.5973333328125 0.8275 0.5953333328125 0.8412499999999999 0.5946666671874999 0.8595 0.5956666671875 0.86075 0.6086666671875001 0.8612500000000001 0.6113333328125 0.858
6 0.6306666671875 0.8535 0.6316666671875 0.8455 0.6316666671875 0.83675 0.63 0.83125 0.6233333328125 0.829 0.615 0.8295 0.6133333328125 0.8414999999999999 0.6126666671875001 0.8612500000000001 0.615 0.8625 0.6266666671875 0.8630000000000001 0.6306666671875 0.8535
6 0.643 0.8654999999999999 0.6456666671875 0.8640000000000001 0.648 0.8567500000000001 0.65 0.8425 0.6483333328125 0.83575 0.6473333328125 0.8335000000000001 0.6446666671875 0.8322499999999999 0.6343333328125 0.8317500000000001 0.633 0.8332499999999999 0.633 0.8494999999999999 0.6293333328124999 0.8615 0.631 0.8634999999999999 0.643 0.8654999999999999
6 0.662 0.86675 0.6639999999999999 0.865 0.6666666671875 0.85725 0.6686666671875 0.84575 0.6683333328125001 0.8404999999999999 0.6656666671875 0.836 0.6623333328125 0.83475 0.653 0.8342499999999999 0.6513333328125 0.835 0.6506666671875 0.837 0.651 0.8539999999999999 0.6496666671875 0.85725 0.6493333328124999 0.865 0.662 0.86675
6 0.6799999999999999 0.869 0.683 0.8654999999999999 0.687 0.85 0.6863333328125 0.84275 0.6816666671875 0.8365 0.6736666671875 0.8352499999999999 0.6693333328125 0.8375 0.6686666671875 0.8547499999999999 0.6663333328125 0.8654999999999999 0.6696666671875 0.8685 0.6799999999999999 0.869
6 0.6973333328125 0.8705 0.7016666671875 0.8644999999999999 0.7036666671875 0.8494999999999999 0.7033333328125 0.84175 0.7006666671875 0.8390000000000001 0.693 0.8375 0.689 0.83775 0.6873333328125 0.8407500000000001 0.6833333328125 0.8647500000000001 0.6839999999999999 0.869 0.6886666671875 0.8702500000000001 0.6973333328125 0.8705
6 0.7166666671875 0.8724999999999999 0.7186666671874999 0.8692500000000001 0.7213333328125 0.8560000000000001 0.7216666671875 0.8494999999999999 0.72 0.845 0.717 0.8425 0.7046666671875 0.8414999999999999 0.7046666671875 0.8605 0.7033333328125 0.869 0.7066666671874999 0.8712500000000001 0.7166666671875 0.8724999999999999
10 0.6559643328125 0.507214 0.6613733328125 0.48406775 0.6601713328125001 0.47685325 0.6421406671875001 0.47535025 0.6355296671875 0.5090175 0.6535603328125 0.5109714999999999 0.6559643328125 0.507214
10 0.3611106671875 0.5733765 0.3803303328125 0.5747322500000001 0.386737 0.5441684999999999 0.38903666718749996 0.5412107500000001 0.37063833281249997 0.5401015 0.3683386671875 0.5420735 0.3611106671875 0.5682005 0.3611106671875 0.5733765
10 0.614007 0.6015295 0.6378266671875 0.6037480000000001 0.640455 0.5994345 0.644726 0.5773745 0.644069 0.56985675 0.6233706671875 0.5681315 0.6238633328125001 0.57269125 0.6190996671875 0.5956140000000001 0.614007 0.6015295