8 0.54033175 0.30677699999999997 0.5392355 0.3480863328125 0.564448 0.349183 0.564448 0.3137226671875 0.56855875 0.3071426671875 0.57102525 0.21757866718750002 0.5671885 0.2131916671875 0.5669145 0.1777316671875 0.54252425 0.17626933281249998 0.5444424999999999 0.21684733281250002 0.54252425 0.3005623328125 0.54033175 0.30677699999999997
8 0.12899675 0.2501043328125 0.12790075 0.2610713328125 0.12790075 0.27057600000000004 0.13064125 0.2786186671875 0.13365575000000002 0.304574 0.14023275 0.3064016671875 0.1432475 0.345883 0.168734 0.3480763328125 0.16818575 0.3133473328125 0.15832 0.31078833281249996 0.15640175 0.2797153328125 0.15420925000000002 0.21976233281250002 0.16517125 0.21756866718749998 0.16489725 0.18357099999999998 0.13608775 0.182364 0.1383145 0.2161066671875 0.12844875 0.216472 0.12899675 0.2501043328125
8 0.1555795 0.2204933328125 0.15859399999999998 0.30969166718749996 0.16845975 0.3133473328125 0.169008 0.34844200000000003 0.1950425 0.3488076671875 0.1939465 0.3100573328125 0.18709525 0.3089606671875 0.18353250000000002 0.22195566718749998 0.190932 0.2256113328125 0.191754 0.1846676671875 0.16517125 0.18174300000000002 0.16517125 0.18210866718750002 0.16462325 0.21720333281249998 0.1555795 0.2204933328125
8 0.20655275 0.24571733281250002 0.20299 0.2603403328125 0.207923 0.2786186671875 0.21230775 0.3118853328125 0.219433 0.3133473328125 0.22189925000000002 0.351732 0.24656375000000003 0.35026966718749997 0.24683775 0.3118853328125 0.2397125 0.31078833281249996 0.23642400000000002 0.2830053328125 0.23313525 0.26911366718749996 0.23505375 0.22341799999999998 0.242179 0.21866533281249997 0.23998650000000002 0.1883233328125 0.21587024999999999 0.1872266671875 0.21532225 0.22195566718749998 0.20737475 0.2226866671875 0.20655275 0.24571733281250002
8 0.2342435 0.2583346671875 0.23369525000000002 0.270033 0.23643575 0.278441 0.23807999999999999 0.308783 0.2465755 0.3135353328125 0.2457535 0.349361 0.27014375 0.35045766718750004 0.27069175 0.3128043328125 0.25973 0.29781599999999997 0.25863375 0.2122733328125 0.266033 0.21263866718750002 0.26740325 0.1855866671875 0.241614 0.1855616671875 0.24383499999999997 0.2170256671875 0.2345175 0.22287466718750001 0.2342435 0.2583346671875
8 0.25973 0.2137353328125 0.260552 0.259797 0.25835975 0.27222633281249997 0.25890775 0.295257 0.27069175 0.31097633281250003 0.270966 0.35009199999999996 0.29535625 0.34863 0.2964525 0.3091486671875 0.28960125 0.3040306671875 0.2860385 0.21337 0.29398599999999997 0.22177799999999998 0.29426 0.1771786671875 0.26902349999999997 0.1764253328125 0.2690475 0.17790999999999998 0.27041775 0.21263866718750002 0.25973 0.2137353328125
8 0.7076135 0.301091 0.7018584999999999 0.30365000000000003 0.7002142499999999 0.34313133281249997 0.7240565 0.3438623328125 0.72570075 0.3058433328125 0.73172975 0.3032843328125 0.7331000000000001 0.27806000000000003 0.7374847499999999 0.26307200000000003 0.7363885 0.24808366718750002 0.73501825 0.2192036671875 0.72816725 0.21627933281249997 0.727893 0.1804536671875 0.7044905 0.18008 0.7024065 0.219935 0.7100799999999999 0.2184726671875 0.7076135 0.301091
8 0.73474425 0.2455246671875 0.73666275 0.253567 0.73693675 0.26343733281250004 0.73392225 0.27586666718749997 0.732826 0.3032843328125 0.72542675 0.3054776671875 0.7240565 0.3420343328125 0.7470765 0.34313133281249997 0.74872075 0.3065743328125 0.7563942499999999 0.30365000000000003 0.7588605 0.279888 0.7602307500000001 0.2733076671875 0.76187525 0.26307200000000003 0.760505 0.25320166718750003 0.761601 0.2217626671875 0.7528315 0.2159136671875 0.75365375 0.1815503328125 0.7295375 0.180088 0.72816725 0.2133546671875 0.7358405 0.217376 0.73474425 0.2455246671875
8 0.7602307500000001 0.2542983328125 0.761601 0.2597816671875 0.76269725 0.26709299999999997 0.75940875 0.276598 0.75721625 0.30365000000000003 0.749269 0.307671 0.7468025 0.3424 0.771741 0.3453246671875 0.77338525 0.3080366671875 0.7802365 0.3047466671875 0.783525 0.282447 0.7854432499999999 0.2751356671875 0.78928 0.261244 0.7868134999999999 0.251008 0.7865395000000001 0.219935 0.7777700000000001 0.2140856671875 0.77968825 0.1815503328125 0.755298 0.1808193328125 0.75392775 0.215548 0.760779 0.219935 0.7602307500000001 0.2542983328125
8 0.7857175 0.245159 0.7870874999999999 0.2546636671875 0.789006 0.26307200000000003 0.7843472499999999 0.2802536671875 0.78270275 0.3021876671875 0.773111 0.30840233281249996 0.77119275 0.34313133281249997 0.795035 0.3427656671875 0.7983235 0.3065743328125 0.80490075 0.304381 0.8084635 0.28171566718749996 0.81120375 0.2755013328125 0.8131222499999999 0.264534 0.812026 0.253567 0.811752 0.2382133328125 0.811752 0.2159136671875 0.8029825 0.2137203328125 0.80435275 0.18337799999999999 0.7805105 0.1815503328125 0.7794142500000001 0.2144513328125 0.78763575 0.2188383328125 0.7857175 0.245159
8 0.812574 0.2455246671875 0.8155887500000001 0.2557606671875 0.8139442499999999 0.2674586671875 0.8095595 0.2809846671875 0.8084635 0.3029186671875 0.7972275 0.3054776671875 0.79613125 0.3409376671875 0.8199735 0.339841 0.82106975 0.306209 0.83066125 0.299263 0.83532025 0.27586666718749997 0.83778675 0.265631 0.839431 0.25612599999999996 0.8369645 0.25027699999999997 0.8375125000000001 0.217376 0.829017 0.212989 0.82983925 0.1822813328125 0.805997 0.18191600000000002 0.8038045 0.212989 0.811752 0.217376 0.812574 0.2455246671875
8 0.83888275 0.2568573328125 0.840253 0.26197533281249996 0.84189725 0.27586666718749997 0.83285375 0.29962866718750003 0.8221657499999999 0.30730566718749996 0.82106975 0.3394756671875 0.846008 0.3387443328125 0.8482004999999999 0.3014563328125 0.8594364999999999 0.298532 0.8640952499999999 0.28902733281250004 0.8649175 0.2820813328125 0.867932 0.27111433281249997 0.8657394999999999 0.2583196671875 0.8676579999999999 0.2082366671875 0.8534075 0.20458099999999999 0.8553257500000001 0.1731423328125 0.8309355 0.1731423328125 0.8292909999999999 0.2137203328125 0.84189725 0.20714000000000002 0.83888275 0.2568573328125
1 0.7262649999999999 0.7564003328125 0.7225875 0.8250766671875001 0.71812225 0.818069 0.71654625 0.843297 0.8016517500000001 0.8425963328125 0.8034905 0.8233246671875 0.8124212500000001 0.8215730000000001 0.817412 0.7567506671875 0.80926925 0.7416836671875 0.80795575 0.71155 0.7194355 0.7126013328125 0.7194355 0.7129516671875 0.7202235 0.7427349999999999 0.7262649999999999 0.7564003328125
1 0.8132092500000001 0.8201713328125001 0.8042785 0.824376 0.8019142499999999 0.8411946671875 0.88912125 0.8390923328125 0.891748 0.8201713328125001 0.90225475 0.8187696671875001 0.90593225 0.8005493328125001 0.9098722499999999 0.7959943328125 0.9111857499999999 0.787585 0.907771 0.7749710000000001 0.908559 0.7511443328125 0.8983147499999999 0.7381800000000001 0.89910275 0.706995 0.8113705 0.7083966671875 0.80926925 0.737479 0.8168865000000001 0.7511443328125 0.8132092500000001 0.8201713328125001
2 0.5707340000000001 0.3021973328125 0.56461275 0.3103626671875 0.5640005 0.347924 0.613277 0.34751566718750004 0.613277 0.307913 0.6197042500000001 0.3038303328125 0.6215407500000001 0.21564299999999997 0.6160315 0.21482633281250002 0.61756175 0.181348 0.568302 0.1791793328125 0.56644925 0.211152 0.570122 0.2180926671875 0.5707340000000001 0.3021973328125
10 0.37079325 0.1241523328125 0.37037125 0.054368332812499996 0.36277624999999997 0.040299 0.18808675 0.035234 0.18639875 0.0909486671875 0.1994795 0.1196503328125 0.37079325 0.1241523328125
10 0.8508335 0.1249283328125 0.862701 0.1038243328125 0.86445925 0.0487193328125 0.8640195 0.039926 0.3791005 0.036042000000000005 0.37613375 0.0997206671875 0.38184775000000004 0.120825 0.8508335 0.1249283328125
8 0.41243675 0.2491556671875 0.41155375000000005 0.2652506671875 0.41420275 0.2805606671875 0.416263 0.3484743328125 0.44187025 0.34965199999999996 0.43892675 0.28566400000000003 0.43892675 0.183205 0.41390849999999996 0.1830763328125 0.41479150000000004 0.21303999999999998 0.41243675 0.220106 0.41243675 0.2491556671875
8 0.43922125 0.269569 0.44069275 0.3088253328125 0.44275325 0.3500446671875 0.46688875 0.3520073328125 0.46600575 0.2860566671875 0.467183 0.18595299999999998 0.44039849999999997 0.18595299999999998 0.4395155 0.22128366718749998 0.44010425 0.2475853328125 0.43922125 0.269569
8 0.46983199999999997 0.270354 0.46688875 0.2844863328125 0.467183 0.35122233281250004 0.49131850000000005 0.34965199999999996 0.49102425 0.28762699999999997 0.49249574999999995 0.276635 0.49102425 0.261325 0.49043549999999997 0.1875233328125 0.46615275 0.1850386671875 0.46630000000000005 0.22206866718749999 0.46747725000000007 0.2511186671875 0.46983199999999997 0.270354
8 0.49337875000000003 0.27113933281249997 0.4886695 0.28409399999999996 0.49131850000000005 0.3139286671875 0.48925799999999997 0.3484743328125 0.5160425 0.3516146671875 0.515454 0.31589133281250004 0.5160425 0.2860566671875 0.5178085 0.2734946671875 0.5169254999999999 0.25896966718750003 0.5169254999999999 0.223639 0.51751425 0.18595299999999998 0.49190725 0.184548 0.49131850000000005 0.2511186671875 0.49279025 0.2585773328125 0.49337875000000003 0.27113933281249997
8 0.52016325 0.2628953328125 0.51663125 0.2789906671875 0.5160425 0.3080403328125 0.5160425 0.3484743328125 0.54076675 0.3480816671875 0.54076675 0.3194246671875 0.54253275 0.3052923328125 0.5431215 0.28409399999999996 0.5431215 0.25229633281249997 0.5434157500000001 0.18673800000000002 0.51802925 0.184548 0.5178085 0.22442433281250002 0.5178085 0.2530813328125 0.52016325 0.2628953328125
9 0.5342137499999999 0.604864 0.621235 0.6067603328125 0.6246477500000001 0.581727 0.62919775 0.5798306671875 0.6306197499999999 0.505869 0.626354 0.4990416671875 0.626354 0.4633883328125 0.5339295 0.4650613328125 0.5339295 0.500559 0.5362045 0.5051103328125001 0.5342137499999999 0.604864
9 0.63147275 0.505298 0.62834475 0.5785013328125 0.62322575 0.5841906671875 0.624932 0.603155 0.7147972499999999 0.6035343328125 0.71565025 0.579639 0.7230442499999999 0.575467 0.72645675 0.5026430000000001 0.7187785 0.4958156671875 0.719916 0.4616796671875 0.63545425 0.4628176671875 0.626354 0.4639553328125 0.62663825 0.4927813328125 0.63147275 0.505298
9 0.7230442499999999 0.5739496671875 0.7165035 0.579639 0.717641 0.603155 0.8075060000000001 0.601638 0.8086435 0.5762253328125 0.81774375 0.5750876671875 0.8160375 0.5542266671875 0.8217252500000001 0.5458823328125 0.8254222499999999 0.5360206671875 0.8208719999999999 0.5223663328125 0.82030325 0.49922933281250004 0.8123405 0.492023 0.8131937499999999 0.4586453328125 0.721338 0.4613003328125 0.719916 0.49316066718749996 0.7270255 0.5026430000000001 0.7230442499999999 0.5739496671875
9 0.8217252500000001 0.5109873328125001 0.823147 0.5216076671875001 0.826844 0.529952 0.822294 0.5420893328124999 0.817175 0.550813 0.8166062500000001 0.5735703328125 0.8077905 0.5777426671875 0.80608425 0.6001206671875 0.89708675 0.5970863328125 0.900215 0.5720533328124999 0.9081777499999999 0.5709153328125 0.9098839999999999 0.5549853328125 0.91329675 0.5447443328125 0.9161405 0.5409513328125 0.9187 0.5318483328125 0.91329675 0.520849 0.9130122500000001 0.49467800000000006 0.9036275 0.4889886671875 0.9030587499999999 0.45561100000000004 0.812625 0.4574776671875 0.8134779999999999 0.4901263328125 0.82144075 0.4969536671875 0.8217252500000001 0.5109873328125001
8 0.16078825000000002 0.582172 0.1697295 0.5850503328125 0.171271 0.6142466671875 0.21936874999999997 0.613424 0.21782724999999997 0.584639 0.21011924999999998 0.584639 0.20826925 0.5056860000000001 0.21597724999999998 0.4991066671875 0.21597724999999998 0.4666206671875 0.167263 0.46538700000000005 0.16664625 0.4991066671875 0.15739675 0.5056860000000001 0.16078825000000002 0.582172
8 0.20981075 0.582583 0.21844375 0.586695 0.218752 0.613424 0.2674665 0.6113679999999999 0.26592475000000004 0.584228 0.26006675 0.582583 0.25760025 0.5085643328125 0.26438324999999996 0.5003403328125 0.26376675 0.4666206671875 0.21620849999999997 0.4661776671875 0.21597724999999998 0.495817 0.20826925 0.5056860000000001 0.20981075 0.582583
8 0.26068349999999996 0.5817606671875 0.26561650000000003 0.5838166671875 0.26715825 0.6126016671875 0.3158725 0.6117793328125 0.31463925000000004 0.5875176671875 0.3090895 0.5829943328125 0.30785625 0.5073306671875 0.31278925 0.499929 0.31124775 0.4657983328125 0.26284175 0.4661776671875 0.26561650000000003 0.4995176671875 0.25760025 0.5060973328125 0.26068349999999996 0.5817606671875
8 0.30939774999999997 0.5817606671875 0.31556425 0.5887513328125 0.3158725 0.6121903328125 0.36304525 0.6113679999999999 0.36119525 0.5809383328125 0.3584205 0.580527 0.35441225 0.5106206671875 0.3584205 0.5048636671875 0.360887 0.46538700000000005 0.3110165 0.465664 0.31124775 0.5007513328125001 0.3063145 0.507742 0.30939774999999997 0.5817606671875