0 0.6592553328124999 0.17035324999999998 0.6525033328125 0.183653 0.6537693328125 0.1963195 0.645329 0.20581925 0.645329 0.2232355 0.7073653328125 0.22260225 0.7103196671875 0.2036025 0.7183379999999999 0.1944195 0.7174936671875 0.18333649999999999 0.7288883328125 0.17257 0.7301543328125 0.103855 0.7170716671874999 0.099105 0.7158056671875 0.089922 0.6527573328125 0.09030025 0.650393 0.10037175000000001 0.6596776671875 0.1051215 0.6592553328124999 0.17035324999999998
0 0.7293103328125 0.17098675000000002 0.7174936671875 0.182703 0.7174936671875 0.1953695 0.7107416671875 0.205186 0.7090533328124999 0.22291875 0.7753099999999999 0.2241855 0.774888 0.2045525 0.7850166671875 0.19600275 0.7875486671874999 0.18428625 0.798521 0.17162 0.802319 0.10353825000000001 0.7816403328125 0.09973825 0.7812183328125 0.089922 0.7165980000000001 0.0899045 0.7174936671875 0.09942175 0.7314203328125 0.102905 0.7293103328125 0.17098675000000002
0 0.8024536671875 0.1036965 0.8007656671875001 0.17019475 0.7859953328125 0.18476125000000002 0.7859953328125 0.19457750000000001 0.7767106671875 0.20217749999999998 0.7750226671875 0.22339349999999997 0.8391693328125 0.22181025000000001 0.8387473328124999 0.20471075 0.8505636671874999 0.19774425 0.8522516671875 0.1834945 0.8678663328124999 0.172728 0.8737746671875 0.104013 0.8488756671875001 0.09957975 0.8488756671875001 0.08944674999999999 0.7814936671875 0.089113 0.780509 0.08849675 0.781353 0.09926325 0.8024536671875 0.1036965
0 0.8725086671875 0.1036965 0.8712426671875001 0.1676615 0.8526736671874999 0.18317775 0.8526736671874999 0.19489425 0.8395913328125 0.20312725 0.8374813328125 0.22244350000000002 0.9028936671875 0.22371025000000003 0.9045820000000001 0.202494 0.9206186671875001 0.193311 0.9201966671875 0.18507774999999999 0.9404533328125 0.17209475000000002 0.9480496671875001 0.1036965 0.9138663328125001 0.0989465 0.9142883328125 0.08786350000000001 0.8518296671875 0.0888135 0.8509856671874999 0.08976325 0.8501416671875001 0.0998965 0.8725086671875 0.1036965
0 0.9404533328125 0.16639500000000002 0.9218846671875 0.18191125 0.9193523328125 0.193311 0.9050039999999999 0.203444 0.9041600000000001 0.22339349999999997 0.9695723328125 0.2214935 0.9712606671874999 0.20407725000000002 0.985609 0.19394424999999998 0.9881413328124999 0.1825445 0.9996666671875 0.17177800000000001 0.9986916671875001 0.1036965 0.9822329999999999 0.100213 0.9818110000000001 0.08849675 0.9159763328125001 0.08786350000000001 0.9147103328125 0.0989465 0.9442513328125001 0.10306299999999999 0.9404533328125 0.16639500000000002
0 0.9721046671875 0.203444 0.9708386671874999 0.221177 0.9991136671874999 0.2205435 0.999396 0.17260725 0.9902513328125 0.181278 0.985187 0.1936275 0.9721046671875 0.203444
0 0.9996666671875 0.08818000000000001 0.9839209999999999 0.08849675 0.982655 0.0989465 0.9982696671875001 0.104963 0.9996666671875 0.08818000000000001
10 0.3546773328125 0.775035 0.3691996671875 0.73897225 0.3660876671875 0.71095225 0.1708363328125 0.71040625 0.15033000000000002 0.73378325 0.15275066718750002 0.7734782499999999 0.3546773328125 0.775035
10 0.3755463328125 0.77338975 0.9757553328125 0.7791330000000001 0.9827716671875001 0.7437165 0.9425876671875001 0.71260725 0.3861176671875 0.71183 0.385752 0.7130857500000001 0.3742706671875 0.73558025 0.3755463328125 0.77338975
8 0.07416866718750001 0.89682175 0.0816003328125 0.917681 0.0898576671875 0.91995275 0.09178433281250001 0.9308987500000001 0.1228866671875 0.9306922500000001 0.1226113328125 0.9224309999999999 0.11655599999999999 0.91995275 0.114079 0.90818075 0.10664733281250001 0.902811 0.10939966718750001 0.88711475 0.1099503328125 0.8710057499999999 0.11903333281249999 0.85675525 0.1228866671875 0.8303197499999999 0.09261 0.8286675000000001 0.0912336671875 0.85324425 0.0782973328125 0.8687340000000001 0.07416866718750001 0.89682175
8 0.1058216671875 0.9015717499999999 0.11380366718749999 0.9077675 0.11352833281250001 0.9187135 0.122061 0.9228440000000001 0.123162 0.9306922500000001 0.1526126671875 0.9308987500000001 0.15206233281249998 0.9139635 0.142704 0.91664825 0.13995166718750002 0.8722447499999999 0.151512 0.8584075 0.1523376671875 0.8313525 0.12426266718750001 0.8292872499999999 0.12013433281250001 0.8551030000000001 0.1102253328125 0.8685275000000001 0.1058216671875 0.9015717499999999
8 0.169353 0.8958360000000001 0.1688023328125 0.9022382500000001 0.17403200000000002 0.9243367499999999 0.182014 0.9255760000000001 0.1825646671875 0.9334239999999999 0.21201533281249998 0.9332174999999999 0.2117403328125 0.92743475 0.2076116671875 0.9245432499999999 0.20733633281250002 0.9140105000000001 0.203483 0.910706 0.198804 0.9014122499999999 0.20210666718749998 0.8890205 0.2026573328125 0.8753897500000001 0.21118966718749999 0.858661 0.21063933281249997 0.835117 0.1776296671875 0.83598125 0.179812 0.859074 0.1710043328125 0.8745637500000001 0.169353 0.8958360000000001
8 0.2018316671875 0.88757475 0.199079 0.89728175 0.1996296671875 0.9036839999999999 0.206786 0.9121517499999999 0.20788700000000002 0.9220649999999999 0.21118966718749999 0.9264020000000001 0.21118966718749999 0.9334239999999999 0.2400903328125 0.93548925 0.24174166718749998 0.92722825 0.23100733281250002 0.9253695000000001 0.2282546671875 0.9183475 0.23100733281250002 0.9082275 0.2312823328125 0.8749767500000001 0.2422923328125 0.8549435000000001 0.24174166718749998 0.8334647500000001 0.2128413328125 0.8330515000000001 0.21091466718750002 0.8553565000000001 0.20375833281250003 0.8724982499999999 0.2018316671875 0.88757475
8 0.2315576671875 0.9055427500000001 0.22742900000000002 0.9169017500000001 0.22935566718749997 0.9237172499999999 0.23981499999999997 0.92826075 0.24064066718750002 0.93507625 0.2711926671875 0.93569575 0.270642 0.9138037499999999 0.263761 0.9259890000000001 0.262385 0.8764225 0.272569 0.85576975 0.27366966718749997 0.829334 0.2439436671875 0.8295407499999999 0.2422923328125 0.85349775 0.2315576671875 0.8749767500000001 0.2315576671875 0.9055427500000001
8 0.77842 0.920973 0.7693369999999999 0.91498375 0.7679606671875 0.9366692499999999 0.7974116671875 0.9370822499999999 0.8015403328125 0.9282014999999999 0.809247 0.912712 0.8133756671875 0.9054835000000001 0.8139263328125 0.87636325 0.803467 0.860667 0.8059443328125001 0.83609025 0.7743166671874999 0.8341747500000001 0.771814 0.8600475 0.7811723328125 0.87388475 0.77842 0.920973
8 0.8122746671875 0.90362475 0.810073 0.92283175 0.800164 0.9255167500000001 0.7971363328125001 0.9374952499999999 0.8290646671875 0.9372887499999999 0.8304406671875 0.92882125 0.8395236671875 0.9172554999999999 0.8453039999999999 0.91126625 0.8450286671875 0.87718925 0.8351200000000001 0.86252575 0.836496 0.8369165000000001 0.8075956671875 0.83629675 0.8045680000000001 0.85901475 0.8128253328125 0.8755369999999999 0.8122746671875 0.90362475
8 0.8458543328125 0.9100272500000001 0.8417256671875 0.91539675 0.8406246671875 0.9271689999999999 0.8315416671875001 0.92882125 0.8276883328125001 0.9377017499999999 0.8582403328125 0.9368757499999999 0.8587906671875001 0.93047325 0.8684243328125 0.9284079999999999 0.8733786671875 0.91395125 0.8766816671875001 0.9094075 0.875856 0.902179 0.8775073328125 0.879048 0.8667726671875 0.86231925 0.8684243328125 0.8375360000000001 0.8386653328125 0.83727175 0.8348446671875 0.8604605 0.8453039999999999 0.8755369999999999 0.8458543328125 0.9100272500000001
8 0.876131 0.898668 0.8766816671875001 0.9102337500000001 0.8700756671875001 0.9275819999999999 0.860167 0.9317125 0.859066 0.9370822499999999 0.8890673328125 0.9362562499999999 0.8896179999999999 0.92964725 0.8984256671875 0.9279949999999999 0.9031046671875 0.91539675 0.9064076671875 0.9133315 0.910261 0.9077552499999999 0.907784 0.902179 0.909986 0.87698275 0.8989763328124999 0.86252575 0.899802 0.8373295000000001 0.8700756671875001 0.83670975 0.8662223328125 0.860254 0.8764063328124999 0.8751239999999999 0.876131 0.898668
8 0.9072333328125 0.897016 0.909986 0.9069292499999999 0.9028296671874999 0.9162229999999999 0.9009029999999999 0.9269624999999999 0.8893426671875 0.92944075 0.8893426671875 0.9366692499999999 0.919069 0.9372887499999999 0.920445 0.9282014999999999 0.9309043328125 0.9275819999999999 0.9339320000000001 0.91457075 0.938336 0.9104402500000001 0.9405376671875001 0.9046575000000001 0.9388863328125 0.8980485 0.940813 0.87739575 0.9300786671875001 0.86108 0.9322806671875 0.83650325 0.9006053328125001 0.83598125 0.8989763328124999 0.85880825 0.9072333328125 0.87409125 0.9072333328125 0.897016
8 0.9388863328125 0.893918 0.9416386671874999 0.9044510000000001 0.9358586671875001 0.9129185 0.93173 0.9255167500000001 0.921271 0.92923425 0.9179679999999999 0.939354 0.9507216671875 0.94079975 0.9529236671874999 0.9312995000000001 0.9713649999999999 0.92964725 0.9776956671875 0.92200575 0.9757686671875 0.911886 0.9787963328125 0.87801525 0.9614563328125 0.8579822500000001 0.9658599999999999 0.83216625 0.9342073328125 0.83134025 0.9309043328125 0.8596345 0.9424646671874999 0.87285225 0.9388863328125 0.893918
2 0.6058226671875 0.9286257499999999 0.5999076671875 0.930845 0.5999076671875 0.93713275 0.6590586671875001 0.9376875 0.6595513328125 0.9325092500000001 0.6674383328125 0.9330642499999999 0.6706423328125 0.88146825 0.6644806671875 0.86611875 0.6652199999999999 0.835975 0.6067663328124999 0.8338414999999999 0.6040976671875 0.857427 0.6068086671875 0.8788790000000001 0.6058226671875 0.9286257499999999
10 0.089251 0.683333 0.28873899999999997 0.6837035 0.29960200000000003 0.67259 0.3010836671875 0.6240615 0.10159566718749999 0.62554325 0.08579466718749999 0.63850875 0.08628833281250001 0.6722195 0.089251 0.683333
10 0.3979883328125 0.6817624999999999 0.4562543328125 0.68324425 0.45674833281250005 0.62397275 0.396013 0.62434325 0.391569 0.63842025 0.394038 0.6780579999999999 0.3979883328125 0.6817624999999999
10 0.6445086671875 0.6820405 0.644015 0.63832775 0.6420399999999999 0.62721425 0.5684663328124999 0.6257325 0.5635286671874999 0.64573675 0.5640223328125 0.6827815 0.6445086671875 0.6820405
10 0.7815333328125 0.6859292499999999 0.7864709999999999 0.64147575 0.7696823328125 0.62406475 0.6970966671875 0.62443525 0.704997 0.6388825 0.7015406671875 0.6829657499999999 0.7815333328125 0.6859292499999999
10 0.8491813328125 0.685559 0.8491813328125 0.64147575 0.8323926671875 0.6259170000000001 0.7974576671875 0.6241095 0.814123 0.6374007500000001 0.8052346671875 0.68407725 0.8491813328125 0.685559
10 0.8605383328125 0.685559 0.949419 0.685559 0.956332 0.6522187500000001 0.9390496671875 0.6259170000000001 0.8505393328125 0.62457225 0.8728830000000001 0.6388825 0.8684390000000001 0.6703705 0.8605383328125 0.685559
0 0.3771343328125 0.12860375 0.38055500000000003 0.170398 0.3849533328125 0.18359625 0.38641933281249996 0.19679425 0.39081733281250003 0.20339325000000003 0.388374 0.2250235 0.455811 0.2242905 0.4553223328125 0.20595975000000002 0.449947 0.17773025 0.455811 0.0908425 0.40352266718749996 0.09157575 0.40449999999999997 0.10294075 0.3825096671875 0.10624025 0.3771343328125 0.12860375
0 0.4509243328125 0.170398 0.45141299999999995 0.189462 0.4538563328125 0.20815925000000002 0.454345 0.22355724999999999 0.5183613328125001 0.22465700000000002 0.5173840000000001 0.1003745 0.5085876671875 0.1003745 0.4958823328125 0.090476 0.4553223328125 0.08974275000000001 0.454345 0.1022075 0.448481 0.11723874999999999 0.4509243328125 0.170398
0 0.5356226671875 0.22046625 0.5682046671875 0.2214065 0.5740529999999999 0.17878624999999998 0.5719643328124999 0.10075350000000001 0.537711 0.10012675 0.5397996671875 0.11172200000000002 0.5385466671875 0.17721925 0.5356226671875 0.22046625
0 0.58742 0.11454249999999999 0.5928503328125 0.10451425 0.5907616671875 0.1700115 0.5861666671875 0.184427 0.5861666671875 0.19351525 0.5807363328124999 0.20542375000000002 0.581572 0.22360000000000002 0.6463186671875001 0.22297324999999998 0.6467363328125 0.20667724999999998 0.6509136671875 0.19758925 0.6504956671875 0.18380025 0.657597 0.17471224999999999 0.6609386671874999 0.10733474999999999 0.6496603328125 0.10169375 0.6517489999999999 0.090412 0.58742 0.09072525000000001 0.5840783328125 0.110155 0.588673 0.10576775000000001 0.58742 0.11454249999999999
8 0.41482533281249995 0.8872367499999999 0.4118403328125 0.9008762499999999 0.416996 0.9106477500000001 0.41835266718749997 0.93487275 0.44793000000000005 0.9350765000000001 0.4460303328125 0.8778725 0.44793000000000005 0.8589402500000001 0.449558 0.83349375 0.41780999999999996 0.83369725 0.41645333281249997 0.85751525 0.412383 0.87156175 0.41482533281249995 0.8872367499999999
8 0.4463016671875 0.901487 0.4482013328125 0.93466925 0.47777833281250004 0.9350765000000001 0.4785923328125 0.87685475 0.4802203328125 0.8626045 0.4802203328125 0.83532575 0.44874400000000003 0.83445 0.449558 0.8564975 0.446573 0.87115475 0.4463016671875 0.901487
8 0.47832100000000005 0.908612 0.47967766718749993 0.93466925 0.5076266671874999 0.93528 0.5095259999999999 0.916755 0.5119683328125 0.87583675 0.5095259999999999 0.86179025 0.512511 0.83614025 0.48076299999999994 0.8347149999999999 0.48103433281249997 0.8562937500000001 0.4785923328125 0.8746152500000001 0.47832100000000005 0.908612
8 0.5087119999999999 0.93466925 0.5380176671875 0.93446575 0.5426306671875001 0.8772617500000001 0.541274 0.8615867500000001 0.5426306671875001 0.837158 0.5127823328125001 0.8359365000000001 0.5114256671875 0.8593474999999999 0.5103403328125 0.876244 0.5087119999999999 0.93466925
8 0.5393746671875 0.8935475 0.5385606671875001 0.93528 0.5675950000000001 0.9354834999999999 0.5697656671875 0.9257120000000001 0.575464 0.8799082500000001 0.5711223328125 0.8621975000000001 0.5749213328125 0.835733 0.542902 0.835733 0.5418166671875 0.85466525 0.5426306671875001 0.87420825 0.5393746671875 0.8935475
8 0.5670523328125 0.9377230000000001 0.6012423328125001 0.9393515000000001 0.600428 0.93202275 0.6044983328125 0.9283585000000001 0.60884 0.8803155 0.6028703328125 0.8595510000000001 0.6055836671875 0.8332900000000001 0.5741073328125 0.832883 0.571665 0.8585330000000001 0.5762780000000001 0.8778725 0.5670523328125 0.9377230000000001
6 0.9905046671875001 0.5433735000000001 0.9985713328125 0.5429762499999999 0.9993916671875 0.5033895 0.9927263328124999 0.5029135 0.9905046671875001 0.5433735000000001
6 0.9597173328125 0.5033895 0.9595236671875 0.54440475 0.9854263328125 0.5448014999999999 0.9857436671875 0.5041035 0.9597173328125 0.5033895
6 0.8403766671874999 0.5057695 0.8376189999999999 0.54547625 0.8638640000000001 0.5459915 0.8676726671875 0.5052935 0.8403766671874999 0.5057695
6 0.8143503328125 0.5057695 0.8099999999999999 0.545119 0.833394 0.5436115 0.8372026671875 0.5057695 0.8143503328125 0.5057695
6 0.7838803328124999 0.5062455 0.7809523328125 0.54440475 0.8064153328125 0.5436115 0.807685 0.5060075 0.7838803328124999 0.5062455
6 0.7537276671875001 0.5050555 0.7509523328125 0.54440475 0.7765803328125 0.5431355 0.7781673328125 0.5050555 0.7537276671875001 0.5050555
6 0.7248446671875 0.5060075 0.722381 0.5436905000000001 0.745793 0.5421834999999999 0.748332 0.5057695 0.7248446671875 0.5060075
6 0.6940573328124999 0.5050555 0.6909523328125 0.5436905000000001 0.713736 0.5431355 0.7172273328125 0.5052935 0.6940573328124999 0.5050555
6 0.6642223328125 0.5048174999999999 0.662381 0.542619 0.6864399999999999 0.5419455 0.6877096671875 0.5048174999999999 0.6642223328125 0.5048174999999999
6 0.6353393328125 0.5050555 0.632857 0.5429762499999999 0.6566046671875 0.5421834999999999 0.6597786671875 0.5045795 0.6353393328125 0.5050555
6 0.6055043328124999 0.5055315 0.605238 0.54333325 0.6267696671875 0.5421834999999999 0.6299436671875001 0.5055315 0.6055043328124999 0.5055315
6 0.5994736671875 0.5041035 0.5753516671875001 0.5038655000000001 0.5738096671874999 0.5429762499999999 0.5753516671875001 0.5421834999999999 0.598839 0.5421834999999999 0.5994736671875 0.5041035
6 0.5486903328125 0.5045795 0.5457143328125 0.542262 0.5702733328125 0.5414695 0.570908 0.5045795 0.5486903328125 0.5045795
6 0.5169509999999999 0.5041035 0.5161903328124999 0.5415475 0.539486 0.5407555000000001 0.541073 0.5038655000000001 0.5169509999999999 0.5041035
6 0.48965500000000006 0.5036275 0.4880953328125 0.54083325 0.5125073328124999 0.5409935 0.513142 0.5038655000000001 0.48965500000000006 0.5036275
6 0.459185 0.5045795 0.4585713328125 0.5419047499999999 0.48362433281249995 0.5412315000000001 0.48451933281250004 0.5034635 0.459185 0.5045795
6 0.430302 0.5045795 0.43047633281250003 0.5419047499999999 0.45378933281249995 0.5417075 0.45378933281249995 0.5043415 0.430302 0.5045795
6 0.40110166718749996 0.5036275 0.4 0.54083325 0.4233193328125 0.5409935 0.424589 0.5043415 0.40110166718749996 0.5036275
6 0.3961903328125 0.5419047499999999 0.3954636671875 0.5036265 0.37261099999999997 0.5036265 0.3713416671875 0.54313475 0.3961903328125 0.5419047499999999
6 0.3424586671875 0.5038644999999999 0.3419046671875 0.5415475 0.366898 0.5419447500000001 0.36880233281249997 0.5045785 0.3424586671875 0.5038644999999999
6 0.312941 0.5043405 0.31357566718749996 0.54170675 0.33678741562500003 0.541880678125 0.33833233281249997 0.5045785 0.312941 0.5043405
6 0.28501 0.5041025 0.284762 0.5415475 0.3069103328125 0.54075475 0.3072276671875 0.5041025 0.28501 0.5041025
6 0.1964566671875 0.54051675 0.21809533281250001 0.54047625 0.217405 0.5029125 0.1948696671875 0.5021985 0.1964566671875 0.54051675
6 0.134882 0.53956475 0.15900399999999998 0.53956475 0.15932166718750002 0.5014845 0.13519933281250002 0.5014845 0.134882 0.53956475
6 0.10568166718750001 0.5014845 0.10761899999999999 0.540119 0.1298036671875 0.53980275 0.12885166718750002 0.5019605 0.10568166718750001 0.5014845
6 0.0774336671875 0.5007705 0.0785713328125 0.53940475 0.0990163328125 0.53908875 0.0980643328125 0.5002945000000001 0.0774336671875 0.5007705
6 0.052994 0.5005325 0.052381 0.539762 0.07711599999999999 0.5402787499999999 0.07489433281249999 0.5005325 0.052994 0.5005325
6 0.967342 0.33779725 0.9933333328125 0.337619 0.9952726671875001 0.295433 0.9692463328124999 0.294957 0.967342 0.33779725
6 0.9423809999999999 0.294762 0.9365546671875 0.33827324999999997 0.960994 0.33803525 0.9638506671875 0.294481 0.9423809999999999 0.294762
6 0.9070370000000001 0.294957 0.9038096671875 0.339762 0.9324286671875001 0.33874925 0.934333 0.294957 0.9070370000000001 0.294957
6 0.8752973328125 0.295433 0.8733930000000001 0.33851125 0.89815 0.33779725 0.9006890000000001 0.296147 0.8752973328125 0.295433
6 0.779444 0.33851125 0.8042856671875 0.33833325 0.8073746671875 0.295433 0.7819833328125 0.294957 0.779444 0.33851125
6 0.7492913328124999 0.295195 0.745238 0.339762 0.7750003328124999 0.34017725 0.7765873328125 0.294719 0.7492913328124999 0.295195
6 0.687082 0.33779725 0.7138096671875 0.337619 0.716917 0.295671 0.6893036671874999 0.294957 0.687082 0.33779725
6 0.6585163328125 0.294481 0.6557143328125 0.339762 0.6826383328125 0.34041525 0.6848603328125 0.295195 0.6585163328125 0.294481
6 0.6299509999999999 0.297099 0.627143 0.34047625 0.6515336671874999 0.33970125 0.6543903328125 0.297337 0.6299509999999999 0.297099
6 0.597259 0.295433 0.5952379999999999 0.34047625 0.6226506671875 0.33922525000000003 0.622968 0.295195 0.597259 0.295433
6 0.5680586671875 0.29590900000000003 0.5661903328125 0.339762 0.591546 0.34041525 0.5944026671875 0.296147 0.5680586671875 0.29590900000000003
6 0.5382236671875 0.296147 0.5338096671875 0.3411905 0.5604413328125 0.34017725 0.5632976671875001 0.29662299999999997 0.5382236671875 0.296147
6 0.508781 0.2960175 0.5061893328125 0.3427055 0.5309986671875 0.3417135 0.5322683328125 0.29720749999999996 0.508781 0.2960175
6 0.3888056671875 0.3393335 0.4135623328125 0.3400475 0.41197533281250004 0.2962555 0.390075 0.2962555 0.3888056671875 0.3393335
6 0.3589703328125 0.2960175 0.357619 0.33797625 0.382775 0.33861949999999996 0.3830923328125 0.2957795 0.3589703328125 0.2960175
6 0.295174 0.3369535 0.3209523328125 0.33690475000000003 0.32247 0.2948275 0.2954913328125 0.2950655 0.295174 0.3369535
6 0.2653386671875 0.2941135 0.2638096671875 0.3365475 0.292 0.3371915 0.2900956671875 0.2957795 0.2653386671875 0.2941135
6 0.23772533281250002 0.2953035 0.2385713328125 0.3365475 0.2602603328125 0.3364775 0.258991 0.2953035 0.23772533281250002 0.2953035
6 0.1463156671875 0.3360015 0.17047633281250002 0.3365475 0.1682156671875 0.2945895 0.143459 0.2943515 0.1463156671875 0.3360015
6 0.0844233328125 0.3352875 0.1114286671875 0.3361905 0.10378466718749998 0.2924475 0.0818843328125 0.29268550000000004 0.0844233328125 0.3352875