8 0.0857863328125 0.578028 0.089318 0.6032015000000001 0.096381 0.6032015000000001 0.0969693328125 0.616745 0.1220823328125 0.61630325 0.1193353328125 0.6026125 0.1132536671875 0.59819625 0.1108993328125 0.5616875 0.1169813328125 0.558596 0.11796199999999998 0.53666125 0.0932416671875 0.53666125 0.0946153328125 0.5549155 0.0879446671875 0.55947925 0.0857863328125 0.578028
8 0.11266499999999999 0.5977545 0.12110133281249999 0.60305425 0.12129733281249999 0.617481 0.14640999999999998 0.6183642500000001 0.1456253328125 0.60128775 0.1407206671875 0.6037902500000001 0.136993 0.565515 0.1450366671875 0.5597735 0.14327099999999998 0.53636675 0.1185203328125 0.5366525 0.1193353328125 0.5549155 0.1124686671875 0.5610985000000001 0.11266499999999999 0.5977545
8 0.162266 0.60559225 0.1693286671875 0.6072115 0.16952499999999998 0.61898875 0.1922833328125 0.61943025 0.192872 0.6078005 0.1893403328125 0.60205925 0.185809 0.5654032499999999 0.190714 0.5583370000000001 0.1895366671875 0.5387575 0.16501266718750002 0.5397879999999999 0.1652086671875 0.55760075 0.1606963328125 0.5649615 0.162266 0.60559225
8 0.18718233281250002 0.6011759999999999 0.193068 0.6057395 0.19365666718750002 0.61766375 0.2156303328125 0.6175165 0.21523799999999998 0.60559225 0.20974466718749998 0.6022062499999999 0.2079786671875 0.5654032499999999 0.2158266671875 0.55539275 0.2146493328125 0.5390520000000001 0.190633 0.53886 0.1916946671875 0.55715925 0.185809 0.5636365 0.18718233281250002 0.6011759999999999
8 0.2087636671875 0.6004397499999999 0.21523799999999998 0.6044145000000001 0.2150416671875 0.61795825 0.23995833281249998 0.617811 0.23995833281249998 0.5988205 0.2328953328125 0.6016174999999999 0.23348399999999997 0.56304775 0.23976199999999998 0.5570120000000001 0.2391736671875 0.53493 0.2146493328125 0.53507725 0.215434 0.55406775 0.2079786671875 0.56348925 0.2087636671875 0.6004397499999999
8 0.6148553328124999 0.59226775 0.614463 0.61096375 0.6350633328125 0.611111 0.6360439999999999 0.59742 0.64193 0.5879985 0.642911 0.557967 0.638987 0.5541395 0.6391833328125001 0.53397125 0.6181596671875 0.533525 0.616425 0.5520785 0.6201526671875001 0.55708375 0.6148553328124999 0.59226775
8 0.643107 0.5844652499999999 0.6354556671875 0.5962425 0.6362403328124999 0.611847 0.6574293328125 0.610522 0.6589986671875 0.59403425 0.6646883328125 0.58505425 0.666454 0.55958625 0.6617453328125 0.55458125 0.663511 0.5348545 0.6415376671875 0.533088 0.638791 0.5528145 0.6427146671874999 0.55708375 0.643107 0.5844652499999999
8 0.666023 0.5803805 0.6599413328125 0.5953962500000001 0.6569983328125 0.6114425 0.6787756671875 0.61188425 0.68113 0.5990765 0.6868196671875 0.589655 0.6901550000000001 0.55947625 0.6840729999999999 0.5532935 0.686231 0.535039 0.6654346671875 0.534303 0.6624916671875 0.553735 0.6662193328125 0.55829875 0.666023 0.5803805
8 0.6879966671875 0.588919 0.6817186671875 0.59701575 0.6797566671874999 0.61188425 0.7007493328125001 0.61100075 0.7038883328125001 0.5953962500000001 0.7097743328125 0.58597475 0.7121286671875 0.55947625 0.7070276671875 0.5532935 0.7084010000000001 0.5363640000000001 0.686348 0.5359165 0.6840729999999999 0.55241 0.6901550000000001 0.55829875 0.6879966671875 0.588919
8 0.7142943328125 0.55770925 0.7093893328124999 0.58494375 0.7033073328125 0.59642625 0.701934 0.61055875 0.7223383328125 0.61026425 0.7286163328125 0.5959847500000001 0.7350906671875 0.5825882499999999 0.736464 0.55770925 0.7290086671875 0.55285125 0.7319516671875 0.5347442499999999 0.7117436671874999 0.53489125 0.7105666671875001 0.535333 0.7072313328125001 0.5512319999999999 0.7142943328125 0.55770925
8 0.7305783328125 0.55005425 0.738426 0.5555012500000001 0.734306 0.58420775 0.7252810000000001 0.597604 0.7233193328125 0.61188375 0.7452926671875 0.61158925 0.7474510000000001 0.59878175 0.757653 0.5958375 0.7615766671875 0.55609 0.7523556671875 0.54975975 0.7549063328125001 0.53003325 0.733197 0.52911 0.7331286671874999 0.52900275 0.7331286671874999 0.52929725 0.7305783328125 0.55005425
6 0.1413333328125 0.11674999999999999 0.1433333328125 0.09175 0.1393333328125 0.089 0.132 0.08725000000000001 0.123 0.087 0.122 0.08875 0.1233333328125 0.11925 0.1316666671875 0.12375 0.1386666671875 0.12525 0.1413333328125 0.11674999999999999
6 0.0956666671875 0.12350000000000001 0.0966666671875 0.09175 0.0923333328125 0.08675000000000001 0.0806666671875 0.08299999999999999 0.076 0.08249999999999999 0.0716666671875 0.08625000000000001 0.07133333281250001 0.10024999999999999 0.074 0.11750000000000001 0.079 0.12125 0.0956666671875 0.12350000000000001
6 0.21833333281249998 0.12725 0.2173333328125 0.09 0.21633333281249997 0.08875 0.20099999999999998 0.08499999999999999 0.1963333328125 0.0915 0.197 0.11975 0.2006666671875 0.13025 0.2166666671875 0.129 0.21833333281249998 0.12725
6 0.2416666671875 0.12725 0.2403333328125 0.0915 0.23700000000000002 0.08975 0.22433333281249998 0.0885 0.22000000000000003 0.0925 0.2213333328125 0.1265 0.22433333281249998 0.1295 0.2396666671875 0.12925 0.2416666671875 0.12725
6 0.2673333328125 0.136 0.2693333328125 0.13425 0.2703333328125 0.11875 0.2693333328125 0.10300000000000001 0.2666666671875 0.094 0.2616666671875 0.08925 0.25466666718750003 0.08725000000000001 0.248 0.0885 0.24500000000000002 0.09425 0.24500000000000002 0.12225 0.24700000000000003 0.1295 0.248 0.131 0.2673333328125 0.136
6 0.3376666671875 0.1145 0.3346666671875 0.0955 0.32999999999999996 0.0935 0.322 0.0925 0.3183333328125 0.0955 0.3183333328125 0.1275 0.3213333328125 0.129 0.3376666671875 0.131 0.3376666671875 0.1145
6 0.314 0.131 0.31433333281250003 0.09925 0.31033333281250003 0.08725000000000001 0.2986666671875 0.0865 0.2966666671875 0.088 0.2936666671875 0.0955 0.29333333281249996 0.12075 0.29500000000000004 0.129 0.2983333328125 0.131 0.314 0.131
6 0.4306666671875 0.13125 0.4313333328125 0.10575000000000001 0.4303333328125 0.09925 0.42699999999999994 0.092 0.42000000000000004 0.0895 0.413 0.091 0.4113333328125 0.094 0.4103333328125 0.10325 0.41 0.122 0.41166666718749995 0.13525 0.42800000000000005 0.13674999999999998 0.4306666671875 0.13125
6 0.45366666718750004 0.10700000000000001 0.45099999999999996 0.09325 0.43933333281250003 0.09175 0.4363333328125 0.0955 0.4346666671875 0.10275000000000001 0.43533333281250003 0.13774999999999998 0.45099999999999996 0.133 0.4523333328125 0.131 0.45366666718750004 0.10700000000000001
6 0.4726666671875 0.1115 0.4703333328125 0.0935 0.46733333281249995 0.092 0.4606666671875 0.09225 0.45866666718750004 0.093 0.458 0.095 0.45899999999999996 0.13725 0.46666666718750005 0.13474999999999998 0.472 0.131 0.4726666671875 0.1115
6 0.4993333328125 0.10600000000000001 0.49833333281250003 0.09875 0.49366666718749996 0.09475 0.4853333328125 0.09375 0.48266666718750006 0.095 0.48 0.09925 0.48 0.12325 0.4823333328125 0.13725 0.49800000000000005 0.1345 0.4993333328125 0.10600000000000001
6 0.5660000000000001 0.131 0.5673333328125 0.12725 0.5686666671875 0.10175000000000001 0.5666666671875 0.0975 0.5636666671875 0.096 0.553 0.09825 0.5513333328125001 0.1025 0.5513333328125001 0.13125 0.5526666671875 0.1335 0.5606666671875 0.1335 0.5660000000000001 0.131
6 0.546 0.13125 0.5466666671875 0.1155 0.5463333328125 0.10175000000000001 0.5446666671875 0.09575 0.5323333328125 0.09475 0.5286666671875 0.0985 0.5269999999999999 0.10400000000000001 0.528 0.135 0.5296666671875 0.13625 0.5446666671875 0.13425 0.546 0.13125
6 0.5226666671875 0.1135 0.5213333328124999 0.09775 0.506 0.09925 0.504 0.1085 0.5036666671875001 0.13474999999999998 0.5056666671875 0.13625 0.5213333328124999 0.13625 0.5226666671875 0.1135
6 0.6146666671875 0.13474999999999998 0.6156666671875 0.1085 0.6153333328125 0.10225 0.6123333328125 0.0965 0.6023333328125 0.09575 0.599 0.097 0.5973333328125 0.0995 0.596 0.11125 0.5943333328125 0.13474999999999998 0.596 0.1365 0.6113333328125 0.13925 0.6146666671875 0.13474999999999998
6 0.6366666671875 0.131 0.6376666671875 0.099 0.635 0.097 0.623 0.09725 0.621 0.09975 0.6196666671875 0.10725 0.6203333328125 0.133 0.6226666671875 0.13474999999999998 0.6343333328125 0.13425 0.6366666671875 0.131
6 0.8163333328125001 0.13899999999999998 0.8193333328125 0.135 0.8223333328125 0.10674999999999998 0.8186666671875 0.10200000000000001 0.8103333328125 0.10075 0.805 0.10325 0.8029999999999999 0.119 0.8026666671875 0.13474999999999998 0.8046666671875 0.13825 0.8103333328125 0.14125000000000001 0.8163333328125001 0.13899999999999998
6 0.7973333328125001 0.13274999999999998 0.7993333328125 0.1075 0.796 0.099 0.791 0.09875 0.784 0.10024999999999999 0.7806666671875 0.1035 0.7796666671875 0.11825000000000001 0.7793333328125 0.1355 0.783 0.13799999999999998 0.7953333328125 0.13674999999999998 0.7973333328125001 0.13274999999999998
6 0.776 0.11274999999999999 0.7733333328125 0.10049999999999999 0.7713333328124999 0.099 0.7596666671875 0.09925 0.755 0.10225 0.7553333328125 0.1385 0.7716666671875 0.13774999999999998 0.775 0.1345 0.776 0.11274999999999999
6 0.7533333328125 0.11025 0.7506666671875 0.09975 0.7473333328125 0.098 0.7373333328125 0.1 0.7336666671875001 0.11074999999999999 0.7333333328125 0.135 0.736 0.1375 0.7516666671875 0.13799999999999998 0.7533333328125 0.11025
6 0.729 0.1355 0.73 0.1165 0.7286666671875001 0.101 0.7246666671875001 0.09775 0.7163333328125 0.0975 0.712 0.09975 0.7106666671874999 0.1025 0.7106666671874999 0.13799999999999998 0.7146666671874999 0.13925 0.7273333328125 0.13774999999999998 0.729 0.1355
6 0.705 0.13874999999999998 0.7073333328125 0.11474999999999999 0.7066666671874999 0.10124999999999999 0.7043333328125 0.0985 0.6966666671875 0.098 0.6900000000000001 0.0995 0.6883333328125001 0.10200000000000001 0.6853333328125 0.1105 0.6856666671875 0.135 0.6883333328125001 0.1365 0.705 0.13874999999999998
6 0.8643333328124999 0.13525 0.8663333328125 0.11274999999999999 0.8653333328124999 0.10425 0.8533333328125 0.10124999999999999 0.85 0.10475000000000001 0.8486666671875 0.135 0.85 0.13674999999999998 0.8613333328125 0.13774999999999998 0.8643333328124999 0.13525
6 0.8859999999999999 0.1385 0.8873333328124999 0.135 0.89 0.10900000000000001 0.89 0.10325 0.8883333328124999 0.10124999999999999 0.8800000000000001 0.1 0.8699999999999999 0.10175000000000001 0.868 0.1065 0.867 0.11875 0.8666666671875 0.13874999999999998 0.8766666671875001 0.143 0.8806666671875 0.14225000000000002 0.8859999999999999 0.1385
6 0.06999999999999999 0.29100000000000004 0.0726666671875 0.288 0.07133333281250001 0.26349999999999996 0.068 0.26025 0.060333332812499994 0.26025 0.05500000000000001 0.262 0.0546666671875 0.27675 0.056333332812500005 0.28775 0.0606666671875 0.29100000000000004 0.06999999999999999 0.29100000000000004
6 0.0913333328125 0.29100000000000004 0.0926666671875 0.28575 0.08966666718750001 0.26349999999999996 0.0876666671875 0.26175000000000004 0.0806666671875 0.25975000000000004 0.076 0.25925 0.0753333328125 0.2605 0.0743333328125 0.26375000000000004 0.076 0.2905 0.0786666671875 0.2915 0.0913333328125 0.29100000000000004
6 0.11133333281249999 0.2605 0.0996666671875 0.2585 0.097 0.2625 0.0993333328125 0.292 0.119 0.29300000000000004 0.1203333328125 0.26349999999999996 0.11133333281249999 0.2605
6 0.1496666671875 0.29425 0.1503333328125 0.28525 0.1463333328125 0.262 0.1386666671875 0.2585 0.1346666671875 0.25825 0.1233333328125 0.261 0.1213333328125 0.26525 0.123 0.294 0.1426666671875 0.29775 0.147 0.29725 0.1496666671875 0.29425
6 0.1863333328125 0.28650000000000003 0.184 0.264 0.1816666671875 0.26275 0.1696666671875 0.26175000000000004 0.1696666671875 0.2915 0.17333333281250002 0.294 0.1853333328125 0.29474999999999996 0.1863333328125 0.28650000000000003
6 0.25666666718750003 0.29025 0.254 0.26725 0.24933333281249997 0.26425 0.23900000000000002 0.26349999999999996 0.24100000000000002 0.2945 0.244 0.29674999999999996 0.2556666671875 0.29625 0.25666666718750003 0.29025
6 0.2813333328125 0.29500000000000004 0.2796666671875 0.27375 0.27599999999999997 0.26549999999999996 0.271 0.2645 0.2673333328125 0.26575000000000004 0.2653333328125 0.2745 0.2656666671875 0.29275 0.2713333328125 0.29700000000000004 0.2793333328125 0.29674999999999996 0.2813333328125 0.29500000000000004
6 0.3043333328125 0.29575 0.304 0.275 0.3016666671875 0.26725 0.2986666671875 0.26475 0.29100000000000004 0.2645 0.2866666671875 0.26625 0.2853333328125 0.2705 0.2863333328125 0.29625 0.288 0.2975 0.3026666671875 0.29825 0.3043333328125 0.29575
6 0.3266666671875 0.28125 0.323 0.26625 0.322 0.26525 0.313 0.26525 0.31 0.2665 0.3086666671875 0.27025 0.3086666671875 0.2915 0.31 0.29775 0.3263333328125 0.29900000000000004 0.3266666671875 0.28125
6 0.3493333328125 0.29975 0.351 0.29874999999999996 0.3506666671875 0.27125 0.3493333328125 0.26775000000000004 0.3456666671875 0.26525 0.3373333328125 0.26475 0.333 0.266 0.3313333328125 0.2685 0.331 0.28450000000000003 0.3326666671875 0.29825 0.33399999999999996 0.2995 0.3493333328125 0.29975
6 0.374 0.2985 0.371 0.2685 0.369 0.26575000000000004 0.36066666718749996 0.2645 0.356 0.2665 0.3546666671875 0.26949999999999996 0.3556666671875 0.2975 0.3586666671875 0.3 0.3723333328125 0.2995 0.374 0.2985
6 0.3963333328125 0.29874999999999996 0.396 0.274 0.3946666671875 0.268 0.3923333328125 0.26549999999999996 0.3843333328125 0.26475 0.3786666671875 0.2665 0.377 0.2685 0.377 0.298 0.3803333328125 0.2995 0.393 0.30025 0.3963333328125 0.29874999999999996
6 0.41900000000000004 0.27425 0.417 0.26749999999999996 0.41333333281250006 0.26575000000000004 0.404 0.26525 0.40133333281250005 0.26749999999999996 0.4 0.27149999999999996 0.4 0.29874999999999996 0.41633333281249996 0.3 0.4186666671875 0.29874999999999996 0.41900000000000004 0.27425
6 0.43933333281250003 0.303 0.441 0.2995 0.44166666718750003 0.27599999999999997 0.4403333328125 0.26749999999999996 0.43899999999999995 0.26575000000000004 0.43566666718749997 0.26475 0.42433333281249996 0.26475 0.4216666671875 0.26675 0.421 0.271 0.421 0.29375 0.4223333328125 0.3 0.42366666718749996 0.3015 0.43933333281250003 0.303
6 0.46299999999999997 0.29900000000000004 0.4636666671875 0.27349999999999997 0.462 0.268 0.45866666718750004 0.26575000000000004 0.4493333328125 0.265 0.4463333328125 0.26725 0.445 0.273 0.44566666718750003 0.29825 0.45099999999999996 0.30125 0.4606666671875 0.30074999999999996 0.46299999999999997 0.29900000000000004
6 0.4843333328125 0.2745 0.48266666718750006 0.268 0.4783333328125 0.26325 0.47000000000000003 0.26525 0.46699999999999997 0.27325 0.46666666718750005 0.2995 0.4823333328125 0.29975 0.4843333328125 0.2965 0.4843333328125 0.2745
6 0.5056666671875 0.302 0.5063333328125 0.27025 0.5056666671875 0.26875 0.5033333328125 0.26825 0.49866666718749997 0.26825 0.49400000000000005 0.27 0.4933333328125 0.27725 0.4956666671875 0.29525 0.49800000000000005 0.3005 0.5056666671875 0.302
6 0.5296666671875 0.29874999999999996 0.529 0.26925 0.5253333328124999 0.26575000000000004 0.5173333328124999 0.26525 0.5136666671875 0.26725 0.512 0.27175 0.5113333328125 0.29900000000000004 0.5173333328124999 0.30125 0.5256666671875 0.30125 0.5296666671875 0.29874999999999996
6 0.5519999999999999 0.27549999999999997 0.5506666671875 0.26925 0.548 0.26675 0.5366666671875 0.26675 0.5333333328125 0.27125 0.533 0.29874999999999996 0.5486666671875 0.301 0.5506666671875 0.29925 0.5519999999999999 0.27549999999999997
6 0.5723333328125 0.29925 0.5730000000000001 0.27425 0.5716666671875 0.27075 0.5683333328125 0.267 0.5573333328125 0.26749999999999996 0.5553333328125001 0.26975 0.5543333328125 0.27525 0.5543333328125 0.2985 0.5643333328125 0.301 0.5700000000000001 0.301 0.5723333328125 0.29925
6 0.5943333328125 0.29874999999999996 0.5946666671874999 0.271 0.588 0.2665 0.58 0.26725 0.576 0.275 0.576 0.29925 0.5806666671875 0.301 0.592 0.30074999999999996 0.5943333328125 0.29874999999999996
6 0.615 0.30225 0.617 0.29900000000000004 0.6166666671875001 0.27 0.6113333328125 0.2665 0.6033333328125 0.268 0.6006666671875001 0.2705 0.6 0.27425 0.599 0.29900000000000004 0.6013333328125 0.301 0.607 0.30225 0.615 0.30225
6 0.638 0.29874999999999996 0.6386666671875 0.27949999999999997 0.6356666671875 0.26949999999999996 0.6306666671875 0.26725 0.6256666671875 0.2685 0.6236666671875 0.27025 0.6213333328124999 0.27749999999999997 0.6216666671875 0.2995 0.623 0.30125 0.635 0.30125 0.638 0.29874999999999996
6 0.679 0.30175 0.6806666671875 0.29975 0.6816666671875 0.274 0.6803333328125001 0.27075 0.678 0.269 0.6696666671875 0.26925 0.6676666671875 0.27149999999999996 0.6666666671875 0.27749999999999997 0.6653333328125 0.29825 0.6673333328125 0.301 0.6736666671875 0.30375 0.679 0.30175
6 0.661 0.29874999999999996 0.661 0.27425 0.6596666671875 0.27175 0.6543333328125 0.26825 0.6496666671875 0.26775000000000004 0.6446666671875 0.27149999999999996 0.6426666671875 0.29075 0.643 0.29975 0.646 0.3015 0.658 0.30325 0.661 0.29874999999999996
6 0.8533333328125 0.29900000000000004 0.8560000000000001 0.27549999999999997 0.8553333328124999 0.27075 0.8533333328125 0.26949999999999996 0.842 0.2705 0.8396666671874999 0.275 0.8393333328124999 0.2805 0.8386666671875 0.2995 0.8416666671874999 0.30474999999999997 0.8456666671875 0.305 0.8533333328125 0.29900000000000004
6 0.8333333328125001 0.29874999999999996 0.835 0.27525 0.8336666671874999 0.27175 0.8300000000000001 0.26975 0.8223333328125 0.26825 0.8193333328125 0.269 0.8173333328125001 0.27125 0.8166666671874999 0.279 0.8153333328124999 0.29874999999999996 0.8183333328125 0.30125 0.8300000000000001 0.3025 0.8333333328125001 0.29874999999999996
6 0.8103333328125 0.29874999999999996 0.8116666671875 0.27925 0.8103333328125 0.26925 0.8066666671875 0.26749999999999996 0.7993333328125 0.268 0.7963333328125 0.27 0.7943333328125 0.2745 0.7943333328125 0.29900000000000004 0.7983333328125 0.3015 0.808 0.30125 0.8103333328125 0.29874999999999996
6 0.79 0.29874999999999996 0.7916666671875 0.27825 0.7903333328125 0.27075 0.7876666671875 0.26875 0.7796666671875 0.26625 0.773 0.26749999999999996 0.7703333328124999 0.27975 0.7706666671875 0.30225 0.7826666671875 0.30375 0.787 0.30274999999999996 0.79 0.29874999999999996
6 0.769 0.27149999999999996 0.768 0.269 0.7666666671875 0.268 0.7556666671875 0.26775000000000004 0.7533333328125 0.271 0.7523333328125 0.29900000000000004 0.755 0.30025 0.767 0.3005 0.769 0.27149999999999996
10 0.0927536671875 0.42257825000000004 0.2569453328125 0.42067825000000003 0.2518803328125 0.3823625 0.0931756671875 0.38077925 0.0830456671875 0.38711225 0.0864223328125 0.416245 0.0927536671875 0.42257825000000004
10 0.335137 0.42289875 0.3803003328125 0.42384875 0.3819886671875 0.38363274999999997 0.3308106671875 0.38193575 0.32922766718749996 0.38743275 0.330494 0.41434875 0.335137 0.42289875
10 0.5242316671875 0.38331624999999997 0.46376799999999996 0.38272724999999996 0.4634513328125 0.425432 0.5229656671875 0.425432 0.5242316671875 0.38331624999999997
10 0.6305976671875 0.39439925 0.6246883328124999 0.3839495 0.5661240000000001 0.3811445 0.563908 0.427332 0.6251106671875 0.4266985 0.6305976671875 0.39439925
10 0.643788 0.42645900000000003 0.6720676671875 0.4261425 0.673756 0.42139249999999995 0.678399 0.3906765 0.673334 0.38402675 0.6463203328125 0.38391425 0.6501193328125 0.3897265 0.6471646671875 0.41885925 0.643788 0.42645900000000003
10 0.6838863328125 0.4261425 0.746355 0.4261425 0.7497316671875 0.41980924999999997 0.7543746671875 0.39036 0.7497316671875 0.3824435 0.6851523328125 0.3824435 0.6914836671875 0.39036 0.6910616671875001 0.41790925 0.6838863328125 0.4261425
10 0.141188 0.49103075 0.14962966718749998 0.49673049999999996 0.3074903328125 0.49483050000000006 0.3091786671875 0.45461475 0.1521623328125 0.4539815 0.1483636671875 0.45334825 0.13738933281250001 0.463798 0.141188 0.49103075
10 0.32384599999999997 0.49704625 0.7636606671874999 0.49799625000000003 0.766193 0.4913465 0.7687256671875 0.46031374999999997 0.7560629999999999 0.4549305 0.3244793328125 0.453163 0.3175146671875 0.4606305 0.3196253328125 0.4903965 0.32384599999999997 0.49704625
8 0.3491686671875 0.5765327499999999 0.3491686671875 0.58374825 0.3505933328125 0.5898945 0.3527306671875 0.61608325 0.37624 0.61554875 0.3757056671875 0.6033897500000001 0.3733903328125 0.56303775 0.37534966718749996 0.55502075 0.37624 0.53578 0.3513056671875 0.5355075 0.35166200000000003 0.55515425 0.3491686671875 0.558361 0.3491686671875 0.5765327499999999
8 0.375884 0.6154152500000001 0.3985026671875 0.6152815 0.3979683328125 0.56437375 0.3995713328125 0.5564905 0.3999276671875 0.5359135 0.376062 0.53551275 0.37624 0.5556887500000001 0.37410299999999996 0.560098 0.375884 0.6154152500000001
8 0.398681 0.6158159999999999 0.42165600000000003 0.6156825 0.42183400000000004 0.60392425 0.4221903328125 0.56557625 0.423259 0.5558222500000001 0.4241493328125 0.5367152500000001 0.3998386671875 0.5361754999999999 0.399037 0.55448625 0.3979683328125 0.5621022499999999 0.398681 0.6158159999999999
8 0.42094366718750004 0.615148 0.44356266718750004 0.61488075 0.445878 0.56330475 0.445878 0.558361 0.448015 0.53738325 0.4237933328125 0.5363145 0.423259 0.55274925 0.4221903328125 0.5621022499999999 0.42094366718750004 0.615148
8 0.44320633281250005 0.61488075 0.4663596671875 0.615148 0.4667156671875 0.59376925 0.46831866718750004 0.5881575 0.470456 0.53724975 0.4474806671875 0.53684325 0.44569966718750004 0.5534172500000001 0.4471246671875 0.56036525 0.44320633281250005 0.61488075
8 0.4884443328125 0.6052602499999999 0.49182800000000004 0.6009845 0.49360933281249997 0.56143425 0.4921843328125 0.552081 0.493253 0.5324395 0.470634 0.5317715 0.46725000000000005 0.615148 0.49040333281250004 0.61554875 0.4884443328125 0.6052602499999999
2 0.4920063328125 0.601851 0.49058133281250005 0.61467825 0.5342163328125 0.61467825 0.5343943328125 0.60292 0.5374223328125 0.60292 0.5393813328125 0.5616325 0.5367096671875 0.5536155 0.5381346671875 0.533306 0.4939653328125 0.53263775 0.49182800000000004 0.5529474999999999 0.493431 0.5584257499999999 0.4920063328125 0.601851
9 0.46050500000000005 0.73737975 0.5441543328125 0.73608025 0.5444016671874999 0.728839 0.5461343328125 0.72791075 0.5483616671875 0.69207675 0.5468766671874999 0.68465 0.5473716671875 0.665712 0.4627323328125 0.66664025 0.461 0.6822364999999999 0.4624846671875 0.6918912500000001 0.46050500000000005 0.73737975
9 0.5479283328125 0.72554125 0.5444636671875001 0.728512 0.5447110000000001 0.7353815 0.628113 0.73445325 0.6283606671874999 0.7264695 0.632073 0.7242415 0.6355376671874999 0.689893 0.6310830000000001 0.68302325 0.6325676671875 0.6655705000000001 0.547248 0.66616375 0.546691 0.683766 0.548671 0.69026425 0.5479283328125 0.72554125
9 0.6337433328125 0.7241925 0.6287936671875001 0.7264204999999999 0.6282986671875 0.73496125 0.7112056671875 0.7325475 0.711948 0.724935 0.7171453328124999 0.723264 0.7218473328125 0.68798725 0.715908 0.68204575 0.7183826671875 0.66422175 0.6332483328125 0.6649642499999999 0.6327533328125 0.6816745 0.6347333328125 0.68817275 0.6337433328125 0.7241925
9 0.7173926671874999 0.7236355 0.7112056671875 0.72567775 0.7104633328125 0.73180475 0.7921326671875 0.73217625 0.7936176671874999 0.7247494999999999 0.7990623328125 0.72289275 0.8052493328124999 0.68705875 0.798815 0.679075 0.7990623328125 0.6625507500000001 0.7180113328125 0.6640755 0.715908 0.680746 0.7225900000000001 0.6872445 0.7173926671874999 0.7236355
1 0.6304593328125 0.8434967500000001 0.6261823328125 0.83900425 0.6253266671875 0.8497005 0.7048826671875 0.84756125 0.7060233328125001 0.8430687499999999 0.711156 0.8430687499999999 0.7165736671875 0.8092689999999999 0.7100153328125 0.8011397499999999 0.7100153328125 0.78274225 0.6287486671875 0.7835832500000001 0.6287486671875 0.8022095 0.633311 0.8105525 0.6304593328125 0.8434967500000001
1 0.7125816671874999 0.8415715 0.707164 0.84221325 0.7048826671875 0.8471335 0.783298 0.8462777499999999 0.785009 0.83943225 0.7924226671875 0.8405017499999999 0.7964146671875 0.80798525 0.7915673328125 0.7975030000000001 0.7915673328125 0.78167275 0.711441 0.7822465000000001 0.7117263328125001 0.8000702499999999 0.715433 0.80862725 0.7125816671874999 0.8415715
8 0.1139673328125 0.7343787500000001 0.12291099999999999 0.734187 0.12291099999999999 0.742622 0.1668623328125 0.742047 0.166607 0.73399525 0.1609853328125 0.732845 0.157919 0.695079 0.1650736671875 0.68798575 0.1650736671875 0.6709240000000001 0.11907799999999999 0.6711155 0.11780033281249999 0.68798575 0.1121786671875 0.6966125 0.1139673328125 0.7343787500000001
8 0.1604743328125 0.73227 0.166607 0.7349537500000001 0.1668623328125 0.7422385 0.2120916671875 0.7412799999999999 0.2120916671875 0.73303675 0.20570333281250003 0.73131125 0.205448 0.695654 0.2092806671875 0.6881775 0.20902533281250002 0.6711155 0.1644986671875 0.6712987499999999 0.1655846671875 0.686452 0.15843000000000002 0.69450375 0.1604743328125 0.73227
8 0.205959 0.73111975 0.211836 0.73342025 0.21158066718750002 0.74089675 0.2568096671875 0.7403215000000001 0.2557876671875 0.73342025 0.2514436671875 0.73131125 0.2504213328125 0.69680425 0.2547656671875 0.6876022500000001 0.253488 0.6711155 0.208578 0.6712987499999999 0.210303 0.687219 0.205448 0.6964207499999999 0.205959 0.73111975
8 0.25093266718749996 0.730928 0.2562986671875 0.73399525 0.2570653328125 0.7410885 0.3007613328125 0.73955475 0.299228 0.7272855 0.2956506671875 0.73073625 0.294373 0.69622925 0.298717 0.689711 0.298717 0.6703487499999999 0.2529766671875 0.6708197499999999 0.2547656671875 0.687794 0.2499103328125 0.6958457499999999 0.25093266718749996 0.730928