10 0.6882996671875 0.31821675 0.691078 0.31343925 0.691657 0.29180975 0.689689 0.28764025000000004 0.677808 0.287459 0.6777650000000001 0.28746649999999996 0.6760283328125001 0.31760875 0.6882996671875 0.31821675
10 0.6725093328125 0.396109 0.670246 0.40031774999999997 0.68668 0.4004655 0.689632 0.39647825000000003 0.6904193328125 0.37558199999999997 0.6887463328125001 0.371521 0.6712303328125 0.37144699999999997 0.6713286671875001 0.371521 0.6731983328125 0.375139 0.6725093328125 0.396109
0 0.4710706671875 0.36841975 0.47331066718750003 0.36718700000000004 0.47360933281250006 0.40124924999999995 0.4710706671875 0.4014735 0.47122 0.4090925 0.4691293328125 0.4090925 0.4692786671875 0.41951299999999997 0.5027280000000001 0.41940075 0.5024293328125 0.41010099999999994 0.5045196671875 0.40864425000000004 0.5045196671875 0.403042 0.506461 0.4019215 0.5067596671875 0.36897975 0.5043703328125 0.36696300000000004 0.5039223328125 0.362257 0.5021306671875 0.36147275 0.5021306671875 0.35318125 0.46843966718749996 0.35314999999999996 0.4688306671875 0.3633775 0.47092133281250004 0.36124875 0.4710706671875 0.36841975
0 0.6929376671874999 0.36343375 0.693535 0.36926025 0.7001053328125 0.36802775 0.6989106671875 0.400185 0.6923403328125 0.40209 0.6924896671874999 0.40836449999999996 0.6859193328125001 0.40870075000000006 0.684874 0.419345 0.717875 0.419233 0.717875 0.40903675 0.724296 0.40881274999999995 0.7241466671875 0.40164175 0.7311650000000001 0.40063325 0.7328076671875 0.36836375 0.7250426671875 0.3675795 0.724744 0.36377000000000004 0.7190696671875 0.36264949999999996 0.7195176671875 0.35480625 0.6877113328125 0.354246 0.6877113328125 0.35447 0.6878606671874999 0.3650025 0.6929376671874999 0.36343375
0 0.7248933328125 0.36713125 0.7323596671875 0.36825175 0.7322103328125 0.400073 0.7251920000000001 0.40197775 0.7244453328125 0.4081405 0.7180243328125 0.409373 0.7181736671875 0.41867275 0.7496816671875 0.41856075 0.749831 0.40914875000000006 0.7561026671875 0.40769225000000003 0.7568493328125 0.40209 0.7646143328125 0.40085750000000003 0.7662566671875 0.36881200000000003 0.757596 0.3674675 0.7578946671875 0.36354575 0.7510256671875 0.36220125 0.7517723328125 0.35480625 0.7195363328125 0.35469025 0.7198163328125 0.3625375 0.724744 0.36399400000000004 0.7248933328125 0.36713125
0 0.7577453328125 0.3672435 0.7662566671875 0.368924 0.7659583328124999 0.399961 0.756252 0.40175375 0.756252 0.407132 0.7504283328125 0.40914875000000006 0.7496816671875 0.41833675000000003 0.7813386671875 0.41844875000000004 0.781936 0.40914875000000006 0.7889543328124999 0.40769225000000003 0.7885063328124999 0.40074525000000005 0.7977646671875 0.40063325 0.798362 0.3678035 0.7891036671875 0.3672435 0.7895516671875 0.3629855 0.7829813328124999 0.36197725 0.7829813328124999 0.35480625 0.7518333328125 0.35469025 0.751623 0.36197725 0.7581933328125 0.36332175 0.7577453328125 0.3672435
0 0.5957446671875 0.3347165 0.612714 0.335366 0.6232763328125001 0.31691625 0.6231033328125 0.28261525 0.6146186671875 0.27365025 0.5979673328125 0.27312474999999997 0.607173 0.2822255 0.604056 0.317436 0.5957446671875 0.3347165
0 0.6232763328125001 0.31691625 0.6130603328124999 0.335626 0.6300296671875001 0.33601575 0.6412846671875 0.31821575 0.6409386671874999 0.283135 0.6334926671875001 0.27404 0.6152856671875 0.2734495 0.6154843328124999 0.27378025 0.6243153328125 0.28300525 0.6232763328125001 0.31691625
0 0.6307223328125 0.33601575 0.646826 0.335756 0.6591199999999999 0.317566 0.659293 0.28391475 0.651328 0.2743 0.633839 0.27391025 0.6419773328125 0.283265 0.6421506671875 0.31704625000000003 0.6307223328125 0.33601575
0 0.6489036671874999 0.33588575 0.6632756671875 0.3364055 0.6759163328125 0.31808575 0.6773013328124999 0.28391475 0.6682973328124999 0.27443 0.6514383328125 0.27393649999999997 0.6599856671875 0.28391475 0.6598126671875 0.317436 0.6489036671874999 0.33588575
0 0.714325 0.28423775 0.7048013328125 0.27527275 0.687820025 0.2752359953125 0.697009 0.283978 0.6949313328125 0.31736949999999997 0.6841956671875 0.33490975 0.70255 0.33555925000000003 0.7129396671875 0.318279 0.714325 0.28423775
0 0.703416 0.33581925 0.7179610000000001 0.33594925 0.7325063328125 0.31775925 0.7319869999999999 0.28423775 0.7224633328125 0.27540275 0.7055589999999999 0.275398 0.7153636671875 0.28423775 0.7138053328125 0.31762925000000003 0.703416 0.33581925
0 0.7191733328125001 0.336209 0.7359693328125 0.33581925 0.749822 0.318149 0.7512073328125 0.285927 0.7411643328124999 0.27527275 0.723527 0.275398 0.7328526671875 0.28410799999999997 0.7326793328125001 0.31749925 0.7191733328125001 0.336209
6 0.2596666671875 0.302 0.264 0.29900000000000004 0.264 0.28225 0.26033333281250004 0.27949999999999997 0.2556666671875 0.27925 0.2526666671875 0.28250000000000003 0.25166666718749997 0.28650000000000003 0.252 0.29925 0.254 0.3015 0.2596666671875 0.302
6 0.2803333328125 0.3 0.2806666671875 0.28250000000000003 0.279 0.28025 0.2706666671875 0.27949999999999997 0.2683333328125 0.28275 0.268 0.3 0.2713333328125 0.30325 0.27799999999999997 0.30175 0.2803333328125 0.3
6 0.2946666671875 0.3025 0.29700000000000004 0.301 0.2976666671875 0.28250000000000003 0.29500000000000004 0.27999999999999997 0.2886666671875 0.27925 0.2856666671875 0.27975 0.284 0.28250000000000003 0.2836666671875 0.2995 0.28700000000000003 0.304 0.29 0.30274999999999996 0.2946666671875 0.3025
6 0.315 0.28300000000000003 0.314 0.28175 0.308 0.28025 0.304 0.28025 0.3023333328125 0.28125 0.3026666671875 0.3015 0.31 0.30074999999999996 0.31433333281250003 0.302 0.315 0.28300000000000003
6 0.33166666718750004 0.29925 0.3313333328125 0.28275 0.3303333328125 0.2805 0.32599999999999996 0.27925 0.3186666671875 0.28325 0.319 0.3025 0.32166666718750003 0.3035 0.32999999999999996 0.3035 0.33166666718750004 0.29925
6 0.3456666671875 0.305 0.3486666671875 0.303 0.3493333328125 0.30074999999999996 0.3486666671875 0.28325 0.3456666671875 0.28125 0.33799999999999997 0.281 0.33599999999999997 0.28275 0.3353333328125 0.28675 0.335 0.29900000000000004 0.33599999999999997 0.3025 0.3376666671875 0.304 0.3456666671875 0.305
6 0.36633333281249997 0.3005 0.367 0.28700000000000003 0.3656666671875 0.2835 0.3643333328125 0.28225 0.3566666671875 0.281 0.3533333328125 0.28250000000000003 0.3523333328125 0.28500000000000003 0.3526666671875 0.30375 0.356 0.30525 0.3643333328125 0.30474999999999997 0.36633333281249997 0.3005
6 0.5936666671874999 0.30674999999999997 0.5936666671874999 0.29025 0.591 0.28675 0.5833333328125 0.28650000000000003 0.5806666671875 0.28775 0.5803333328125 0.30674999999999997 0.584 0.31 0.5916666671875 0.3085 0.5936666671874999 0.30674999999999997
6 0.5796666671875 0.30724999999999997 0.5783333328125 0.28725 0.5753333328125 0.28575 0.5683333328125 0.28525 0.5653333328125 0.28675 0.5653333328125 0.3065 0.568 0.30975 0.5783333328125 0.30825 0.5796666671875 0.30724999999999997
6 0.5626666671875 0.30674999999999997 0.563 0.30074999999999996 0.562 0.2885 0.5603333328125 0.28625 0.5563333328125 0.28700000000000003 0.5526666671875 0.28500000000000003 0.55 0.288 0.55 0.30674999999999997 0.5523333328125 0.309 0.561 0.30775 0.5626666671875 0.30674999999999997
6 0.5476666671875 0.30674999999999997 0.5466666671875 0.28825 0.5446666671875 0.28650000000000003 0.5366666671875 0.28625 0.534 0.28725 0.5336666671875 0.3065 0.537 0.30874999999999997 0.546 0.30775 0.5476666671875 0.30674999999999997
6 0.5306666671875 0.30775 0.5316666671875 0.30674999999999997 0.5316666671875 0.30025 0.5303333328125001 0.2875 0.5266666671875 0.286 0.521 0.28650000000000003 0.5193333328125 0.2875 0.518 0.29075 0.5186666671875 0.3035 0.5176666671875 0.30674999999999997 0.521 0.3095 0.5306666671875 0.30775
6 0.517 0.3065 0.5166666671875 0.2985 0.516 0.29 0.5143333328125 0.28825 0.5053333328125 0.29075 0.5043333328124999 0.29825 0.504 0.3065 0.5056666671875 0.30924999999999997 0.5156666671875 0.30775 0.517 0.3065
6 0.5003333328124999 0.30425 0.4996666671875 0.29474999999999996 0.49800000000000005 0.2905 0.49366666718749996 0.29 0.49066666718749996 0.2915 0.48733333281249996 0.29500000000000004 0.487 0.29725 0.487 0.307 0.48966666718749996 0.309 0.49800000000000005 0.30825 0.5003333328124999 0.30425
6 0.47366666718749995 0.308 0.48266666718750006 0.30724999999999997 0.4836666671875 0.30625 0.4836666671875 0.2935 0.4823333328125 0.28700000000000003 0.4756666671875 0.2855 0.47000000000000003 0.28625 0.4693333328125 0.28700000000000003 0.4716666671875 0.2905 0.471 0.3065 0.47366666718749995 0.308
6 0.46266666718750005 0.308 0.46666666718750005 0.3065 0.46666666718750005 0.29474999999999996 0.465 0.29175 0.4646666671875 0.28700000000000003 0.46266666718750005 0.2855 0.4573333328125 0.28500000000000003 0.45466666718750004 0.28500000000000003 0.453 0.28700000000000003 0.4526666671875 0.3025 0.45366666718750004 0.30625 0.45499999999999996 0.3075 0.46266666718750005 0.308
6 0.38333333281250004 0.305 0.384 0.30274999999999996 0.38366666718750003 0.28525 0.381 0.28250000000000003 0.374 0.28175 0.371 0.28300000000000003 0.37 0.28525 0.37066666718749997 0.3045 0.37266666718749997 0.306 0.38133333281250004 0.30625 0.38333333281250004 0.305
6 0.44733333281250004 0.3085 0.4503333328125 0.3065 0.44966666718750004 0.28525 0.44699999999999995 0.28275 0.445 0.2835 0.43933333281250003 0.28300000000000003 0.437 0.28575 0.43666666718749997 0.3035 0.4376666671875 0.306 0.43899999999999995 0.3075 0.44733333281250004 0.3085
6 0.4313333328125 0.30924999999999997 0.434 0.304 0.43333333281249997 0.28525 0.43166666718749996 0.28325 0.42366666718749996 0.28325 0.4206666671875 0.28525 0.421 0.30525 0.42366666718749996 0.308 0.42766666718749996 0.3075 0.4313333328125 0.30924999999999997
6 0.41566666718749995 0.308 0.4176666671875 0.30425 0.41633333281249996 0.28375 0.41566666718749995 0.28300000000000003 0.40800000000000003 0.28300000000000003 0.4046666671875 0.28500000000000003 0.4046666671875 0.3045 0.40800000000000003 0.307 0.4113333328125 0.3065 0.41566666718749995 0.308
6 0.4 0.30575 0.40099999999999997 0.30274999999999996 0.40033333281249994 0.284 0.393 0.282 0.3886666671875 0.28225 0.3876666671875 0.2835 0.387 0.2995 0.388 0.3045 0.3906666671875 0.30575 0.4 0.30575
6 0.4313333328125 0.39449999999999996 0.43333333281249997 0.391 0.4336666671875 0.37875000000000003 0.43666666718749997 0.373 0.43533333281250003 0.3695 0.43200000000000005 0.36625 0.42800000000000005 0.3655 0.42300000000000004 0.3655 0.4176666671875 0.3685 0.421 0.39175 0.42366666718749996 0.39425 0.42833333281249997 0.3935 0.4313333328125 0.39449999999999996
6 0.4183333328125 0.38849999999999996 0.4176666671875 0.371 0.41600000000000004 0.36924999999999997 0.4143333328125 0.36924999999999997 0.4073333328125 0.37 0.40499999999999997 0.372 0.40599999999999997 0.39125 0.40800000000000003 0.3935 0.41566666718749995 0.39225 0.4183333328125 0.38849999999999996
6 0.4 0.39375 0.4016666671875 0.38875000000000004 0.4016666671875 0.3735 0.40033333281249994 0.369 0.3963333328125 0.3685 0.391 0.3695 0.3883333328125 0.3725 0.388 0.3845 0.38933333281250004 0.392 0.3923333328125 0.39375 0.4 0.39375
6 0.33599999999999997 0.38875000000000004 0.3356666671875 0.37025 0.33366666718750004 0.368 0.3306666671875 0.369 0.32566666718750004 0.36825 0.323 0.37 0.323 0.38849999999999996 0.32599999999999996 0.391 0.33399999999999996 0.39075000000000004 0.33599999999999997 0.38875000000000004
6 0.318 0.389 0.318 0.37025 0.3063333328125 0.3695 0.305 0.37225 0.3056666671875 0.38975 0.307 0.391 0.3163333328125 0.391 0.318 0.389
6 0.2986666671875 0.384 0.29933333281249996 0.37525 0.29933333281249996 0.3685 0.2966666671875 0.363 0.2946666671875 0.36124999999999996 0.28700000000000003 0.36124999999999996 0.284 0.36524999999999996 0.2833333328125 0.369 0.2833333328125 0.38525 0.2866666671875 0.387 0.296 0.3865 0.2986666671875 0.384
6 0.2803333328125 0.38275000000000003 0.2803333328125 0.365 0.279 0.36375 0.268 0.36175 0.266 0.365 0.266 0.385 0.2673333328125 0.38675000000000004 0.279 0.38625 0.2803333328125 0.38275000000000003
6 0.263 0.38475000000000004 0.2646666671875 0.36475 0.263 0.36324999999999996 0.25166666718749997 0.36 0.24900000000000003 0.36324999999999996 0.2483333328125 0.36625 0.24866666718750002 0.38475000000000004 0.25166666718749997 0.38725 0.2606666671875 0.38675000000000004 0.263 0.38475000000000004
6 0.2436666671875 0.38625 0.2456666671875 0.38475000000000004 0.2463333328125 0.38125 0.24533333281249997 0.37525 0.246 0.36475 0.24133333281249997 0.36124999999999996 0.2366666671875 0.36 0.2326666671875 0.362 0.23133333281250001 0.364 0.231 0.37725 0.2326666671875 0.38425 0.2363333328125 0.387 0.2436666671875 0.38625
6 0.22033333281249998 0.49800000000000005 0.2193333328125 0.48600000000000004 0.2166666671875 0.4845 0.20866666718750002 0.4845 0.2066666671875 0.48925 0.2066666671875 0.50125 0.20800000000000002 0.50575 0.2193333328125 0.50575 0.22033333281249998 0.49800000000000005
6 0.23566666718749998 0.48624999999999996 0.23333333281250002 0.48425 0.2293333328125 0.4835 0.2253333328125 0.48375 0.22400000000000003 0.48525 0.22433333281249998 0.50575 0.23500000000000001 0.50525 0.2363333328125 0.49850000000000005 0.23566666718749998 0.48624999999999996
6 0.25033333281250003 0.48375 0.24266666718750002 0.483 0.24066666718750002 0.48375 0.2396666671875 0.48650000000000004 0.24 0.5055 0.25166666718749997 0.505 0.2536666671875 0.48624999999999996 0.25033333281250003 0.48375
6 0.2706666671875 0.50075 0.271 0.485 0.268 0.48274999999999996 0.2596666671875 0.48274999999999996 0.25666666718750003 0.48575 0.25666666718750003 0.50325 0.259 0.50525 0.2676666671875 0.505 0.2706666671875 0.50075
6 0.2843333328125 0.50475 0.2863333328125 0.50275 0.2873333328125 0.49775 0.28700000000000003 0.4845 0.28300000000000003 0.48274999999999996 0.2766666671875 0.48274999999999996 0.2736666671875 0.484 0.2726666671875 0.48550000000000004 0.2733333328125 0.50275 0.2763333328125 0.50475 0.2843333328125 0.50475
6 0.318 0.5042500000000001 0.3183333328125 0.4845 0.3063333328125 0.484 0.3056666671875 0.48975 0.307 0.5035000000000001 0.31 0.50475 0.318 0.5042500000000001
6 0.3023333328125 0.50175 0.30333333281249997 0.48624999999999996 0.3016666671875 0.48200000000000004 0.29900000000000004 0.47975 0.29500000000000004 0.48 0.2903333328125 0.48175 0.288 0.48475 0.28900000000000003 0.50175 0.2906666671875 0.503 0.2986666671875 0.5035000000000001 0.3023333328125 0.50175
6 0.3333333328125 0.50275 0.3343333328125 0.502 0.3346666671875 0.48224999999999996 0.32966666718750004 0.481 0.3223333328125 0.48125 0.3203333328125 0.48250000000000004 0.3193333328125 0.485 0.319 0.50075 0.32 0.50325 0.32366666718750003 0.5042500000000001 0.3333333328125 0.50275
6 0.3993333328125 0.502 0.398 0.48025 0.3963333328125 0.479 0.3923333328125 0.479 0.3846666671875 0.48150000000000004 0.3843333328125 0.502 0.388 0.5035000000000001 0.3963333328125 0.5037499999999999 0.3993333328125 0.502
6 0.414 0.4995 0.4146666671875 0.48025 0.41200000000000003 0.47750000000000004 0.40800000000000003 0.47775 0.40366666718750005 0.47625 0.399 0.47824999999999995 0.398 0.48075 0.3993333328125 0.502 0.4026666671875 0.50325 0.41233333281249995 0.5025000000000001 0.414 0.4995
6 0.4763333328125 0.499 0.4763333328125 0.48224999999999996 0.4743333328125 0.48125 0.4663333328125 0.4805 0.4636666671875 0.48250000000000004 0.4636666671875 0.501 0.466 0.50225 0.47466666718750006 0.5025000000000001 0.4763333328125 0.499
6 0.537 0.48075 0.5353333328125001 0.47925000000000006 0.5316666671875 0.47850000000000004 0.5266666671875 0.4795 0.5233333328125 0.48175 0.524 0.5005 0.5263333328125 0.502 0.5366666671875 0.502 0.537 0.48075
6 0.5223333328125 0.48224999999999996 0.5213333328124999 0.48125 0.5146666671875 0.48025 0.512 0.4805 0.5093333328125 0.48224999999999996 0.5096666671875 0.50175 0.5213333328124999 0.50225 0.523 0.49850000000000005 0.5223333328125 0.48224999999999996
6 0.507 0.48200000000000004 0.5056666671875 0.481 0.49733333281250003 0.48 0.49466666718749996 0.48224999999999996 0.49400000000000005 0.48975 0.4943333328125 0.50125 0.5056666671875 0.50225 0.5073333328125 0.49874999999999997 0.507 0.48200000000000004
6 0.492 0.48224999999999996 0.49000000000000005 0.481 0.483 0.48 0.479 0.48224999999999996 0.4783333328125 0.50175 0.4903333328125 0.5025000000000001 0.492 0.49924999999999997 0.492 0.48224999999999996
6 0.5980000000000001 0.49924999999999997 0.599 0.49625 0.5986666671875 0.48200000000000004 0.5973333328125 0.47925000000000006 0.5916666671875 0.477 0.5876666671875 0.47824999999999995 0.583 0.48550000000000004 0.583 0.49800000000000005 0.5876666671875 0.5005 0.5956666671875 0.50125 0.5980000000000001 0.49924999999999997
6 0.6146666671875 0.49800000000000005 0.615 0.49524999999999997 0.6133333328125 0.481 0.6113333328125 0.47925000000000006 0.6033333328125 0.47824999999999995 0.6006666671875001 0.48175 0.5993333328125 0.49824999999999997 0.6026666671875 0.5005 0.6113333328125 0.50075 0.6146666671875 0.49800000000000005
6 0.6283333328125 0.4965 0.6276666671875 0.4805 0.626 0.479 0.619 0.47824999999999995 0.6163333328125 0.48150000000000004 0.6153333328125 0.49824999999999997 0.619 0.5002500000000001 0.6266666671875 0.5002500000000001 0.6283333328125 0.4965
6 0.7136666671875 0.499 0.7183333328125 0.49775 0.7196666671874999 0.493 0.7196666671874999 0.48125 0.7183333328125 0.47625 0.7166666671875 0.47525000000000006 0.7093333328125 0.475 0.7053333328125 0.476 0.7016666671875 0.47874999999999995 0.7003333328125 0.48375 0.7 0.4915 0.7016666671875 0.49749999999999994 0.7086666671875 0.499 0.7136666671875 0.499
6 0.7326666671875001 0.47725 0.728 0.47525000000000006 0.7223333328125 0.47625 0.7203333328125 0.47850000000000004 0.7203333328125 0.49775 0.7313333328125 0.49800000000000005 0.733 0.49524999999999997 0.7326666671875001 0.47725
6 0.7466666671875 0.496 0.7473333328125 0.491 0.7463333328124999 0.475 0.7443333328125 0.47350000000000003 0.7383333328125 0.47300000000000003 0.7363333328125 0.47325 0.7343333328125 0.47525000000000006 0.734 0.49474999999999997 0.736 0.49800000000000005 0.7443333328125 0.49824999999999997 0.7466666671875 0.496
6 0.7983333328125 0.49749999999999994 0.8026666671875 0.49749999999999994 0.806 0.49574999999999997 0.8066666671875 0.49375 0.8066666671875 0.47750000000000004 0.8023333328125 0.47525000000000006 0.7946666671875 0.477 0.7926666671875 0.47925000000000006 0.792 0.48224999999999996 0.794 0.488 0.7933333328125001 0.49474999999999997 0.7983333328125 0.49749999999999994
6 0.7889999999999999 0.49749999999999994 0.7916666671875 0.49424999999999997 0.791 0.47824999999999995 0.7896666671875 0.47575 0.7876666671875 0.47474999999999995 0.7826666671875 0.47450000000000003 0.779 0.47275 0.7713333328124999 0.47575 0.7686666671875 0.47824999999999995 0.7683333328125 0.49074999999999996 0.77 0.49749999999999994 0.7783333328125 0.49874999999999997 0.7889999999999999 0.49749999999999994
6 0.24700000000000003 0.616 0.246 0.5962500000000001 0.2443333328125 0.59525 0.2363333328125 0.59475 0.23399999999999999 0.5965 0.233 0.59925 0.233 0.6184999999999999 0.23566666718749998 0.62 0.24533333281249997 0.61925 0.24700000000000003 0.616
6 0.26233333281250004 0.6155 0.2626666671875 0.59575 0.26 0.59375 0.2513333328125 0.59425 0.248 0.59575 0.24866666718750002 0.61775 0.2506666671875 0.61925 0.259 0.6184999999999999 0.26233333281250004 0.6155
6 0.27799999999999997 0.61625 0.279 0.61175 0.27799999999999997 0.59575 0.2753333328125 0.59425 0.267 0.5940000000000001 0.2646666671875 0.5972500000000001 0.2646666671875 0.616 0.2673333328125 0.6184999999999999 0.27599999999999997 0.61775 0.27799999999999997 0.61625
6 0.2943333328125 0.61525 0.2936666671875 0.5965 0.29100000000000004 0.5940000000000001 0.28300000000000003 0.5934999999999999 0.281 0.59475 0.2806666671875 0.61525 0.28300000000000003 0.61825 0.29100000000000004 0.61775 0.2943333328125 0.61525
6 0.31033333281250003 0.6155 0.31033333281250003 0.59525 0.3063333328125 0.593 0.30333333281249997 0.59375 0.2986666671875 0.59325 0.29700000000000004 0.595 0.29733333281249996 0.616 0.2986666671875 0.6174999999999999 0.3083333328125 0.617 0.31033333281250003 0.6155
6 0.32599999999999996 0.61525 0.32566666718750004 0.595 0.3226666671875 0.59275 0.31433333281250003 0.59275 0.3133333328125 0.5934999999999999 0.31233333281250003 0.595 0.3133333328125 0.615 0.31433333281250003 0.61625 0.32599999999999996 0.61525
6 0.3423333328125 0.615 0.34199999999999997 0.5940000000000001 0.3376666671875 0.59225 0.3303333328125 0.5925 0.329 0.5945 0.329 0.615 0.3323333328125 0.6165 0.341 0.61575 0.3423333328125 0.615
6 0.3586666671875 0.6094999999999999 0.3586666671875 0.59175 0.3463333328125 0.59175 0.3453333328125 0.593 0.3453333328125 0.615 0.3486666671875 0.61575 0.3573333328125 0.61525 0.3586666671875 0.6094999999999999
6 0.374 0.61125 0.374 0.59175 0.3613333328125 0.5915 0.3613333328125 0.61425 0.362 0.615 0.3723333328125 0.6144999999999999 0.374 0.61125
6 0.45199999999999996 0.5915 0.45066666718750004 0.5902499999999999 0.4436666671875 0.5894999999999999 0.43899999999999995 0.59075 0.43833333281250003 0.61125 0.44333333281250004 0.6132500000000001 0.45099999999999996 0.61225 0.45199999999999996 0.5915
6 0.43533333281250003 0.6125 0.4363333328125 0.6115 0.437 0.59175 0.43499999999999994 0.58975 0.43233333281249997 0.58925 0.4273333328125 0.5894999999999999 0.4226666671875 0.5912499999999999 0.42366666718749996 0.59925 0.4226666671875 0.6115 0.425 0.613 0.43533333281250003 0.6125
6 0.41166666718749995 0.61375 0.41966666718749995 0.613 0.4206666671875 0.61175 0.42133333281249996 0.59175 0.41966666718749995 0.5902499999999999 0.4166666671875 0.5900000000000001 0.40833333281249995 0.59075 0.4073333328125 0.5915 0.40766666718750005 0.6115 0.40933333281250006 0.6132500000000001 0.41166666718749995 0.61375
6 0.40366666718750005 0.6134999999999999 0.40533333281250006 0.61125 0.4056666671875 0.59175 0.4026666671875 0.5905 0.3926666671875 0.591 0.3916666671875 0.59175 0.3926666671875 0.61275 0.395 0.614 0.40366666718750005 0.6134999999999999
6 0.3903333328125 0.5915 0.38533333281250004 0.5902499999999999 0.377 0.5912499999999999 0.377 0.614 0.3876666671875 0.614 0.3896666671875 0.612 0.3903333328125 0.5915
6 0.49800000000000005 0.5912499999999999 0.4943333328125 0.589 0.48666666718749996 0.58925 0.4846666671875 0.591 0.48566666718749996 0.611 0.4893333328125 0.61175 0.497 0.61125 0.49800000000000005 0.5912499999999999
6 0.51 0.5885 0.5046666671875 0.58825 0.5016666671875 0.58925 0.5006666671875 0.59175 0.501 0.61075 0.5123333328124999 0.611 0.5133333328125 0.5912499999999999 0.51 0.5885
6 0.5283333328125 0.6085 0.5286666671875 0.5912499999999999 0.5256666671875 0.58825 0.5203333328124999 0.58825 0.5163333328124999 0.5894999999999999 0.5153333328125 0.59225 0.516 0.61 0.517 0.61125 0.5266666671875 0.61075 0.5283333328125 0.6085
6 0.5436666671875 0.608 0.5436666671875 0.5915 0.5413333328125 0.58775 0.533 0.588 0.5313333328125001 0.59425 0.5316666671875 0.6092500000000001 0.5333333328125 0.6105 0.5413333328125 0.61025 0.5436666671875 0.608
6 0.7203333328125 0.587 0.7166666671875 0.58475 0.7123333328125 0.58425 0.7083333328125 0.58525 0.7066666671874999 0.58875 0.7086666671875 0.6065 0.7203333328125 0.60625 0.7216666671875 0.60375 0.7203333328125 0.587
6 0.7073333328125 0.60375 0.7076666671875 0.59575 0.706 0.5875 0.7006666671875 0.585 0.6953333328125 0.58475 0.693 0.58575 0.6933333328125 0.60475 0.6963333328125 0.60675 0.705 0.60725 0.7073333328125 0.60375
6 0.693 0.6045 0.6923333328125 0.587 0.6896666671875 0.585 0.682 0.58425 0.679 0.587 0.6793333328125 0.6054999999999999 0.6806666671875 0.60725 0.6906666671874999 0.607 0.693 0.6045
6 0.675 0.5855 0.666 0.58375 0.6643333328125001 0.587 0.6646666671875 0.60725 0.6776666671875 0.60725 0.6776666671875 0.587 0.675 0.5855
6 0.662 0.58675 0.6503333328124999 0.58475 0.649 0.587 0.6486666671875 0.59375 0.649 0.607 0.6513333328125 0.60775 0.662 0.60725 0.662 0.58675
6 0.6466666671875 0.6075 0.6473333328125 0.5915 0.6463333328124999 0.58675 0.6346666671875 0.58475 0.631 0.5872499999999999 0.6306666671875 0.5972500000000001 0.6333333328124999 0.60725 0.638 0.60825 0.6466666671875 0.6075
6 0.6183333328125 0.60725 0.618 0.58775 0.6156666671875 0.5865 0.6063333328125 0.58775 0.606 0.60725 0.6073333328125 0.6085 0.6156666671875 0.6085 0.6183333328125 0.60725
6 0.604 0.6075 0.604 0.58825 0.6 0.58675 0.593 0.587 0.5913333328125 0.58775 0.591 0.5902499999999999 0.5903333328125 0.60725 0.5933333328125 0.60875 0.6023333328125 0.6085 0.604 0.6075
6 0.589 0.6075 0.5893333328125 0.5912499999999999 0.5883333328125 0.58775 0.585 0.5865 0.5776666671874999 0.5875 0.5756666671875 0.595 0.5753333328125 0.60725 0.579 0.6092500000000001 0.5876666671875 0.60875 0.589 0.6075
6 0.5743333328125 0.6075 0.5743333328125 0.59075 0.5733333328125 0.588 0.5716666671875 0.58675 0.564 0.5862499999999999 0.5593333328125001 0.58775 0.5586666671875 0.5905 0.5593333328125001 0.6075 0.564 0.60975 0.572 0.6094999999999999 0.5743333328125 0.6075
6 0.7923333328125 0.60325 0.7933333328125001 0.6002500000000001 0.7933333328125001 0.5872499999999999 0.791 0.5845 0.7876666671875 0.5835 0.7816666671875 0.584 0.7803333328125001 0.5855 0.7809999999999999 0.60325 0.7846666671875 0.6045 0.7906666671875 0.6042500000000001 0.7923333328125 0.60325
6 0.7783333328125 0.6035 0.778 0.58475 0.7753333328124999 0.5832499999999999 0.7673333328124999 0.5835 0.766 0.58475 0.7663333328124999 0.60325 0.7706666671875 0.60475 0.7756666671875 0.60475 0.7783333328125 0.6035
6 0.7553333328125 0.60475 0.7636666671875 0.6042500000000001 0.764 0.5900000000000001 0.763 0.58575 0.76 0.5835 0.7516666671875 0.58375 0.7513333328125 0.59175 0.7526666671875 0.595 0.7516666671875 0.60325 0.7553333328125 0.60475
6 0.752 0.6 0.751 0.5962500000000001 0.752 0.5902499999999999 0.75 0.58475 0.7476666671875 0.5832499999999999 0.7423333328124999 0.5832499999999999 0.7363333328125 0.58375 0.7356666671875 0.58575 0.7366666671875 0.60375 0.7396666671875 0.6052500000000001 0.75 0.6042500000000001 0.752 0.6
6 0.734 0.5862499999999999 0.7303333328125 0.584 0.7246666671875001 0.58425 0.7226666671875 0.585 0.7213333328125 0.589 0.724 0.605 0.7343333328125 0.605 0.7356666671875 0.60175 0.734 0.5862499999999999
7 0.28993433281250003 0.11185225000000001 0.20311233281250002 0.107941 0.20298566718750002 0.14931725 0.2901876671875 0.153311 0.28993433281250003 0.11185225000000001
7 0.3732706671875 0.114276 0.28993433281250003 0.1110305 0.2911383328125 0.16600425000000002 0.373524 0.169047 0.3732706671875 0.114276
7 0.4538816671875 0.11826974999999999 0.3732706671875 0.114833 0.374538 0.1684765 0.4551493328125 0.17151924999999998 0.4538816671875 0.11826974999999999
7 0.5339226671875 0.1206445 0.4553393328125 0.11720950000000001 0.45559266718749997 0.17142174999999998 0.534176 0.173704 0.5339226671875 0.1206445
7 0.611999 0.123497 0.5345563328125 0.1205365 0.5344296671875 0.1742745 0.6117453328125 0.17674675 0.611999 0.123497
7 0.6901386671874999 0.12668174999999998 0.6128226671875 0.12338849999999998 0.6118086671875 0.16414675 0.6886176671875 0.166429 0.6901386671874999 0.12668174999999998
7 0.764666 0.12934425 0.6891879999999999 0.1267155 0.6891246671875 0.16661900000000002 0.763145 0.17061275 0.764666 0.12934425
10 0.469679 0.37381775 0.46931599999999996 0.37018675 0.4510153328125 0.370386 0.4506823328125 0.40005175 0.470042 0.39996075000000003 0.469679 0.37381775
0 0.5077313328125 0.40023625 0.5050603328125 0.40257424999999997 0.5043183328125 0.40969924999999996 0.5037246671875 0.4196075 0.5380036671874999 0.42005299999999995 0.5384490000000001 0.4040215 0.540378 0.403131 0.5397843328125 0.36962100000000003 0.5378553328125 0.36817350000000004 0.5383006671875 0.35303275 0.503428 0.35269625 0.5043183328125 0.36583575 0.5071376671875 0.368619 0.5077313328125 0.40023625
0 0.5383186671875 0.40423975 0.5382106671875 0.40917424999999996 0.5564333328125 0.40990225 0.5557863328125 0.40440175 0.5582663328125 0.40246025 0.5588053328125 0.36824225 0.5570803328125 0.3681615 0.5549236671875 0.38126625000000003 0.542308 0.37851575 0.5413376671875 0.37851575 0.54123 0.40197475000000005 0.5383186671875 0.40423975
0 0.5567566671875 0.40990225 0.5736853328125 0.4097405 0.574009 0.4038355 0.5764886671875 0.40246025 0.5765966671875 0.369213 0.5749793328125 0.36824225 0.5748713328124999 0.3620135 0.5706663328125 0.36168999999999996 0.5713133328125 0.36565375 0.5731463328124999 0.36937475000000003 0.5728226671875001 0.38045724999999997 0.5717446671874999 0.38199425 0.562256 0.38118525000000003 0.5599916671875 0.37390500000000004 0.5588053328125 0.4022985 0.5562176671875 0.4044825 0.5567566671875 0.40990225
0 0.5771356671875 0.40124675 0.5737933328125 0.40359274999999994 0.5735776671874999 0.409498 0.591153 0.40957875 0.5915843328125 0.40432075 0.59428 0.4022175 0.594388 0.3718825 0.5935253328125001 0.37220624999999996 0.5928783328125 0.37552275 0.591153 0.38037624999999997 0.580802 0.37673625 0.5805863328124999 0.37528 0.583174 0.37293425 0.5815566671875 0.3688085 0.5823113328125 0.36541100000000004 0.591153 0.36257975 0.5749793328125 0.36231375 0.575087 0.3674335 0.5774593328125001 0.369213 0.5771356671875 0.40124675
0 0.5914766671875 0.40925525 0.6088363328125 0.40941700000000003 0.6093756671875 0.40359274999999994 0.6117476671875 0.4022985 0.6136886671874999 0.37414749999999997 0.5954659999999999 0.37171475 0.5950346671875 0.40157024999999996 0.5921236671875 0.40456349999999996 0.5914766671875 0.40925525
0 0.610346 0.409537 0.6279216671875 0.409537 0.6281373328125001 0.40355100000000005 0.6314796671875 0.40217574999999994 0.6318033328125 0.37240700000000004 0.6246866671875 0.37604725 0.6222066671875 0.3782315 0.6218833328125 0.38033475 0.6200503328125 0.38187150000000003 0.6185406671875 0.381629 0.618433 0.37297325 0.6150093328125 0.3736355 0.614659 0.40152875000000005 0.610885 0.40355100000000005 0.610346 0.409537
0 0.6285686671875 0.4091325 0.6451736671875 0.4091325 0.6450656671874999 0.40290375 0.6488396671875 0.40152875000000005 0.649918 0.38858575 0.6371946671875001 0.38365125 0.6359006671875 0.3712745 0.6330703328125 0.3724225 0.6322346671875 0.4008005 0.6282449999999999 0.40379375 0.6285686671875 0.4091325
0 0.6463596671875 0.40880900000000003 0.6626413328125 0.40937524999999997 0.6638273328125 0.40355100000000005 0.666523 0.401933 0.6681403328125 0.36836250000000004 0.6643666671874999 0.36884775 0.6630726671875 0.38219525 0.66469 0.38543099999999997 0.6567109999999999 0.38899025 0.6531526671875 0.38899025 0.6512656671875 0.3888995 0.6503493328125 0.399668 0.6463596671875 0.40249949999999995 0.6463596671875 0.40880900000000003
1 0.7882366671875001 0.8789640000000001 0.7219773328125 0.88199975 0.720727 0.91241625 0.7869863328125 0.909915 0.7882366671875001 0.8789640000000001
2 0.453751 0.8795887499999999 0.417444 0.8813205 0.418129 0.9419029999999999 0.45306566718749997 0.9394617500000001 0.453751 0.8795887499999999
5 0.46893599999999996 0.8985150000000001 0.4538163328125 0.8992095000000001 0.4530963328125 0.93200375 0.469553 0.9311550000000001 0.46893599999999996 0.8985150000000001
5 0.4867296671875 0.8973575 0.469013 0.89831825 0.46914166718750006 0.9310007499999999 0.4866266671875 0.9299975 0.4867296671875 0.8973575
5 0.314021 0.8029629999999999 0.2957246671875 0.8042935 0.29559766718749997 0.8369925 0.314148 0.8356579999999999 0.314021 0.8029629999999999
5 0.3324443328125 0.8024865 0.3138303328125 0.8026260000000001 0.3146563328125 0.8357535 0.33231700000000003 0.8347049999999999 0.3324443328125 0.8024865
5 0.3507403328125 0.8008660000000001 0.331936 0.8019112500000001 0.3325713328125 0.83422825 0.35061333281249996 0.8338469999999999 0.3507403328125 0.8008660000000001
5 0.3686553328125 0.800008 0.350518 0.8008392499999999 0.35048633281249997 0.83375175 0.36802 0.8329890000000001 0.3686553328125 0.800008
5 0.3863163328125 0.7986735 0.3684646671875 0.7995289999999999 0.3682743328125 0.83260775 0.38580800000000004 0.8317500000000001 0.3863163328125 0.7986735
5 0.4048666671875 0.7976267499999999 0.38733266718750003 0.79867525 0.3861893328125 0.8303217500000001 0.4047396671875 0.8303217500000001 0.4048666671875 0.7976267499999999
5 0.42138400000000004 0.79734075 0.404676 0.797623 0.4044853328125 0.8296545 0.42125700000000005 0.8287967500000001 0.42138400000000004 0.79734075
5 0.48005233281250004 0.79429175 0.4628046671875 0.79476425 0.46074000000000004 0.8264150000000001 0.47979833281250006 0.8261290000000001 0.48005233281250004 0.79429175
5 0.496697 0.7933385000000001 0.47979833281250006 0.7938115 0.47903599999999996 0.82546175 0.49644266718749996 0.82517575 0.496697 0.7933385000000001
5 0.5137226671875 0.79219475 0.496951 0.7939305 0.49529933281250005 0.8256525 0.512833 0.8256525 0.5137226671875 0.79219475
5 0.5302399999999999 0.7918135000000001 0.5137226671875 0.79219475 0.512579 0.8246992499999999 0.530367 0.8247945 0.5302399999999999 0.7918135000000001
5 0.548028 0.7908602499999999 0.5312563328125 0.79131 0.5302399999999999 0.8244132499999999 0.5471383328125 0.8238412500000001 0.548028 0.7908602499999999
5 0.5654346671875 0.7900977499999999 0.5479326671875 0.7909525000000001 0.545995 0.82336475 0.564037 0.82250675 0.5654346671875 0.7900977499999999
5 0.5823333328125 0.7894305 0.5652440000000001 0.78999975 0.5644183328125 0.82250675 0.581825 0.8224115 0.5823333328125 0.7894305
5 0.6719083328125001 0.78540475 0.6545016671874999 0.786188 0.6541203328125 0.8168605 0.6714 0.81667 0.6719083328125001 0.78540475
5 0.6872823328125001 0.78454675 0.6721306671875 0.785116 0.671527 0.8156215 0.687028 0.8150495 0.6872823328125001 0.78454675
5 0.7051973328125001 0.78378425 0.6877903328125 0.78435625 0.687028 0.8152402500000001 0.704816 0.8146682500000001 0.7051973328125001 0.78378425
5 0.7217146671875 0.7835935 0.7053243328125001 0.7835675 0.704816 0.8152402500000001 0.7215876671875 0.814001 0.7217146671875 0.7835935
5 0.738232 0.782259 0.7216826671875001 0.78321 0.7208253328125 0.813715 0.7370883328125 0.81304775 0.738232 0.782259
5 0.753987 0.78159175 0.7377236671875 0.782019 0.736453 0.813143 0.753606 0.81219 0.753987 0.78159175
5 0.770568 0.7810235 0.7537646671875 0.78178075 0.7535423328124999 0.8121935 0.7700596671875 0.8109545 0.770568 0.7810235
5 0.7873393328125 0.7800705 0.770441 0.7809470000000001 0.7699326671875 0.81152625 0.7858146671874999 0.8109545 0.7873393328125 0.7800705