10 0.7989323328125 0.42713450000000003 0.8189746671875 0.42819925000000003 0.8216353328125001 0.423142 0.822522 0.40238050000000003 0.8202163328125 0.39625849999999996 0.8001739999999999 0.39679074999999997 0.803189 0.400118 0.8014153328125 0.42340825000000004 0.7989323328125 0.42713450000000003
10 0.8263896671875001 0.3339785 0.8272283328125001 0.31170575 0.824545 0.30742725000000004 0.8124703328124999 0.30692400000000003 0.8097873328125 0.33964125 0.8216939999999999 0.34014449999999996 0.8263896671875001 0.3339785
0 0.5855793328125001 0.39258225 0.58849 0.391426 0.5874626671875001 0.426757 0.5840383328125001 0.42804175000000005 0.5854079999999999 0.434851 0.580785 0.43459424999999996 0.5806136671875 0.44551474999999996 0.6163993328124999 0.44525775 0.6163993328124999 0.435365 0.6184540000000001 0.435365 0.6179403328124999 0.4303545 0.6220496671875 0.42817025 0.6241046671875 0.39283925000000003 0.6213650000000001 0.39129749999999996 0.6213650000000001 0.3859015 0.6196526671875 0.3856445 0.6193103328125 0.37665099999999996 0.583155 0.37603675000000003 0.5819836671874999 0.38628675 0.5848943328125 0.3859015 0.5855793328125001 0.39258225
0 0.6217073328125 0.3907835 0.6246183328125 0.39361 0.622906 0.42701399999999995 0.619824 0.42855575 0.617598 0.44577175 0.655267 0.44577175 0.6557806671875 0.42984049999999996 0.6586916671874999 0.42894125 0.659719 0.39412400000000003 0.657493 0.39258225 0.6580066671875 0.37665099999999996 0.6215360000000001 0.37600875 0.6189676671875 0.385259 0.6208513328125 0.38577300000000003 0.6217073328125 0.3907835
0 0.8248626671875 0.395281 0.8347936671875 0.39399625 0.832054 0.42829949999999994 0.823493 0.42984125000000006 0.8224656671874999 0.43652199999999997 0.8161303328124999 0.43690749999999995 0.815103 0.44667175 0.8517446671875 0.44718574999999994 0.851231 0.4371645 0.8591073328125001 0.43587974999999995 0.8591073328125001 0.43022675 0.8688670000000001 0.4290705 0.8710929999999999 0.3946385 0.8613333328125 0.39322525 0.8615043328124999 0.38834325000000003 0.8548266671875 0.38744375 0.8553403328125 0.378579 0.8196963328125 0.37844500000000003 0.8192123328124999 0.389371 0.8250339999999999 0.38847175 0.8248626671875 0.395281
0 0.8615043328124999 0.38872874999999996 0.8613333328125 0.39245450000000004 0.8709216671875 0.39451 0.8686959999999999 0.42829949999999994 0.8592786671875 0.43035525 0.8592786671875 0.43562275 0.85106 0.43729300000000004 0.8507173328125001 0.4474425 0.886503 0.44718574999999994 0.8870166671874999 0.4371645 0.894893 0.43613675 0.8952353328125 0.43035525 0.905509 0.42945574999999997 0.907906 0.39425325 0.8981463328125001 0.392326 0.8983176671875001 0.38821475 0.8900986671875 0.3870585 0.8907836671875 0.37845049999999997 0.8556593328125001 0.37812375 0.8553403328125 0.378065 0.8551693328125 0.387187 0.8615043328124999 0.38872874999999996
0 0.8972899999999999 0.3927115 0.908762 0.3954095 0.9067073328124999 0.42688625 0.9060226671875 0.4290705 0.8960916671874999 0.42958425 0.8950643328125001 0.437036 0.8871880000000001 0.43690749999999995 0.8861606671875 0.44731424999999997 0.921775 0.44821350000000004 0.9219463328125 0.4363935 0.9308500000000001 0.4363935 0.9313636671875001 0.42932724999999994 0.9426643328125 0.4285565 0.9447190000000001 0.39348225000000003 0.9337606671875 0.392583 0.9341033328125 0.38821475 0.9253706671874999 0.38744375 0.9257133328125 0.378836 0.8909800000000001 0.378766 0.8902699999999999 0.38744375 0.8976326671875 0.388857 0.8972899999999999 0.3927115
0 0.721549 0.35756975 0.738498 0.35756975 0.752558 0.340083 0.7523653328125001 0.30351975000000003 0.7417723328125 0.29224725 0.7241146671875 0.2926005 0.7342606671875 0.302797 0.7325273328125 0.33748174999999997 0.721549 0.35756975
0 0.7390756671875 0.35771425 0.7558323328125 0.3597375 0.7712406671875 0.339216 0.771048 0.302797 0.7639216671875 0.29253625 0.742415 0.2920585 0.7533283328125 0.30337525 0.7517876671875 0.3393605 0.7390756671875 0.35771425
0 0.75641 0.36002675 0.7735516671875 0.36103825 0.790886 0.3408055 0.7910786671875 0.30366425 0.782604 0.29224725 0.7645679999999999 0.2920585 0.7727813328125 0.30395325 0.7722036671875 0.33834875000000003 0.75641 0.36002675
0 0.7760556671875001 0.359593 0.79339 0.358726 0.809376 0.3393605 0.8103389999999999 0.30337525 0.8009013328125001 0.29282525000000004 0.7829893328125 0.29239175 0.7920416671875 0.30294150000000003 0.7916563328125 0.33834875000000003 0.7760556671875001 0.359593
0 0.8147686671875001 0.35930399999999996 0.8347993328125 0.36074925 0.8507856671875 0.339216 0.8513633328125 0.30409775 0.841348 0.29340325 0.8228579999999999 0.29383675 0.832681 0.3032305 0.8299843328125001 0.340372 0.8147686671875001 0.35930399999999996
0 0.8363403328125001 0.35915949999999996 0.8550226671875001 0.3597375 0.8706236671875001 0.3396495 0.8717793328125 0.30380875 0.8619563328125001 0.29354775 0.8423443328125 0.293684 0.852904 0.30337525 0.8507856671875 0.339216 0.8363403328125001 0.35915949999999996
0 0.8556006671875 0.35915949999999996 0.8754386671875001 0.358726 0.8906543328125001 0.340661 0.8943136671874999 0.30453125000000003 0.8794833328125 0.29340325 0.8623303328124999 0.29332275 0.8735126671875 0.30395325 0.8713939999999999 0.33863775 0.8556006671875 0.35915949999999996
6 0.376 0.30225 0.3723333328125 0.301 0.365 0.30074999999999996 0.363 0.3065 0.36266666718749996 0.32225000000000004 0.36466666718749996 0.3235 0.37533333281250003 0.3225 0.376 0.30225
6 0.3936666671875 0.30825 0.3923333328125 0.30074999999999996 0.3806666671875 0.30025 0.3786666671875 0.31074999999999997 0.379 0.32325 0.3803333328125 0.324 0.3923333328125 0.3235 0.3936666671875 0.30825
6 0.40933333281250006 0.308 0.40833333281249995 0.3035 0.40099999999999997 0.3015 0.3973333328125 0.30175 0.396 0.30274999999999996 0.3953333328125 0.3225 0.3963333328125 0.324 0.40800000000000003 0.3235 0.40933333281250006 0.308
6 0.42699999999999994 0.32225000000000004 0.426 0.31 0.42699999999999994 0.30625 0.42366666718749996 0.30274999999999996 0.4193333328125 0.30225 0.41500000000000004 0.3025 0.4136666671875 0.30575 0.4126666671875 0.32225000000000004 0.41500000000000004 0.324 0.42400000000000004 0.32475 0.42699999999999994 0.32225000000000004
6 0.43533333281250003 0.30924999999999997 0.43166666718749996 0.31 0.43099999999999994 0.31375000000000003 0.4313333328125 0.324 0.44299999999999995 0.32475 0.44333333281250004 0.30474999999999997 0.43533333281250003 0.30924999999999997
6 0.462 0.32225000000000004 0.4623333328125 0.3165 0.46166666718749994 0.30525 0.45866666718750004 0.304 0.45099999999999996 0.30375 0.449 0.30625 0.4486666671875 0.3125 0.449 0.32375 0.45066666718750004 0.32475 0.4606666671875 0.32425000000000004 0.462 0.32225000000000004
6 0.4783333328125 0.3265 0.48 0.31025 0.47866666718750006 0.30375 0.4703333328125 0.3035 0.46699999999999997 0.3045 0.466 0.31275 0.46566666718749994 0.323 0.46666666718750005 0.32575 0.47400000000000003 0.325 0.4783333328125 0.3265
6 0.49633333281249997 0.32599999999999996 0.49733333281250003 0.32275 0.49766666718749997 0.3065 0.4943333328125 0.30375 0.48566666718749996 0.30375 0.483 0.30724999999999997 0.483 0.325 0.4863333328125 0.3265 0.49400000000000005 0.32725 0.49633333281249997 0.32599999999999996
6 0.515 0.3225 0.515 0.30625 0.5136666671875 0.3045 0.5046666671875 0.304 0.5013333328125 0.3065 0.501 0.32599999999999996 0.5016666671875 0.32675 0.5133333328125 0.32599999999999996 0.515 0.3225
6 0.5326666671875 0.32625000000000004 0.5323333328125 0.3065 0.5296666671875 0.30474999999999997 0.5213333328124999 0.30425 0.519 0.3065 0.5186666671875 0.30874999999999997 0.5183333328125 0.32599999999999996 0.5213333328124999 0.32875 0.5293333328125 0.32825000000000004 0.5326666671875 0.32625000000000004
6 0.549 0.3065 0.5469999999999999 0.30525 0.5416666671875 0.3045 0.537 0.30474999999999997 0.536 0.306 0.5363333328125 0.3275 0.5373333328125 0.3285 0.5483333328125 0.32725 0.549 0.3065
6 0.7196666671874999 0.32675 0.7196666671874999 0.31 0.717 0.3075 0.7096666671875 0.307 0.706 0.30924999999999997 0.706 0.32975 0.7083333328125 0.331 0.717 0.33025000000000004 0.7196666671874999 0.32675
6 0.7036666671875 0.32599999999999996 0.7030000000000001 0.3095 0.7006666671875 0.30724999999999997 0.693 0.3065 0.6906666671874999 0.31 0.6900000000000001 0.3285 0.6926666671875 0.3305 0.7013333328125 0.32999999999999996 0.7036666671875 0.32599999999999996
6 0.6846666671875 0.3285 0.6863333328125 0.32599999999999996 0.687 0.31875 0.6853333328125 0.3085 0.6773333328125 0.3085 0.6736666671875 0.31025 0.673 0.31275 0.6726666671875 0.32475 0.6736666671875 0.32775 0.6793333328125 0.329 0.6846666671875 0.3285
6 0.6679999999999999 0.32925 0.6693333328125 0.32675 0.6703333328125 0.315 0.6696666671875 0.30874999999999997 0.666 0.3075 0.658 0.3075 0.6559999999999999 0.31 0.6553333328125001 0.31825000000000003 0.655 0.32625000000000004 0.6563333328125001 0.32825000000000004 0.6576666671875 0.32925 0.6679999999999999 0.32925
6 0.6526666671875 0.32725 0.654 0.31 0.6503333328124999 0.307 0.6453333328124999 0.307 0.6423333328124999 0.3075 0.6396666671875 0.31025 0.6396666671875 0.32799999999999996 0.6416666671875 0.32925 0.6503333328124999 0.32975 0.6526666671875 0.32725
6 0.637 0.3255 0.637 0.314 0.6403333328125 0.31 0.6383333328125 0.308 0.627 0.31025 0.6233333328125 0.31425000000000003 0.6223333328125 0.32075 0.623 0.3295 0.635 0.32925 0.637 0.3255
6 0.5643333328125 0.32725 0.5660000000000001 0.32625000000000004 0.5666666671875 0.32375 0.5660000000000001 0.3065 0.5643333328125 0.305 0.5583333328125 0.30425 0.5546666671875 0.30474999999999997 0.553 0.3065 0.5526666671875 0.32599999999999996 0.5563333328125 0.32725 0.5606666671875 0.32625000000000004 0.5643333328125 0.32725
6 0.5823333328125 0.32599999999999996 0.5833333328125 0.322 0.579 0.30825 0.576 0.30575 0.572 0.306 0.5696666671874999 0.31 0.5693333328125 0.32575 0.572 0.32799999999999996 0.58 0.32799999999999996 0.5823333328125 0.32599999999999996
6 0.601 0.32625000000000004 0.6016666671875 0.31925 0.6003333328125 0.3105 0.5916666671875 0.30775 0.589 0.315 0.5886666671875 0.32625000000000004 0.5916666671875 0.32775 0.5996666671875001 0.32775 0.601 0.32625000000000004
6 0.618 0.314 0.6163333328125 0.3115 0.611 0.31074999999999997 0.6083333328125 0.31325 0.6066666671875 0.31825000000000003 0.6073333328125 0.3275 0.6156666671875 0.32775 0.618 0.32375 0.618 0.314
6 0.3453333328125 0.41224999999999995 0.3533333328125 0.41200000000000003 0.3553333328125 0.40875000000000006 0.3546666671875 0.38849999999999996 0.35 0.3865 0.3416666671875 0.3855 0.3403333328125 0.38725 0.3413333328125 0.3935 0.33999999999999997 0.40199999999999997 0.3416666671875 0.41125 0.3453333328125 0.41224999999999995
6 0.3723333328125 0.41100000000000003 0.37333333281250003 0.40875000000000006 0.3736666671875 0.38849999999999996 0.366 0.38625 0.362 0.3865 0.3586666671875 0.388 0.3573333328125 0.39075000000000004 0.3573333328125 0.40975 0.36066666718749996 0.41224999999999995 0.37033333281249997 0.41200000000000003 0.3723333328125 0.41100000000000003
6 0.3886666671875 0.41200000000000003 0.39 0.38925 0.3886666671875 0.38575 0.37966666718750003 0.38575 0.376 0.38725 0.37466666718749997 0.38975 0.3743333328125 0.40800000000000003 0.37533333281250003 0.41075 0.37666666718749997 0.41200000000000003 0.3886666671875 0.41200000000000003
6 0.4073333328125 0.41200000000000003 0.40766666718750005 0.39249999999999996 0.4066666671875 0.39 0.40433333281249995 0.38875000000000004 0.3953333328125 0.38875000000000004 0.3936666671875 0.3895 0.3926666671875 0.392 0.3916666671875 0.40800000000000003 0.393 0.41150000000000003 0.396 0.413 0.4073333328125 0.41200000000000003
6 0.42699999999999994 0.41475 0.42766666718749996 0.4085 0.42766666718749996 0.39425 0.41566666718749995 0.3935 0.414 0.39575 0.414 0.414 0.41600000000000004 0.41624999999999995 0.4256666671875 0.41600000000000004 0.42699999999999994 0.41475
6 0.44566666718750003 0.41200000000000003 0.44566666718750003 0.39449999999999996 0.44333333281250004 0.39249999999999996 0.43533333281250003 0.39249999999999996 0.433 0.3935 0.43166666718749996 0.39625 0.4313333328125 0.41600000000000004 0.44299999999999995 0.4165 0.445 0.41475 0.44566666718750003 0.41200000000000003
6 0.533 0.41775 0.544 0.41725 0.5453333328125 0.41624999999999995 0.5456666671875 0.404 0.549 0.39775 0.5486666671875 0.39475 0.5453333328125 0.39075000000000004 0.541 0.3895 0.5333333328125 0.39 0.5293333328125 0.39175 0.5286666671875 0.39375 0.5313333328125001 0.40425000000000005 0.5306666671875 0.41600000000000004 0.533 0.41775
6 0.5303333328125001 0.40549999999999997 0.5296666671875 0.3955 0.526 0.39375 0.517 0.39425 0.516 0.39525 0.5156666671875 0.41600000000000004 0.5173333328124999 0.4175 0.529 0.41675000000000006 0.5303333328125001 0.40549999999999997
6 0.5126666671875 0.41574999999999995 0.5133333328125 0.40075000000000005 0.512 0.39425 0.5096666671875 0.39249999999999996 0.507 0.39325 0.5016666671875 0.39249999999999996 0.499 0.39575 0.49866666718749997 0.40025000000000005 0.499 0.41675000000000006 0.501 0.418 0.511 0.417 0.5126666671875 0.41574999999999995
6 0.3243333328125 0.52975 0.3263333328125 0.51775 0.32599999999999996 0.5105000000000001 0.31433333281250003 0.509 0.31066666718749997 0.51275 0.31033333281250003 0.53 0.314 0.53275 0.3223333328125 0.53225 0.3243333328125 0.52975
6 0.3413333328125 0.5295 0.3423333328125 0.50975 0.32966666718750004 0.50925 0.3273333328125 0.514 0.327 0.53075 0.32999999999999996 0.533 0.3386666671875 0.5325 0.3413333328125 0.5295
6 0.3576666671875 0.5295 0.3593333328125 0.5135 0.3583333328125 0.51 0.3573333328125 0.509 0.3473333328125 0.509 0.34500000000000003 0.51 0.3436666671875 0.513 0.3443333328125 0.5315000000000001 0.3456666671875 0.53275 0.3556666671875 0.53225 0.3576666671875 0.5295
6 0.3743333328125 0.53 0.3756666671875 0.5117499999999999 0.37266666718749997 0.50925 0.3643333328125 0.509 0.3613333328125 0.51025 0.3603333328125 0.51275 0.36066666718749996 0.5315000000000001 0.3623333328125 0.5325 0.373 0.53225 0.3743333328125 0.53
6 0.3913333328125 0.5295 0.3913333328125 0.512 0.3883333328125 0.50925 0.3806666671875 0.5095 0.377 0.51225 0.37733333281250003 0.53175 0.3803333328125 0.533 0.3886666671875 0.533 0.3913333328125 0.5295
6 0.40766666718750005 0.52925 0.40800000000000003 0.5135 0.4066666671875 0.51 0.404 0.508 0.40033333281249994 0.51 0.3963333328125 0.50925 0.3933333328125 0.51275 0.3936666671875 0.53175 0.3953333328125 0.533 0.4046666671875 0.53275 0.40766666718750005 0.52925
6 0.4226666671875 0.53175 0.42366666718749996 0.5295 0.42366666718749996 0.51125 0.4113333328125 0.511 0.41 0.512 0.41 0.5315000000000001 0.41166666718749995 0.533 0.4206666671875 0.53275 0.4226666671875 0.53175
6 0.4386666671875 0.52975 0.43933333281250003 0.50975 0.43566666718749997 0.5077499999999999 0.42766666718749996 0.508 0.42433333281249996 0.5135 0.42433333281249996 0.5309999999999999 0.4266666671875 0.533 0.43600000000000005 0.53225 0.4386666671875 0.52975
6 0.506 0.52925 0.5043333328124999 0.50975 0.5016666671875 0.50825 0.49366666718749996 0.50825 0.4916666671875 0.50975 0.4903333328125 0.5165 0.49066666718749996 0.5309999999999999 0.4933333328125 0.53275 0.504 0.533 0.506 0.52925
6 0.5093333328125 0.5325 0.5176666671875 0.53175 0.5213333328124999 0.533 0.5233333328125 0.50975 0.5213333328124999 0.5077499999999999 0.5096666671875 0.50525 0.506 0.509 0.5056666671875 0.51525 0.5076666671875001 0.52125 0.5073333328125 0.5305 0.5093333328125 0.5325
6 0.5876666671875 0.533 0.589 0.51425 0.588 0.51075 0.576 0.50925 0.5733333328125 0.50975 0.5716666671875 0.5125 0.5706666671875 0.52925 0.5723333328125 0.532 0.576 0.5337500000000001 0.5876666671875 0.533
6 0.718 0.53325 0.7190000000000001 0.52025 0.7186666671874999 0.5135 0.7173333328125 0.5115000000000001 0.7096666671875 0.50975 0.7026666671874999 0.51025 0.7 0.51325 0.6990000000000001 0.51725 0.6993333328125 0.52925 0.701 0.532 0.704 0.53325 0.718 0.53325
6 0.653 0.512 0.6503333328124999 0.50975 0.6423333328124999 0.51025 0.6403333328125 0.514 0.6386666671875 0.53325 0.6506666671875 0.53425 0.6526666671875 0.53075 0.653 0.512
6 0.6376666671875 0.512 0.635 0.51025 0.6266666671875 0.51025 0.624 0.5115000000000001 0.6226666671875 0.5155000000000001 0.6223333328125 0.533 0.6353333328125 0.5335 0.6373333328124999 0.528 0.6376666671875 0.512
6 0.621 0.5295 0.6216666671875 0.51275 0.6206666671875001 0.511 0.6176666671875 0.50975 0.6093333328125 0.51 0.607 0.5115000000000001 0.606 0.5157499999999999 0.6056666671875 0.52975 0.6066666671875 0.533 0.619 0.5337500000000001 0.621 0.5295
6 0.6053333328125 0.51425 0.6046666671875001 0.51125 0.603 0.51 0.5916666671875 0.5095 0.5900000000000001 0.51325 0.589 0.5285 0.5900000000000001 0.533 0.6033333328125 0.5335 0.6053333328125 0.51425
6 0.7346666671875 0.51225 0.7306666671875 0.51075 0.7226666671875 0.5105000000000001 0.718 0.5125 0.7196666671874999 0.533 0.7336666671875001 0.53325 0.7353333328125 0.53025 0.7346666671875 0.51225
6 0.7516666671875 0.5125 0.748 0.511 0.74 0.5105000000000001 0.7353333328125 0.5125 0.736 0.533 0.7456666671875001 0.534 0.7513333328125 0.5335 0.7516666671875 0.5125
6 0.8493333328125001 0.5345 0.8506666671875 0.533 0.8513333328125 0.52225 0.8513333328125 0.51475 0.8496666671875 0.512 0.8460000000000001 0.511 0.835 0.51125 0.8303333328125 0.51375 0.8293333328125 0.51625 0.8286666671875 0.5245 0.8300000000000001 0.53275 0.8336666671874999 0.53425 0.8493333328125001 0.5345
6 0.8673333328125 0.53025 0.8676666671875 0.51325 0.865 0.51075 0.8576666671875 0.511 0.8533333328125 0.512 0.852 0.515 0.8516666671875001 0.53325 0.8533333328125 0.5345 0.865 0.5349999999999999 0.8673333328125 0.53025
6 0.8826666671875 0.53225 0.8836666671875 0.5135 0.8803333328124999 0.511 0.8716666671875 0.5115000000000001 0.869 0.512 0.8683333328125 0.51325 0.868 0.533 0.869 0.534 0.8806666671875 0.5349999999999999 0.8826666671875 0.53225
6 0.9283333328125 0.5349999999999999 0.9306666671875 0.53425 0.9323333328125001 0.5325 0.9326666671874999 0.5295 0.9323333328125001 0.5135 0.9279999999999999 0.5115000000000001 0.921 0.511 0.913 0.5115000000000001 0.9093333328125001 0.5135 0.9093333328125001 0.52925 0.9113333328125 0.533 0.916 0.5347500000000001 0.9283333328125 0.5349999999999999
6 0.9390000000000001 0.53525 0.9480000000000001 0.53425 0.9496666671874999 0.53275 0.951 0.5275000000000001 0.951 0.5135 0.9470000000000001 0.5105000000000001 0.9433333328125 0.50925 0.9313333328125 0.5125 0.9306666671875 0.51375 0.9346666671875001 0.518875 0.9333333328125001 0.53325 0.9390000000000001 0.53525
6 0.9296666671875 0.6495 0.9313333328125 0.6475 0.9316666671875 0.63075 0.924 0.627 0.9166666671874999 0.62725 0.9146666671875 0.6305 0.9143333328125 0.6465 0.9156666671875 0.6495 0.9183333328125001 0.6505 0.9296666671875 0.6495
6 0.9119999999999999 0.6505 0.9136666671875 0.6475 0.914 0.6295 0.9123333328125 0.6275000000000001 0.9086666671874999 0.62675 0.901 0.627 0.8983333328124999 0.6292500000000001 0.8983333328124999 0.647 0.8993333328125 0.6495 0.9 0.65025 0.9119999999999999 0.6505
6 0.8983333328124999 0.647 0.898 0.6415 0.8993333328125 0.63875 0.899 0.62975 0.897 0.62775 0.8923333328125 0.627 0.8846666671875001 0.6287499999999999 0.8846666671875001 0.649 0.8869999999999999 0.65025 0.8966666671875 0.65025 0.8983333328124999 0.647
6 0.877 0.64925 0.8806666671875 0.65025 0.8826666671875 0.6465 0.8836666671875 0.6295 0.881 0.627 0.876 0.62675 0.8716666671875 0.6275000000000001 0.868 0.63075 0.8673333328125 0.63575 0.8686666671875001 0.64825 0.8720000000000001 0.6495 0.877 0.64925
6 0.8663333328125 0.6365000000000001 0.865 0.62675 0.8523333328125 0.62675 0.8513333328125 0.63025 0.852 0.64725 0.8533333328125 0.65 0.865 0.65025 0.8663333328125 0.6365000000000001
6 0.8496666671875 0.65025 0.8513333328125 0.6465 0.8523333328125 0.63025 0.8486666671875 0.6265 0.837 0.62625 0.8353333328125 0.627 0.8343333328125 0.63475 0.836 0.64925 0.8376666671875 0.6505 0.8496666671875 0.65025
6 0.8213333328125 0.65025 0.8336666671874999 0.65025 0.8353333328125 0.63075 0.834 0.62725 0.8306666671875 0.62625 0.82 0.6265 0.819 0.6275000000000001 0.8193333328125 0.64675 0.8203333328125 0.649 0.8213333328125 0.65025
6 0.8153333328124999 0.65 0.8173333328125001 0.649 0.8186666671875 0.6435 0.8186666671875 0.6287499999999999 0.8143333328125 0.626 0.8039999999999999 0.62625 0.8026666671875 0.62675 0.8026666671875 0.6465 0.8056666671875 0.65025 0.8153333328124999 0.65
6 0.8009999999999999 0.64925 0.8023333328125 0.64625 0.8029999999999999 0.629 0.799 0.626 0.7873333328125 0.62625 0.787 0.6485000000000001 0.7893333328125001 0.65025 0.799 0.65025 0.8009999999999999 0.64925
6 0.7856666671875 0.648 0.7866666671875 0.64325 0.7863333328125 0.6292500000000001 0.7833333328125 0.62625 0.7713333328124999 0.62575 0.7703333328124999 0.6265 0.7706666671875 0.6485000000000001 0.774 0.65025 0.783 0.65025 0.7856666671875 0.648
6 0.7673333328124999 0.6497499999999999 0.7696666671875 0.645 0.77 0.63 0.7686666671875 0.62775 0.7643333328125 0.62575 0.7553333328125 0.6245 0.7503333328124999 0.62675 0.7496666671875001 0.629 0.7486666671875 0.6355000000000001 0.751 0.648 0.7553333328125 0.6497499999999999 0.7673333328124999 0.6497499999999999
6 0.7373333328125 0.63125 0.7363333328125 0.62825 0.733 0.6265 0.725 0.625 0.7233333328125 0.62675 0.7226666671875 0.648 0.7243333328125 0.6495 0.736 0.6495 0.7373333328125 0.63125
6 0.7190000000000001 0.649 0.721 0.647 0.721 0.6287499999999999 0.7183333328125 0.62575 0.7153333328125 0.625 0.709 0.6247499999999999 0.706 0.62675 0.7066666671874999 0.637625 0.7056666671875 0.648 0.7083333328125 0.6495 0.7190000000000001 0.649
6 0.7030000000000001 0.649 0.7053333328125 0.64625 0.7053333328125 0.63 0.7043333328125 0.62725 0.7013333328125 0.6247499999999999 0.6936666671875 0.62425 0.689 0.6265 0.688 0.645 0.689 0.6487499999999999 0.6906666671874999 0.6495 0.7030000000000001 0.649
6 0.686 0.6485000000000001 0.688 0.64675 0.6873333328125 0.64125 0.6886666671875 0.631 0.6866666671874999 0.625 0.6846666671875 0.624 0.6763333328125001 0.62325 0.6733333328125 0.62375 0.6696666671875 0.6265 0.6693333328125 0.6425 0.6723333328125001 0.6475 0.6769999999999999 0.6495 0.686 0.6485000000000001
6 0.6566666671875 0.64675 0.6559999999999999 0.6265 0.6543333328125 0.6245 0.6463333328124999 0.62325 0.644 0.624 0.642 0.62625 0.6423333328124999 0.64825 0.6456666671875 0.6495 0.6543333328125 0.6495 0.6566666671875 0.64675
6 0.6383333328125 0.6495 0.6403333328125 0.647 0.6403333328125 0.62975 0.639 0.6255 0.6313333328125 0.6235 0.625 0.6247499999999999 0.624 0.62625 0.625 0.64775 0.6266666671875 0.6495 0.6383333328125 0.6495
6 0.6066666671875 0.6487499999999999 0.6086666671875001 0.6465 0.6073333328125 0.6345 0.609 0.63075 0.6073333328125 0.6255 0.6036666671875001 0.62375 0.5946666671874999 0.62375 0.5916666671875 0.6247499999999999 0.5900000000000001 0.627 0.5906666671874999 0.6435 0.5923333328125 0.647 0.5953333328125 0.6495 0.6066666671875 0.6487499999999999
6 0.6243333328125 0.64675 0.623 0.6247499999999999 0.62 0.6235 0.6113333328125 0.62325 0.6083333328125 0.6252500000000001 0.6086666671875001 0.64775 0.6113333328125 0.6497499999999999 0.6226666671875 0.649 0.6243333328125 0.64675
6 0.5583333328125 0.6447499999999999 0.5586666671875 0.6265 0.5576666671875 0.6235 0.5566666671875 0.62275 0.5476666671875 0.62275 0.5443333328125 0.62425 0.5436666671875 0.64675 0.5446666671875 0.64825 0.5566666671875 0.6487499999999999 0.5583333328125 0.6447499999999999
6 0.542 0.64625 0.5426666671875 0.6247499999999999 0.5413333328125 0.623 0.5313333328125001 0.623 0.5286666671875 0.62425 0.528 0.6265 0.528 0.64675 0.5293333328125 0.648 0.5406666671875 0.648 0.542 0.64625
6 0.3456666671875 0.64775 0.34700000000000003 0.6465 0.3466666671875 0.6255 0.34500000000000003 0.6245 0.3353333328125 0.62425 0.333 0.626 0.3323333328125 0.63025 0.33199999999999996 0.64625 0.3333333328125 0.64825 0.3416666671875 0.6487499999999999 0.3456666671875 0.64775
6 0.3623333328125 0.6465 0.3643333328125 0.626 0.3613333328125 0.62375 0.3553333328125 0.6235 0.3496666671875 0.6247499999999999 0.3483333328125 0.62675 0.348 0.6465 0.3496666671875 0.648 0.3613333328125 0.6475 0.3623333328125 0.6465
6 0.379 0.6465 0.3806666671875 0.6255 0.3783333328125 0.62375 0.36833333281249997 0.623 0.365 0.626 0.3643333328125 0.6465 0.3673333328125 0.648 0.37666666718749997 0.64825 0.379 0.6465
6 0.3963333328125 0.6465 0.398 0.623 0.3843333328125 0.62275 0.38133333281250004 0.62575 0.3803333328125 0.64675 0.384 0.6485000000000001 0.393 0.6485000000000001 0.3963333328125 0.6465
6 0.41200000000000003 0.6465 0.4136666671875 0.623 0.3996666671875 0.62275 0.3976666671875 0.625 0.397 0.64675 0.4 0.6485000000000001 0.4103333328125 0.64825 0.41200000000000003 0.6465
6 0.42800000000000005 0.64675 0.429 0.623 0.41566666718749995 0.62275 0.4136666671875 0.62675 0.413 0.64675 0.41566666718749995 0.6485000000000001 0.4263333328125 0.648 0.42800000000000005 0.64675
6 0.44400000000000006 0.64625 0.4443333328125 0.6245 0.4313333328125 0.623 0.4306666671875 0.6265 0.4303333328125 0.64675 0.43166666718749996 0.64825 0.442 0.64825 0.44400000000000006 0.64625
6 0.461 0.6465 0.46166666718749994 0.63875 0.4613333328125 0.62325 0.4476666671875 0.62375 0.4463333328125 0.629 0.4463333328125 0.64725 0.4503333328125 0.6487499999999999 0.4596666671875 0.648 0.461 0.6465
6 0.47766666718749995 0.64625 0.47766666718749995 0.624 0.46666666718750005 0.62275 0.4643333328125 0.623 0.46299999999999997 0.6255 0.46266666718750005 0.6465 0.466 0.6487499999999999 0.475 0.64825 0.47766666718749995 0.64625
6 0.5263333328125 0.647 0.5266666671875 0.623 0.5126666671875 0.623 0.5116666671875 0.6252500000000001 0.5113333328125 0.64625 0.5133333328125 0.64825 0.5253333328124999 0.64825 0.5263333328125 0.647
6 0.51 0.64675 0.5096666671875 0.623 0.497 0.62275 0.49533333281249997 0.6235 0.49466666718749996 0.6465 0.49733333281250003 0.64825 0.5083333328124999 0.648 0.51 0.64675
6 0.4943333328125 0.6465 0.4943333328125 0.623 0.484 0.6224999999999999 0.4796666671875 0.623 0.479 0.624 0.47866666718750006 0.6465 0.48166666718749995 0.6485000000000001 0.49233333281249997 0.648 0.4943333328125 0.6465
7 0.407955 0.127876 0.318328 0.12406225 0.3198513328125 0.16673425 0.407447 0.170163 0.407955 0.127876
7 0.4942176671875 0.13011475 0.4081453328125 0.1271565 0.40712966718750004 0.18459275 0.4921863328125 0.18668800000000002 0.4942176671875 0.13011475
7 0.5790203328125 0.13163875 0.4935193328125 0.12953699999999999 0.4921863328125 0.186307 0.5769893328125 0.18859275 0.5790203328125 0.13163875
7 0.6636326671874999 0.13354225 0.578576 0.13072699999999998 0.5767986671875 0.18744875 0.6610936671875 0.18935375000000002 0.6636326671874999 0.13354225
7 0.7474833328125 0.134923 0.6633153328125 0.13263125 0.65938 0.1888295 0.7441826671875 0.19073425 0.7474833328125 0.134923
7 0.8320323328124999 0.13682775 0.746468 0.13382149999999998 0.7454523328125 0.17721 0.8287316671875 0.17911475 0.8320323328124999 0.13682775
7 0.9143596671875001 0.13721125 0.831842 0.13548775 0.8287953328125001 0.178927 0.9110590000000001 0.18083175 0.9143596671875001 0.13721125
10 0.582263 0.42499450000000005 0.583202 0.42217725 0.5841406671875 0.39837075 0.5841406671875 0.39414475000000004 0.5632986671875 0.39399225000000004 0.5631109999999999 0.41851475000000005 0.5612333328125 0.42569875 0.582263 0.42499450000000005
2 0.5525610000000001 0.92820675 0.5129699999999999 0.92812825 0.5120183328125 0.99175225 0.5489446671875 0.9911809999999999 0.5525610000000001 0.92820675
1 0.9121159999999999 0.9472685000000001 0.8405476671875001 0.9468402499999999 0.8382633328125 0.979541 0.909451 0.9799694999999999 0.9121159999999999 0.9472685000000001
5 0.5682243328125 0.9493557499999999 0.5512406671875001 0.949456 0.5492346671874999 0.9839689999999999 0.5675556671875001 0.983668 0.5682243328125 0.9493557499999999
5 0.5856093328124999 0.9488540000000001 0.5678566671875 0.94884875 0.5678233328125 0.98296575 0.5856093328124999 0.98286525 0.5856093328124999 0.9488540000000001
0 0.6561423328125 0.435923 0.6749536671875 0.43615675 0.6751616671875 0.430075 0.6781756671875 0.4288275 0.679007 0.39288249999999997 0.677552 0.39272675 0.674434 0.4069955 0.660871 0.40291449999999995 0.659468 0.42843749999999997 0.6558303328124999 0.429841 0.6561423328125 0.435923
0 0.6751616671875 0.43600075 0.6940769999999999 0.43600075 0.6944926671875 0.43015299999999995 0.6967793328125 0.42945124999999995 0.6994816671875 0.39420825000000004 0.6965713328125 0.39288249999999997 0.695948 0.38680075 0.6930376671875 0.38726875 0.6949086671875 0.3932725 0.6936613328125001 0.40730725 0.6825406671875001 0.40691750000000004 0.679059 0.399017 0.6785913328125 0.4286715 0.6752656671875 0.43054275000000003 0.6751616671875 0.43600075
0 0.6979746671875 0.42849675 0.6946486671875001 0.43029025 0.694233 0.43582625 0.7129406671875 0.43567025 0.7129406671875 0.42997825 0.7161623328125 0.42873075 0.718137 0.3966065 0.7150193328125 0.40549525 0.7021316671875 0.4022205 0.7056653328125 0.398244 0.7037946671875 0.39278599999999997 0.7058733328125 0.389511 0.7149153328125 0.38756175000000004 0.7149153328125 0.38662625 0.696987 0.3868375 0.6967273328125 0.392708 0.6999493328125 0.39403350000000004 0.6979746671875 0.42849675
0 0.7139800000000001 0.43005625 0.7133563328125 0.43551425000000005 0.7322716671875 0.436372 0.7328953328125001 0.4290425 0.7357013328125 0.42857475 0.7382996671875001 0.3994135 0.719982 0.3966785 0.7186566671875 0.3963725 0.718241 0.42763925 0.7139800000000001 0.43005625
0 0.7331293328124999 0.43578625000000004 0.752876 0.436332 0.7533956671875 0.43009424999999996 0.7571373328125001 0.42884675000000005 0.7595276671875 0.39734625 0.7491346671875 0.40257050000000005 0.748199 0.40545549999999997 0.7466403328125 0.4076385 0.7448733328125 0.40818450000000006 0.7435223328125 0.406625 0.744146 0.39781425000000004 0.739599 0.399212 0.7396766671874999 0.42783325000000005 0.7338566671875 0.42986050000000003 0.7331293328124999 0.43578625000000004
0 0.7536036671875 0.43602025 0.7715836671875 0.43625400000000003 0.7715836671875 0.42978249999999996 0.7766763328125 0.42923675 0.7782353328125 0.41527975 0.7644123328125 0.40982175 0.763373 0.39633275 0.7599953328125 0.39716575 0.7584883328124999 0.42791125 0.7538113328125 0.43064025 0.7536036671875 0.43602025
0 0.7721033328125 0.43617625000000004 0.7916423328125 0.436878 0.79237 0.4299385 0.7969426671875001 0.42923675 0.7988136671875 0.3940715 0.7943446671875 0.3939155 0.7925776671875 0.406703 0.7953836671875 0.41216100000000006 0.7840553328125 0.41582549999999996 0.7790926671875 0.4148015 0.7778193328125 0.42837899999999995 0.7732466671875 0.43032824999999997 0.7721033328125 0.43617625000000004
5 0.408638 0.8415542500000001 0.3891003328125 0.84190875 0.38892000000000004 0.87519925 0.4081573328125 0.8749285 0.408638 0.8415542500000001
5 0.4273943328125 0.8415542500000001 0.408488 0.84168325 0.40827733281249995 0.87501875 0.4269133328125 0.8743872500000001 0.4273943328125 0.8415542500000001
5 0.4461506671875 0.84128375 0.427274 0.841007 0.42655266718749996 0.8751089999999999 0.4455493328125 0.8751089999999999 0.4461506671875 0.84128375
5 0.46478633281250004 0.84092275 0.4466613328125 0.84134525 0.445429 0.8753795 0.46310333281249993 0.8755599999999999 0.46478633281250004 0.84092275
5 0.4840236671875 0.84038175 0.46559799999999996 0.84055625 0.4638246671875 0.873756 0.48258066718750003 0.8739362500000001 0.4840236671875 0.84038175
5 0.5020583328125 0.8405834999999999 0.483783 0.840403 0.4823403328125 0.87350675 0.500856 0.8738675 0.5020583328125 0.8405834999999999
5 0.5202133328125 0.84022275 0.501968 0.84033075 0.500856 0.87260475 0.519492 0.8737774999999999 0.5202133328125 0.84022275
5 0.5819223328125 0.8397485 0.563587 0.83988 0.5612423328125 0.87285225 0.5805996671875 0.8738445 0.5819223328125 0.8397485
5 0.5995963328125 0.839929 0.5813213328125 0.8395417500000001 0.580239 0.8734835000000001 0.5981536671875001 0.8738445 0.5995963328125 0.839929
5 0.618473 0.8394780000000001 0.599356 0.8392035 0.5971916671875 0.87402475 0.6166693328124999 0.8748365 0.618473 0.8394780000000001
5 0.6362673328125 0.8396582499999999 0.6184426671875001 0.8396545 0.616549 0.874115 0.6348243328125001 0.87447575 0.6362673328125 0.8396582499999999
5 0.6546626671875 0.8400190000000001 0.6364776671875 0.839429 0.6343433328125 0.8746562499999999 0.6528593328125 0.8746562499999999 0.6546626671875 0.8400190000000001
5 0.6732986671875001 0.8395680000000001 0.6549633328125 0.8399924999999999 0.6526186671875001 0.87447575 0.6716153328125001 0.8743855 0.6732986671875001 0.8395680000000001
5 0.6894096671875001 0.875017 0.6918143328124999 0.8401995 0.6732986671875001 0.839429 0.6731783328125001 0.83938775 0.6718556671875 0.8743855 0.6894096671875001 0.875017
5 0.7888113328124999 0.8398160000000001 0.7708366671875 0.8397672500000001 0.7681316671875 0.872649 0.7877293328125 0.8731 0.7888113328124999 0.8398160000000001
5 0.8066056671874999 0.8402670000000001 0.788571 0.8399924999999999 0.78809 0.872198 0.8050426671875 0.8724684999999999 0.8066056671874999 0.8402670000000001
5 0.8258426671875 0.8407180000000001 0.806756 0.8396545 0.805163 0.8728294999999999 0.8245203328124999 0.8733705 0.8258426671875 0.8407180000000001
5 0.843637 0.8402670000000001 0.825963 0.840357 0.8253619999999999 0.8728294999999999 0.8427956671875 0.8722882500000001 0.843637 0.8402670000000001
5 0.8620326671875 0.84055975 0.843637 0.84010875 0.8424346671875 0.87330275 0.8610706671875 0.8732125 0.8620326671875 0.84055975
5 0.8799469999999999 0.84037925 0.861762 0.84010525 0.860229 0.8732125 0.878865 0.87339275 0.8799469999999999 0.84037925
5 0.8983426671875 0.84037925 0.8796466671875001 0.84010525 0.8794663328125001 0.8732125 0.8976213328125 0.873483 0.8983426671875 0.84037925
5 0.916618 0.84055975 0.8979820000000001 0.84033075 0.8972606671875001 0.8732125 0.9152953328125 0.87357325 0.916618 0.84055975