7 0.2891573328125 0.03685475 0.1918903328125 0.02539475 0.184835 0.09078699999999999 0.281046 0.10245275000000001 0.2891573328125 0.03685475
7 0.38770066718749996 0.0494465 0.2892366671875 0.03727375 0.281576 0.1021955 0.3762093328125 0.11352275 0.38770066718749996 0.0494465
7 0.48481300000000005 0.060097750000000005 0.3883766671875 0.048939250000000004 0.3798146671875 0.11183225000000001 0.47332166718749996 0.12468125000000001 0.48481300000000005 0.060097750000000005
7 0.5789586671875 0.0715915 0.48428933281250003 0.059831999999999996 0.47418566718750005 0.125862 0.5663406671875 0.13566775 0.5789586671875 0.0715915
7 0.7665713328125 0.094112 0.6738696671875 0.082438 0.6647273328125001 0.13232125 0.7562066671875 0.1433105 0.7665713328125 0.094112
0 0.3674426671875 0.348978 0.36473 0.3488215 0.3590963328125 0.41019675 0.3991593328125 0.41426749999999996 0.4106356671875 0.33692225 0.3707496671875 0.33206250000000004 0.3689033328125 0.342872 0.36785999999999996 0.34255874999999997 0.3674426671875 0.348978
0 0.3991593328125 0.4145805 0.43922233281249995 0.41849474999999997 0.45111633281249996 0.34005375 0.41092399999999996 0.33597575 0.40750566718750003 0.353362 0.40646266718749996 0.35508425 0.3991593328125 0.4145805
0 0.634694 0.37026375 0.63297 0.37773724999999997 0.6390993328125 0.37629999999999997 0.6314379999999999 0.41510425 0.6260746671875 0.415679 0.624351 0.42358375 0.6209033328125 0.42329625000000004 0.618605 0.43493750000000003 0.655763 0.43838675 0.6588276671875 0.42703300000000005 0.6630413328125 0.42746399999999996 0.6649566671875 0.41912825 0.6701283328125001 0.419847 0.6783643328125 0.380899 0.6730013328125 0.37903074999999997 0.674342 0.37414424999999996 0.6695536671875 0.372707 0.6716606671875 0.36293425 0.632224 0.359227 0.6323956671875 0.359485 0.6308633328125001 0.37127 0.634694 0.37026375
0 0.673959 0.37414424999999996 0.673193 0.37874325 0.678939 0.380468 0.6712773328125 0.418266 0.6655313328125 0.419272 0.6638076671875 0.42688925 0.6592106671875 0.42688925 0.6571036671875 0.43824300000000005 0.694645 0.44111725 0.6969433328125 0.430051 0.7030726671875 0.4293325 0.703264 0.422434 0.710734 0.422434 0.7191616671875 0.3842045 0.7126493328125 0.381905 0.713607 0.37701875 0.7088186671875001 0.37601249999999997 0.7109256671875 0.36638350000000003 0.6724533328125 0.36263925 0.6726183328124999 0.36293425 0.6697453328125 0.37213225 0.673959 0.37414424999999996
0 0.7134156671875 0.3821925 0.7191616671875 0.38463575 0.712458 0.42214650000000004 0.7047963328125 0.422434 0.7030726671875 0.42947625 0.6980926671875001 0.42976349999999996 0.6948366671875 0.44169225 0.7337183328125 0.44528524999999997 0.7363999999999999 0.43335650000000003 0.7423376671875 0.433644 0.7440613328125 0.42559575 0.7511483328125 0.42588324999999994 0.7590013328125 0.387079 0.7519143328125 0.386073 0.7532553328125 0.38061175 0.746743 0.37931824999999997 0.7486583328124999 0.37012025 0.7107673328125 0.36623125 0.7088186671875001 0.375869 0.7139903328125 0.37701875 0.7134156671875 0.3821925
2 0.2040873328125 0.99934075 0.244386 0.99975 0.2560636671875 0.9364595 0.21761466718750003 0.93332175 0.21461999999999998 0.9493449999999999 0.2091246671875 0.9591379999999999 0.2040873328125 0.99934075
5 0.10161500000000001 0.868323 0.1073176671875 0.83216725 0.0841596671875 0.8309312500000001 0.083795 0.8313115 0.0798033328125 0.867788 0.10161500000000001 0.868323
5 0.1284163328125 0.8336650000000001 0.1073296671875 0.832268 0.10104500000000001 0.86875075 0.12228633281250001 0.8702485 0.1284163328125 0.8336650000000001
5 0.1426723328125 0.8711042499999999 0.1488023328125 0.8351625 0.1281823328125 0.8336047499999999 0.1279886671875 0.833558 0.1218586671875 0.8700345 0.1426723328125 0.8711042499999999
5 0.170614 0.8360182500000001 0.1492133328125 0.834674 0.141817 0.871425 0.1627733328125 0.8732435000000001 0.170614 0.8360182500000001
5 0.1917126671875 0.836981 0.1707793328125 0.83560975 0.16320099999999998 0.8730295 0.1844423328125 0.8740992500000001 0.1917126671875 0.836981
5 0.20539866718750002 0.87420625 0.21067333281249997 0.83794375 0.19181033281249998 0.836679 0.1911426671875 0.836767 0.18529766718750001 0.8727087499999999 0.20539866718750002 0.87420625
5 0.2306316671875 0.83901325 0.21081599999999998 0.83751575 0.2046856671875 0.8737785 0.2262123328125 0.874741 0.2306316671875 0.83901325
5 0.2991986671875 0.843708 0.279136 0.8421727499999999 0.2727026671875 0.8780665000000001 0.2929483328125 0.87959575 0.2991986671875 0.843708
5 0.319444 0.84513525 0.29935066718750003 0.8433192500000001 0.29281233281249996 0.878984 0.31292200000000003 0.8810232499999999 0.319444 0.84513525
5 0.3329013328125 0.8834175 0.3401026671875 0.8464079999999999 0.3197356671875 0.8449755 0.3194496671875 0.8451847499999999 0.3121123328125 0.8813785 0.3329013328125 0.8834175
5 0.3526033328125 0.88402925 0.359669 0.8478355000000001 0.3399506671875 0.84599475 0.3395593328125 0.84651 0.3324936671875 0.88280575 0.3526033328125 0.88402925
5 0.379371 0.848855 0.35982566718750003 0.84752375 0.351924 0.8848447500000001 0.37244133281249997 0.8857625 0.379371 0.848855
5 0.400024 0.8497725 0.379531 0.84867025 0.3723053328125 0.8859662500000001 0.392415 0.88739375 0.400024 0.8497725
5 0.4195903328125 0.8513019999999999 0.4005953328125 0.8499442500000001 0.393366 0.8869859999999999 0.41334 0.88851525 0.4195903328125 0.8513019999999999
5 0.262139 0.99537925 0.26874 0.9585414999999999 0.25104866718749996 0.9577055 0.25045 0.9577159999999999 0.24481166718749997 0.9932124999999999 0.262139 0.99537925
5 0.2900553328125 0.95977975 0.269101 0.95835025 0.262689 0.9946569999999999 0.2840046671875 0.996308 0.2900553328125 0.95977975
5 0.5257973328125 0.8591179999999999 0.5067876671875 0.8570992499999999 0.4999503328125 0.8922375 0.5193026671875 0.893431 0.5257973328125 0.8591179999999999
5 0.5451496671875 0.860411 0.52593 0.8590185 0.519435 0.8933315000000001 0.5389196671875001 0.89502225 0.5451496671875 0.860411
5 0.5655623328125 0.8623004999999999 0.5457303328124999 0.860455 0.5386546671875 0.8955197500000001 0.5595976671875 0.8975087500000001 0.5655623328125 0.8623004999999999
5 0.5785593328124999 0.898203 0.5839936671875 0.8628954999999999 0.565782 0.8619465 0.5653043328125 0.86190075 0.5593396671875001 0.8969099999999999 0.5785593328124999 0.898203
5 0.604804 0.86458625 0.5849216671875 0.8625970000000001 0.5785593328124999 0.89800425 0.5979113328125 0.8993964999999999 0.604804 0.86458625
5 0.624554 0.86577975 0.604804 0.8642877500000001 0.5981766671875001 0.89879975 0.6179263328125 0.90039125 0.624554 0.86577975
5 0.6440386671875 0.8668737500000001 0.6242886671875 0.86558075 0.6176613328125 0.9006895 0.6376763328124999 0.9015847499999999 0.6440386671875 0.8668737500000001
5 0.6633910000000001 0.8686640000000001 0.6438333328125 0.8671665000000001 0.636881 0.90148525 0.6558356671875 0.9030765000000001 0.6633910000000001 0.8686640000000001
0 0.5426263328125 0.25819725 0.5364723328125 0.30534075 0.5564016671875 0.307991 0.5641163328125 0.25980525 0.5426263328125 0.25819725
0 0.5576873328125 0.3063045 0.5766106671875 0.30899325 0.585171 0.2622145 0.5650806671875 0.2604075 0.5576873328125 0.3063045
0 0.607029 0.265949 0.5859746671875 0.26293725 0.5782948828125 0.3087466734375 0.6001179999999999 0.31076175 0.607029 0.265949
0 0.5997966671875 0.31040025 0.6205296671875 0.3128095 0.6280836671875 0.2671535 0.6078326671875 0.265467 0.5997966671875 0.31040025
0 0.6525133328125 0.269322 0.6459236671874999 0.31545975 0.6655316671875 0.31714625 0.6732463328125 0.27136974999999997 0.6525133328125 0.269322
0 0.6943010000000001 0.27365875 0.6743716671875 0.2707675 0.6672996671875 0.316303 0.688033 0.31919425 0.6943010000000001 0.27365875
0 0.7177663328125 0.2822115 0.715195 0.275586 0.6960689999999999 0.27365875 0.6904436671874999 0.31919425 0.6909259999999999 0.3195555 0.7118196671875 0.321483 0.7177663328125 0.2822115
7 0.19087300000000001 0.025558249999999998 0.0835826671875 0.0111155 0.08727966718749999 0.06322175 0.1807273328125 0.075242 0.19087300000000001 0.025558249999999998
7 0.6739296671874999 0.084645 0.580272 0.07069800000000001 0.5714043328125 0.11870225000000001 0.66325 0.12992125000000002 0.6739296671874999 0.084645
1 0.6408403328125 0.9823985000000001 0.5666636671874999 0.976193 0.5626613328125 0.99863225 0.64004 0.99975 0.639773 0.9970112500000001 0.6408403328125 0.9823985000000001
6 0.1386666671875 0.23625 0.13899999999999998 0.22825 0.137 0.22549999999999998 0.134 0.22374999999999998 0.123 0.22325 0.1193333328125 0.23275 0.1173333328125 0.24825 0.1223333328125 0.25 0.1346666671875 0.2495 0.1386666671875 0.23625
6 0.155 0.24825 0.1586666671875 0.231 0.1583333328125 0.227 0.1563333328125 0.22599999999999998 0.142 0.22475 0.13899999999999998 0.22825 0.1366666671875 0.24825 0.1396666671875 0.2505 0.1503333328125 0.25225 0.155 0.24825
6 0.16999999999999998 0.25225 0.17266666718749998 0.23575 0.17233333281250002 0.23199999999999998 0.1696666671875 0.22825 0.1616666671875 0.22725 0.1583333328125 0.24025 0.157 0.24775 0.158 0.2505 0.1653333328125 0.25275 0.16999999999999998 0.25225
6 0.1933333328125 0.25075 0.1953333328125 0.24500000000000002 0.195 0.2325 0.1856666671875 0.22925 0.1813333328125 0.22974999999999998 0.178 0.24325000000000002 0.1776666671875 0.25225 0.181 0.25375000000000003 0.1903333328125 0.2545 0.1933333328125 0.25075
6 0.2106666671875 0.25575000000000003 0.213 0.25 0.2146666671875 0.23675000000000002 0.2126666671875 0.2325 0.20433333281250002 0.23224999999999998 0.20099999999999998 0.23349999999999999 0.19766666718749998 0.24700000000000003 0.19866666718749998 0.2525 0.197 0.25575000000000003 0.2046666671875 0.25725 0.2106666671875 0.25575000000000003
6 0.2273333328125 0.261 0.23199999999999998 0.26 0.2323333328125 0.24775 0.2343333328125 0.24125000000000002 0.2323333328125 0.23625 0.2246666671875 0.23500000000000001 0.22233333281249998 0.23625 0.22000000000000003 0.24 0.21833333281249998 0.24874999999999997 0.2176666671875 0.25675 0.2186666671875 0.25875 0.2206666671875 0.26 0.2273333328125 0.261
6 0.25433333281250003 0.252 0.25433333281250003 0.246 0.2556666671875 0.244 0.25466666718750003 0.24 0.24933333281249997 0.23675000000000002 0.24100000000000002 0.23675000000000002 0.23866666718750001 0.24300000000000002 0.2366666671875 0.261 0.23900000000000002 0.2625 0.25166666718749997 0.26425 0.25433333281250003 0.252
6 0.2713333328125 0.2685 0.2743333328125 0.26549999999999996 0.2776666671875 0.24725000000000003 0.2793333328125 0.244 0.2753333328125 0.23900000000000002 0.2633333328125 0.238 0.2606666671875 0.24 0.259 0.24725000000000003 0.2573333328125 0.265 0.2636666671875 0.26975 0.2676666671875 0.26975 0.2713333328125 0.2685
6 0.286 0.26949999999999996 0.29100000000000004 0.27149999999999996 0.29333333281249996 0.26925 0.2946666671875 0.26749999999999996 0.29500000000000004 0.25525000000000003 0.29900000000000004 0.248 0.29700000000000004 0.242 0.29100000000000004 0.24 0.2833333328125 0.2405 0.2816666671875 0.2415 0.2803333328125 0.24375 0.2776666671875 0.26225 0.277 0.26749999999999996 0.279 0.26949999999999996 0.282 0.27025 0.286 0.26949999999999996
6 0.316 0.26375000000000004 0.317 0.2555 0.3203333328125 0.24825 0.318 0.2445 0.3023333328125 0.2425 0.3003333328125 0.2455 0.298 0.262 0.2986666671875 0.27 0.31033333281250003 0.27349999999999997 0.3136666671875 0.26975 0.316 0.26375000000000004
6 0.32975666718749996 0.273822 0.3303333328125 0.27575 0.3333333328125 0.271 0.3363333328125 0.2555 0.3363333328125 0.24975 0.33399999999999996 0.24674999999999997 0.3313333328125 0.24700000000000003 0.32599999999999996 0.24525000000000002 0.321 0.2465 0.31766666718750003 0.26325 0.3186846671875 0.27022575 0.32274433281250003 0.27216225 0.3275423328125 0.272992 0.32975666718749996 0.273822
6 0.3536666671875 0.27475 0.3546666671875 0.27225 0.3576666671875 0.25125000000000003 0.3536666671875 0.24874999999999997 0.3423333328125 0.24700000000000003 0.3393333328125 0.25 0.3363333328125 0.272 0.3386666671875 0.275 0.3503333328125 0.27625 0.3536666671875 0.27475
6 0.372 0.275 0.373 0.268 0.375 0.26375000000000004 0.3743333328125 0.25925 0.376 0.25525000000000003 0.374 0.2515 0.369 0.2495 0.361 0.2495 0.3596666671875 0.2515 0.357 0.268 0.3566666671875 0.27549999999999997 0.36066666718749996 0.27749999999999997 0.369 0.2785 0.372 0.275
6 0.37666666718749997 0.28025 0.3923333328125 0.27999999999999997 0.3933333328125 0.2725 0.3983333328125 0.2595 0.3886666671875 0.2535 0.381 0.25175000000000003 0.3776666671875 0.2555 0.378 0.2645 0.375 0.274 0.37533333281250003 0.27925 0.37666666718749997 0.28025
6 0.524 0.28700000000000003 0.525 0.2705 0.5213333328124999 0.267 0.5136666671875 0.26749999999999996 0.5123333328124999 0.273 0.5103333328125 0.29100000000000004 0.513 0.292 0.5213333328124999 0.292 0.524 0.28700000000000003
6 0.5026666671875 0.29325 0.5056666671875 0.29100000000000004 0.5083333328124999 0.272 0.5086666671875 0.26725 0.506 0.26425 0.49766666718749997 0.26349999999999996 0.4943333328125 0.26475 0.4916666671875 0.2785 0.49066666718749996 0.2915 0.4926666671875 0.29225 0.497 0.2915 0.5026666671875 0.29325
6 0.4663333328125 0.28725 0.4686666671875 0.28025 0.4703333328125 0.26325 0.46666666718750005 0.2605 0.45999999999999996 0.26025 0.4583333328125 0.26025 0.45599999999999996 0.26325 0.45366666718750004 0.28625 0.45499999999999996 0.2875 0.457 0.28675 0.4663333328125 0.28725
6 0.4446666671875 0.29 0.44699999999999995 0.2915 0.4493333328125 0.28475 0.4526666671875 0.264 0.45099999999999996 0.2585 0.44966666718750004 0.25775000000000003 0.44333333281250004 0.25625 0.4373333328125 0.25925 0.43433333281250003 0.27425 0.434 0.28500000000000003 0.43533333281250003 0.292 0.4376666671875 0.29 0.4446666671875 0.29
6 0.42000000000000004 0.28700000000000003 0.4233333328125 0.28525 0.4313333328125 0.28525 0.43533333281250003 0.26375000000000004 0.43433333281250003 0.2605 0.4286666671875 0.26 0.42000000000000004 0.26275 0.4183333328125 0.26425 0.417 0.271 0.4153333328125 0.282 0.41600000000000004 0.28650000000000003 0.41966666718749995 0.28825 0.42000000000000004 0.28700000000000003
6 0.40833333281249995 0.2815 0.41100000000000003 0.2785 0.41233333281249995 0.267 0.4106666671875 0.2595 0.40800000000000003 0.2565 0.40433333281249995 0.2615 0.4 0.26425 0.3983333328125 0.26725 0.397 0.27425 0.3976666671875 0.2785 0.3996666671875 0.27975 0.40833333281249995 0.2815
6 0.48600000000000004 0.28925 0.4886666671875 0.26775000000000004 0.4863333328125 0.26525 0.473506 0.26248974999999997 0.47239899999999996 0.27493775 0.47239899999999996 0.28378975 0.4716606671875 0.28710925 0.483 0.28775 0.48600000000000004 0.28925
6 0.306 0.374 0.31433333281250003 0.375 0.317 0.37075 0.3193333328125 0.3585 0.3226666671875 0.35350000000000004 0.3226666671875 0.34950000000000003 0.31966666718750003 0.3445 0.31433333281250003 0.34225 0.3056666671875 0.34275 0.301 0.34475 0.305 0.35625 0.3026666671875 0.36275 0.3023333328125 0.3725 0.306 0.374
6 0.2986666671875 0.37374999999999997 0.3026666671875 0.36075 0.30533333281249997 0.35724999999999996 0.3036666671875 0.3505 0.29900000000000004 0.34575 0.2873333328125 0.34625 0.2856666671875 0.34950000000000003 0.2826666671875 0.36924999999999997 0.286 0.372 0.2936666671875 0.37225 0.2986666671875 0.37374999999999997
6 0.279 0.36974999999999997 0.2846666671875 0.34950000000000003 0.284 0.346 0.2796666671875 0.3445 0.2673333328125 0.34425 0.2633333328125 0.36075 0.263 0.3695 0.2653333328125 0.3715 0.2716666671875 0.37324999999999997 0.279 0.36974999999999997
6 0.2026666671875 0.36275 0.2046666671875 0.3585 0.2066666671875 0.34575 0.207 0.341 0.2053333328125 0.33775 0.194 0.33575 0.1886666671875 0.33725 0.186 0.3545 0.1856666671875 0.36150000000000004 0.189 0.36425 0.2013333328125 0.36375 0.2026666671875 0.36275
6 0.1873333328125 0.33775 0.1856666671875 0.3365 0.17433333281250002 0.3345 0.17033333281250002 0.335 0.1686666671875 0.33775 0.1653333328125 0.35225 0.16499999999999998 0.35750000000000004 0.16599999999999998 0.3585 0.1813333328125 0.3605 0.1873333328125 0.33775
6 0.0876666671875 0.34475 0.09066666718750001 0.32225000000000004 0.0873333328125 0.3215 0.0836666671875 0.31775000000000003 0.076 0.317 0.0723333328125 0.31925 0.0706666671875 0.32675 0.07033333281250001 0.34225 0.072 0.34375 0.076 0.34475 0.0876666671875 0.34475
6 0.10700000000000001 0.34725 0.10833333281249999 0.346 0.10900000000000001 0.3225 0.10266666718749999 0.319 0.0956666671875 0.3175 0.0933333328125 0.31875 0.0923333328125 0.321 0.093 0.3265 0.09066666718750001 0.34550000000000003 0.0946666671875 0.34675 0.10700000000000001 0.34725
6 0.131 0.33925 0.131 0.32625000000000004 0.123 0.3225 0.11499999999999999 0.32175 0.11333333281249999 0.327 0.1106666671875 0.34575 0.1146666671875 0.348 0.1266666671875 0.34925 0.131 0.33925
6 0.1346666671875 0.35025 0.1463333328125 0.35175 0.15 0.35350000000000004 0.1553333328125 0.35350000000000004 0.1573333328125 0.35075 0.1583333328125 0.34575 0.1586666671875 0.33325 0.1576666671875 0.32975 0.1503333328125 0.32475 0.13799999999999998 0.32375 0.134 0.32575 0.132 0.34199999999999997 0.13033333281249998 0.34525 0.13133333281249998 0.3485 0.1346666671875 0.35025
6 0.0546666671875 0.46325000000000005 0.0533333328125 0.45875000000000005 0.040999999999999995 0.45675 0.037 0.45824999999999994 0.0336666671875 0.47525000000000006 0.0333333328125 0.48224999999999996 0.048 0.4835 0.0506666671875 0.48224999999999996 0.0546666671875 0.46325000000000005
6 0.06733333281250001 0.4835 0.0696666671875 0.46950000000000003 0.07133333281250001 0.46699999999999997 0.071 0.46275000000000005 0.06833333281250001 0.4605 0.062 0.45975 0.056333332812500005 0.4605 0.0533333328125 0.475 0.0533333328125 0.48274999999999996 0.0566666671875 0.48425 0.064 0.485 0.06733333281250001 0.4835
6 0.0753333328125 0.48624999999999996 0.0876666671875 0.48674999999999996 0.092 0.47874999999999995 0.0913333328125 0.47424999999999995 0.0936666671875 0.46275000000000005 0.08399999999999999 0.46075 0.07666666718750001 0.461 0.074 0.46275000000000005 0.0733333328125 0.47275 0.0706666671875 0.47975 0.071 0.48375 0.0753333328125 0.48624999999999996
6 0.11000000000000001 0.48624999999999996 0.11233333281249999 0.46799999999999997 0.11033333281249999 0.462 0.10800000000000001 0.461 0.0996666671875 0.46075 0.0956666671875 0.46175 0.0926666671875 0.472 0.09066666718750001 0.48624999999999996 0.0953333328125 0.488 0.10800000000000001 0.48825 0.11000000000000001 0.48624999999999996
6 0.1233333328125 0.48975 0.127 0.48224999999999996 0.13 0.46624999999999994 0.127 0.46425 0.1236666671875 0.46399999999999997 0.11499999999999999 0.46425 0.1126666671875 0.46624999999999994 0.11299999999999999 0.47525000000000006 0.11033333281249999 0.48650000000000004 0.11399999999999999 0.48875 0.1233333328125 0.48975
6 0.14566666718750002 0.4875 0.147 0.47325 0.1463333328125 0.46675000000000005 0.1426666671875 0.465 0.13333333281249998 0.4665 0.13133333281249998 0.47474999999999995 0.13 0.48600000000000004 0.1306666671875 0.49024999999999996 0.1426666671875 0.4915 0.14566666718750002 0.4875
6 0.17133333281250002 0.49000000000000005 0.173 0.4715 0.172 0.46925 0.1673333328125 0.466 0.159 0.46675000000000005 0.1563333328125 0.47050000000000003 0.1566666671875 0.47350000000000003 0.1516666671875 0.484 0.1503333328125 0.491 0.1593333328125 0.49275 0.1666666671875 0.492 0.17133333281250002 0.49000000000000005
6 0.24733333281249997 0.49924999999999997 0.2496666671875 0.49725 0.251 0.49074999999999996 0.251 0.475 0.2483333328125 0.47350000000000003 0.24 0.47275 0.23533333281250002 0.48 0.23399999999999999 0.4925 0.2346666671875 0.49749999999999994 0.2363333328125 0.499 0.24733333281249997 0.49924999999999997
6 0.25233333281250003 0.49974999999999997 0.2553333328125 0.5015 0.2673333328125 0.50175 0.2713333328125 0.5002500000000001 0.2733333328125 0.49725 0.2753333328125 0.48775 0.2766666671875 0.47850000000000004 0.2753333328125 0.47424999999999995 0.2633333328125 0.46925 0.2606666671875 0.46950000000000003 0.25233333281250003 0.47474999999999995 0.2513333328125 0.47750000000000004 0.251 0.48375 0.2526666671875 0.48975 0.2513333328125 0.49775 0.25233333281250003 0.49974999999999997
6 0.3443333328125 0.50875 0.3496666671875 0.49450000000000005 0.3506666671875 0.48250000000000004 0.3413333328125 0.48125 0.3343333328125 0.48274999999999996 0.33166666718750004 0.48600000000000004 0.329 0.497 0.32966666718750004 0.5075000000000001 0.33366666718750004 0.50925 0.34199999999999997 0.5095 0.3443333328125 0.50875
6 0.3636666671875 0.50825 0.367 0.49524999999999997 0.36833333281249997 0.48875 0.3676666671875 0.485 0.3623333328125 0.483 0.3526666671875 0.48274999999999996 0.3503333328125 0.48575 0.348 0.49824999999999997 0.34700000000000003 0.50575 0.348 0.5095 0.362 0.51025 0.3636666671875 0.50825
6 0.41966666718749995 0.511 0.4223333328125 0.506 0.42366666718749996 0.48975 0.41966666718749995 0.48724999999999996 0.40800000000000003 0.487 0.40533333281250006 0.491 0.4026666671875 0.513 0.404 0.514 0.41600000000000004 0.514 0.41966666718749995 0.511
6 0.40033333281249994 0.5135 0.4023333328125 0.50125 0.40533333281250006 0.49400000000000005 0.40499999999999997 0.4885 0.404 0.48674999999999996 0.3993333328125 0.48674999999999996 0.3963333328125 0.48550000000000004 0.3883333328125 0.48624999999999996 0.387 0.49874999999999997 0.383 0.50975 0.3863333328125 0.5115000000000001 0.40033333281249994 0.5135
6 0.3803333328125 0.511 0.3843333328125 0.49824999999999997 0.38533333281250004 0.48624999999999996 0.3803333328125 0.484 0.3763333328125 0.4835 0.371 0.48475 0.36833333281249997 0.48875 0.365 0.5055 0.3653333328125 0.5095 0.36833333281249997 0.5105000000000001 0.3803333328125 0.511
6 0.49133333281249997 0.517 0.495 0.49824999999999997 0.49400000000000005 0.496 0.4853333328125 0.49375 0.48166666718749995 0.49375 0.4783333328125 0.495 0.47466666718750006 0.50575 0.47466666718750006 0.5185 0.4813333328125 0.52125 0.4893333328125 0.5207499999999999 0.49133333281249997 0.517
6 0.495 0.52175 0.5056666671875 0.522 0.5086666671875 0.5185 0.5113333328125 0.5035000000000001 0.5143333328125 0.49800000000000005 0.51 0.49675 0.49800000000000005 0.49574999999999997 0.496 0.49775 0.49533333281249997 0.50075 0.4943333328125 0.512 0.49233333281249997 0.51725 0.493 0.5207499999999999 0.495 0.52175
6 0.5253333328124999 0.524 0.5293333328125 0.50675 0.5293333328125 0.49800000000000005 0.522 0.4965 0.5173333328124999 0.497 0.5153333328125 0.49824999999999997 0.514 0.5025000000000001 0.5113333328125 0.517 0.5116666671875 0.521 0.5133333328125 0.52275 0.5253333328124999 0.524
6 0.6266666671875 0.5335 0.6313333328125 0.5335 0.6346666671875 0.5295 0.638 0.515 0.6376666671875 0.5085 0.6346666671875 0.50675 0.6256666671875 0.50625 0.6223333328125 0.50725 0.619 0.5115000000000001 0.6166666671875001 0.51875 0.6156666671875 0.52925 0.619 0.5315000000000001 0.6226666671875 0.53175 0.6266666671875 0.5335
6 0.6519999999999999 0.529 0.655 0.51375 0.6543333328125 0.50975 0.65 0.5077499999999999 0.6426666671875 0.50875 0.641 0.51 0.6343333328125 0.533 0.647 0.5345 0.6503333328124999 0.53325 0.6519999999999999 0.529
6 0.6673333328125 0.53225 0.669 0.5175 0.671 0.5135 0.6679999999999999 0.50975 0.666 0.509 0.6576666671875 0.5095 0.654 0.525 0.6523333328125 0.53325 0.6573333328125 0.5355000000000001 0.6656666671875 0.53675 0.6673333328125 0.53225
6 0.7206666671875 0.538 0.7233333328125 0.52575 0.724 0.5165 0.7230000000000001 0.515 0.7206666671875 0.51375 0.713 0.51275 0.7043333328125 0.5135 0.7023333328125 0.525 0.7016666671875 0.533 0.704 0.5389999999999999 0.718 0.541 0.7206666671875 0.538
6 0.7373333328125 0.54225 0.7396666671875 0.54075 0.7416666671875001 0.536 0.7443333328125 0.522 0.744 0.5175 0.74 0.51475 0.7276666671875 0.51525 0.725 0.51725 0.7233333328125 0.5277499999999999 0.7223333328125 0.5375 0.7236666671875 0.541 0.73 0.5427500000000001 0.7373333328125 0.54225
6 0.0533333328125 0.61525 0.056999999999999995 0.60775 0.0576666671875 0.59575 0.0606666671875 0.591 0.053000000000000005 0.589 0.044666667187499995 0.5894999999999999 0.0413333328125 0.59325 0.0403333328125 0.59825 0.039 0.6105 0.0396666671875 0.61475 0.0486666671875 0.61625 0.0533333328125 0.61525
6 0.0763333328125 0.6115 0.0793333328125 0.5915 0.076 0.5894999999999999 0.072 0.58975 0.068 0.58825 0.060333332812499994 0.59225 0.057999999999999996 0.599 0.0566666671875 0.61525 0.060333332812499994 0.61675 0.073 0.616 0.0763333328125 0.6115
6 0.0943333328125 0.61525 0.094 0.60725 0.098 0.59175 0.0916666671875 0.5894999999999999 0.08399999999999999 0.5902499999999999 0.0796666671875 0.59175 0.0783333328125 0.595 0.076 0.6155 0.0796666671875 0.618 0.0916666671875 0.61875 0.0943333328125 0.61525
6 0.11399999999999999 0.6012500000000001 0.1136666671875 0.5965 0.1106666671875 0.59575 0.1076666671875 0.59325 0.0993333328125 0.59375 0.0976666671875 0.5955 0.0956666671875 0.6065 0.0953333328125 0.6184999999999999 0.10333333281249998 0.62 0.1106666671875 0.61925 0.11399999999999999 0.6012500000000001
6 0.1306666671875 0.619 0.1326666671875 0.6005 0.13133333281249998 0.595 0.1223333328125 0.5934999999999999 0.1173333328125 0.5962500000000001 0.1136666671875 0.614 0.11333333281249999 0.61925 0.11499999999999999 0.6205 0.126 0.621 0.1306666671875 0.619
6 0.1483333328125 0.6214999999999999 0.151 0.6144999999999999 0.154 0.59575 0.1463333328125 0.59425 0.13799999999999998 0.59475 0.13433333281249998 0.599 0.13233333281249998 0.6105 0.1316666671875 0.6195 0.1326666671875 0.6205 0.1443333328125 0.62225 0.1483333328125 0.6214999999999999
6 0.1663333328125 0.6247499999999999 0.1686666671875 0.623 0.17099999999999999 0.615 0.17266666718749998 0.5985 0.16999999999999998 0.596 0.1616666671875 0.59575 0.1556666671875 0.5985 0.1533333328125 0.60275 0.15 0.61875 0.1503333328125 0.62275 0.159 0.6245 0.1663333328125 0.6247499999999999
6 0.1866666671875 0.625 0.1906666671875 0.60275 0.1923333328125 0.59925 0.1893333328125 0.59775 0.1813333328125 0.5974999999999999 0.17366666718749998 0.6002500000000001 0.17033333281250002 0.61875 0.16999999999999998 0.623 0.172 0.6247499999999999 0.1823333328125 0.62575 0.1866666671875 0.625
6 0.20566666718749999 0.6235 0.20633333281250002 0.61275 0.209 0.60375 0.20833333281250002 0.5995 0.197 0.599 0.1926666671875 0.60175 0.1893333328125 0.61475 0.189 0.6265 0.20033333281250001 0.6275000000000001 0.20400000000000001 0.62675 0.20566666718749999 0.6235
6 0.2246666671875 0.62025 0.225 0.614 0.2273333328125 0.60725 0.2273333328125 0.60325 0.2246666671875 0.6014999999999999 0.22033333281249998 0.6025 0.21600000000000003 0.60075 0.2126666671875 0.6014999999999999 0.21033333281250002 0.6035 0.2076666671875 0.61875 0.207 0.627 0.2096666671875 0.628 0.2213333328125 0.6285000000000001 0.2246666671875 0.62025
6 0.24066666718750002 0.62725 0.24466666718750002 0.60825 0.2443333328125 0.605 0.2403333328125 0.60225 0.23199999999999998 0.60325 0.22833333281249998 0.6075 0.22433333281249998 0.627 0.22833333281249998 0.6295 0.2383333328125 0.62975 0.24066666718750002 0.62725
6 0.266 0.60725 0.2646666671875 0.6035 0.2553333328125 0.6025 0.2513333328125 0.603 0.2476666671875 0.605 0.246 0.6085 0.2436666671875 0.624 0.2443333328125 0.63075 0.2476666671875 0.6315000000000001 0.2596666671875 0.63075 0.266 0.60725
6 0.2773333328125 0.63225 0.2803333328125 0.62375 0.2816666671875 0.61125 0.2836666671875 0.60725 0.282 0.6054999999999999 0.2703333328125 0.60475 0.267 0.60575 0.262 0.6275000000000001 0.2616666671875 0.631 0.2633333328125 0.6325000000000001 0.2756666671875 0.63325 0.2773333328125 0.63225
6 0.30333333281249997 0.61925 0.30533333281249997 0.608 0.3043333328125 0.6065 0.29900000000000004 0.605 0.2896666671875 0.6052500000000001 0.2846666671875 0.60725 0.2826666671875 0.6115 0.2803333328125 0.627 0.27999999999999997 0.63125 0.2826666671875 0.6345 0.29700000000000004 0.6345 0.30333333281249997 0.61925
6 0.3493333328125 0.6385 0.353 0.62975 0.3556666671875 0.61525 0.355 0.61175 0.3496666671875 0.60975 0.3416666671875 0.609 0.33799999999999997 0.61625 0.335 0.63425 0.3356666671875 0.6365000000000001 0.339 0.63825 0.3493333328125 0.6385
6 0.4063333328125 0.6405000000000001 0.4106666671875 0.61525 0.40433333281249995 0.613 0.3963333328125 0.613 0.3943333328125 0.61525 0.3926666671875 0.62225 0.3906666671875 0.6365000000000001 0.3913333328125 0.64225 0.4046666671875 0.64275 0.4063333328125 0.6405000000000001
6 0.3883333328125 0.639 0.392 0.615 0.38733333281250004 0.6132500000000001 0.377 0.6132500000000001 0.375 0.6207499999999999 0.3723333328125 0.639 0.376 0.64125 0.3856666671875 0.6415 0.3883333328125 0.639
6 0.371 0.639 0.373 0.63475 0.3756666671875 0.61525 0.37333333281250003 0.61075 0.367 0.61125 0.361 0.60975 0.3583333328125 0.61175 0.3533333328125 0.63 0.353 0.6385 0.3643333328125 0.6405000000000001 0.369 0.6405000000000001 0.371 0.639
6 0.43933333281250003 0.64625 0.44333333281250004 0.63425 0.445 0.61875 0.44299999999999995 0.617 0.4313333328125 0.6155 0.42833333281249997 0.6195 0.426 0.6375 0.42366666718749996 0.64275 0.42699999999999994 0.64425 0.43933333281250003 0.64625
6 0.45766666718750004 0.64625 0.4583333328125 0.645 0.46266666718750005 0.6205 0.46166666718749994 0.61925 0.45866666718750004 0.61875 0.4503333328125 0.6184999999999999 0.44699999999999995 0.61975 0.442 0.643 0.445 0.64625 0.45499999999999996 0.647 0.45766666718750004 0.64625
6 0.47866666718750006 0.63775 0.481 0.62325 0.48 0.621 0.47466666718750006 0.61925 0.46666666718750005 0.619 0.46333333281250005 0.63 0.461 0.64625 0.46566666718749994 0.6475 0.47466666718750006 0.64775 0.47866666718750006 0.63775
6 0.49733333281250003 0.63625 0.49833333281250003 0.62275 0.49000000000000005 0.6205 0.4863333328125 0.6212500000000001 0.48333333281249996 0.62275 0.48200000000000004 0.62625 0.47866666718750006 0.64675 0.48200000000000004 0.649 0.49400000000000005 0.64925 0.49733333281250003 0.63625
6 0.5286666671875 0.65175 0.5306666671875 0.648 0.533 0.631 0.5323333328125 0.62675 0.529 0.6245 0.517 0.623 0.5156666671875 0.62975 0.5133333328125 0.642 0.5133333328125 0.65025 0.5166666671875 0.65175 0.5286666671875 0.65175
6 0.5469999999999999 0.653 0.55 0.6345 0.5516666671875 0.63075 0.549 0.6265 0.542 0.625 0.5366666671875 0.6252500000000001 0.5346666671875 0.6265 0.5326666671875 0.64 0.5313333328125001 0.64225 0.5303333328125001 0.65025 0.5326666671875 0.6527499999999999 0.5433333328125001 0.654 0.5469999999999999 0.653
6 0.5643333328125 0.65475 0.5673333328125 0.64275 0.5686666671875 0.63025 0.5650000000000001 0.6275000000000001 0.5543333328125 0.62775 0.5526666671875 0.6287499999999999 0.5516666671875 0.6335 0.5513333328125001 0.64625 0.5496666671875 0.65025 0.5503333328125 0.654 0.5643333328125 0.65475
6 0.5826666671875 0.65425 0.584 0.65025 0.5853333328125 0.63125 0.5836666671875 0.6295 0.5766666671875 0.628 0.572 0.628 0.5693333328125 0.63075 0.567 0.6545 0.5683333328125 0.6555 0.58 0.6565000000000001 0.5826666671875 0.65425
6 0.5956666671875 0.6585 0.5996666671875001 0.658 0.6033333328125 0.63825 0.6026666671875 0.63225 0.6013333328125 0.63075 0.5973333328125 0.62975 0.5916666671875 0.6292500000000001 0.5863333328125 0.63075 0.5860000000000001 0.64375 0.5836666671875 0.65425 0.5873333328125 0.657 0.5956666671875 0.6585
6 0.6176666671875 0.65825 0.619 0.6545 0.622 0.63975 0.621 0.63525 0.6186666671875 0.6325000000000001 0.6116666671875 0.63025 0.606 0.63125 0.6043333328125 0.63425 0.6043333328125 0.6425 0.6013333328125 0.658 0.615 0.6597500000000001 0.6176666671875 0.65825
6 0.6336666671875 0.6599999999999999 0.6356666671875 0.65725 0.639 0.6385 0.634 0.63325 0.6263333328125 0.632 0.6226666671875 0.6327499999999999 0.621 0.63425 0.6216666671875 0.6415 0.6176666671875 0.65825 0.6226666671875 0.66025 0.6336666671875 0.6599999999999999
6 0.6503333328124999 0.6625 0.653 0.66025 0.6553333328125001 0.65475 0.657 0.64025 0.6563333328125001 0.6367499999999999 0.6506666671875 0.6335 0.6426666671875 0.6335 0.641 0.635 0.639 0.6425 0.636 0.6575 0.6366666671875 0.6599999999999999 0.6386666671875 0.66175 0.6503333328124999 0.6625
6 0.67 0.662 0.6726666671875 0.65475 0.6736666671875 0.6385 0.67 0.63625 0.661 0.63475 0.657 0.63625 0.6559999999999999 0.6395 0.6536666671875 0.662 0.6586666671875 0.6635 0.6663333328125 0.6639999999999999 0.67 0.662
6 0.67 0.662 0.6733333328125 0.6645 0.6853333328125 0.66525 0.6883333328125001 0.662 0.6906666671874999 0.643 0.6896666671875 0.63875 0.683 0.6375 0.6766666671875 0.6375 0.6733333328125 0.6385 0.674 0.64725 0.6723333328125001 0.65425 0.67 0.658 0.67 0.662
6 0.7036666671875 0.665 0.7076666671875 0.6475 0.7066666671874999 0.6425 0.7046666671875 0.64 0.6963333328125 0.6395 0.6913333328125 0.6407499999999999 0.6883333328125001 0.65475 0.6876666671875 0.66225 0.6900000000000001 0.6655 0.7013333328125 0.66625 0.7036666671875 0.665
10 0.642665 0.31061575 0.6466036671875 0.28325 0.6469463328125 0.27939575 0.6267813328125 0.2776205 0.6204023328125 0.31382775 0.6400963328125 0.31639724999999996 0.642665 0.31061575
10 0.359286 0.38803550000000003 0.36442366718749997 0.3519335 0.3450723328125 0.35115175 0.3402773328125 0.37505925 0.33942100000000003 0.38636525 0.359286 0.38803550000000003
10 0.601222 0.41240625 0.6238273328124999 0.41381949999999995 0.6258823328124999 0.40932275 0.6306773328124999 0.3831135 0.6301636671875 0.379516 0.609271 0.37810275 0.6089283328125 0.381957 0.603962 0.40675325000000007 0.601222 0.41240625
0 0.470306 0.36088725 0.46790333281249996 0.3610675 0.462017 0.37494675 0.44784199999999996 0.37116150000000003 0.4411146671875 0.40694074999999996 0.461897 0.409464 0.470306 0.36088725
0 0.4921696671875 0.35656150000000003 0.488085 0.35674174999999997 0.4835203328125 0.3777405 0.4706663328125 0.375938 0.47045633281250004 0.36829375 0.462017 0.40901350000000003 0.48328 0.41135675000000005 0.4921696671875 0.35656150000000003
0 0.4829496671875 0.41106375 0.5036120000000001 0.4130465 0.5049333328125 0.406017 0.5061346671875 0.40448475000000006 0.5115403328125 0.3693365 0.5106993328125 0.36915624999999996 0.510339 0.37195 0.5057743328125001 0.3787095 0.49364100000000005 0.3730315 0.498086 0.36942675 0.49580333281250005 0.363118 0.498086 0.359513 0.5085973328125 0.35770749999999996 0.49292033281250003 0.35698949999999996 0.4921996671875 0.36293775 0.4829496671875 0.41106375
0 0.505654 0.41286625 0.5255956671875001 0.414759 0.5265566671874999 0.40827 0.5277580000000001 0.4071885 0.5337643328125 0.37411300000000003 0.5132523328125 0.3689695 0.5080566671875 0.4043045 0.5068553328125 0.405296 0.505654 0.41286625
0 0.5267966671875 0.41538975 0.5476993328125 0.41764275 0.5490206671875 0.40926125 0.551063 0.4086305 0.5579103328125 0.37375250000000004 0.552144 0.3751945 0.5487803328124999 0.376186 0.5461376671875 0.37780825 0.5437350000000001 0.3803315 0.5421733328125 0.38321550000000004 0.5394103328125001 0.384297 0.5379686671874999 0.3824945 0.5401309999999999 0.37267100000000003 0.5359266671875 0.37381224999999996 0.5308813328124999 0.405386 0.5282383328125 0.40709850000000003 0.5267966671875 0.41538975
0 0.54842 0.41665150000000006 0.568722 0.41908475 0.5693226671875 0.4122355 0.5723256671875 0.410433 0.5759296671875 0.3954725 0.573407 0.39475150000000003 0.5598323328125 0.38844275 0.562235 0.37276125000000004 0.5587513328125 0.37347425 0.5526246671874999 0.4079095 0.5497413328125 0.40989224999999996 0.54842 0.41665150000000006
0 0.5712446671875 0.41106375 0.5704036671875 0.4188145 0.5896243328125 0.42097749999999995 0.591186 0.41385775 0.5939490000000001 0.412686 0.6011566671875 0.37330199999999997 0.596592 0.37357225 0.591907 0.3881725 0.5935886671875 0.3933995 0.581696 0.3962835 0.5776113328125 0.39610325 0.5759296671875 0.3954725 0.573407 0.41007249999999995 0.5712446671875 0.41106375