0 0.12303312500000001 0.32018 0.131529375 0.3262483328125 0.15004062499999998 0.3254391671875 0.15277125 0.2813441671875 0.1309225 0.2801308328125 0.12455000000000001 0.2752758328125 0.08358375 0.2752758328125 0.08085250000000001 0.27932166718749996 0.06419625 0.280055 0.0632525 0.3254391671875 0.08115625 0.3242258328125 0.082066875 0.3165391671875 0.12303312500000001 0.32018
0 0.128191875 0.2489808328125 0.12970874999999998 0.25504916718750004 0.153681875 0.2570716671875 0.15671625 0.21459416718750002 0.135778125 0.21297666718750002 0.129101875 0.2081216671875 0.088439375 0.20569416718750003 0.08692187500000001 0.21257166718749998 0.06966 0.2138858328125 0.066286875 0.2570716671875 0.0887425 0.2570716671875 0.085404375 0.2510033328125 0.128191875 0.2489808328125
0 0.133046875 0.1842533328125 0.1348675 0.1943675 0.158840625 0.19194 0.160358125 0.1498675 0.138205625 0.1514858328125 0.133046875 0.1442041671875 0.09177687500000001 0.14379916718750002 0.09117 0.1490583328125 0.0742125 0.1483241671875 0.07083874999999999 0.1911308328125 0.090563125 0.19032166718750002 0.088135625 0.1850625 0.133046875 0.1842533328125
0 0.13517125000000002 0.1195266671875 0.14366812499999998 0.11912249999999999 0.14397125 0.12802249999999998 0.161571875 0.1284266671875 0.16217874999999998 0.0843316671875 0.14093687500000002 0.0847358328125 0.13547437499999998 0.0794766671875 0.09541875 0.0790725 0.09390125 0.0847358328125 0.07831 0.0845833328125 0.073873125 0.1304491671875 0.09541875 0.1292358328125 0.09238375 0.1215491671875 0.13517125000000002 0.1195266671875
0 0.13790249999999998 0.0548 0.146095625 0.0620816671875 0.16521312500000002 0.0661266671875 0.16521312500000002 0.0252683328125 0.14397125 0.025672499999999997 0.14002625 0.0175816671875 0.10088062499999999 0.016772500000000003 0.096935625 0.0220316671875 0.081041875 0.025698332812500002 0.077818125 0.0661266671875 0.09936375 0.0649133328125 0.0975425 0.056418332812500006 0.13790249999999998 0.0548
7 0.51584625 0.2199566671875 0.518378125 0.3183941671875 0.584228125 0.3196075 0.5818 0.22332583281249999 0.51584625 0.2199566671875
7 0.5184650000000001 0.4168841671875 0.584818125 0.4170191671875 0.58366625 0.3202775 0.51887375 0.3193183328125 0.5184650000000001 0.4168841671875
7 0.5178168750000001 0.5197133328125 0.5849618750000001 0.5210049999999999 0.5853937499999999 0.4208083328125 0.5195937500000001 0.4181208328125 0.5178168750000001 0.5197133328125
7 0.51716875 0.6245583328125 0.58611375 0.6241233328125 0.585681875 0.5221991671875 0.519018125 0.5206633328125 0.51716875 0.6245583328125
7 0.516736875 0.729115 0.58597 0.7300158328124999 0.58582625 0.6273233328125001 0.516858125 0.6252125000000001 0.516736875 0.729115
7 0.5718593750000001 0.7834208328125001 0.603535625 0.782845 0.60185125 0.7325716671875 0.51729 0.7314033328125 0.51657 0.8352466671875 0.57056375 0.835055 0.5718593750000001 0.7834208328125001
7 0.56883625 0.838935 0.516281875 0.8368233328124999 0.516281875 0.9436941484375 0.56811625 0.9433541671875 0.56883625 0.838935
7 0.65537 0.9754099999999999 0.646875 0.9573666671875 0.645435 0.9339491671875001 0.63290875 0.941435 0.5164262500000001 0.9439299999999999 0.513928125 0.9941083328125 0.577475 0.992685 0.583090625 0.9991666671875 0.65551375 0.9984433328125 0.65537 0.9754099999999999