5 0.01663125 0.5142091671875 0.01596375 0.5697175 0.0262 0.5712016671875 0.023306874999999998 0.5913858328125 0.037103125 0.590495 0.04044125 0.5821841671875 0.033098125 0.5670458328125 0.035100625 0.5142091671875 0.04222125 0.5011491671875 0.04400125 0.4774025 0.026422499999999998 0.4774025 0.0273125 0.5023358328125 0.021749375 0.5026333328125 0.01663125 0.5142091671875
5 0.034210625 0.5679358328124999 0.04133125 0.5771383328125 0.037548125 0.5946508328125 0.057798125 0.59287 0.0569075 0.577435 0.0529025 0.5658583328125 0.0515675 0.5115383328124999 0.061135625000000006 0.4984775 0.062470625 0.47443416718750003 0.04400125 0.4765116671875 0.044669375 0.4990708328125 0.035323125 0.5145066671875 0.034210625 0.5679358328124999
5 0.053125 0.5658583328125 0.0569075 0.571795 0.060023125 0.5937608328125 0.074486875 0.5937608328125 0.076266875 0.5756541671875001 0.07070375 0.5625933328125 0.07048125 0.5145066671875 0.07849249999999999 0.4943216671875 0.07916 0.47205916718749996 0.06320624999999999 0.47301000000000004 0.062470625 0.49669666718750005 0.052235 0.5112408328125 0.053125 0.5658583328125
5 0.06914624999999999 0.5617025 0.076934375 0.5762475 0.075154375 0.5857458328125 0.09406875 0.58723 0.09429125000000001 0.5753566671875 0.08828312499999999 0.5611091671875 0.088728125 0.5159908328125 0.09629375 0.4934316671875 0.09696125 0.470575 0.0802725 0.4723558328125 0.0807175 0.4922441671875 0.071594375 0.5139125 0.06914624999999999 0.5617025
5 0.087615625 0.56289 0.09340125 0.5720916671875 0.09495875000000001 0.5866366671875001 0.112315625 0.5863400000000001 0.11409562499999999 0.5706075 0.10742 0.55636 0.106975 0.5148033328125 0.110758125 0.5011491671875 0.11609812500000001 0.48512000000000005 0.115875625 0.4690908328125 0.097406875 0.47027833281250003 0.09762937499999999 0.4922441671875 0.09028562500000001 0.512725 0.087615625 0.56289
2 0.566518125 0.5333333328125 0.566518125 0.561905 0.64955375 0.5553575000000001 0.64375 0.4238091671875 0.5611606250000001 0.43154750000000003 0.56205375 0.4613091671875 0.558481875 0.4613091671875 0.560714375 0.5321425 0.566518125 0.5333333328125
2 0.17794125 0.512745 0.17977937500000002 0.4931375 0.180515 0.49019583281249995 0.186396875 0.48921583281250003 0.18713249999999998 0.46274499999999996 0.11801500000000001 0.4681375 0.117279375 0.49558833281250003 0.10772062499999999 0.5137258328125001 0.10882375 0.5583333328125 0.1121325 0.5617650000000001 0.11580874999999999 0.5647058328125001 0.11544125000000001 0.5916666671875 0.18786750000000002 0.5857841671874999 0.188970625 0.5602941671874999 0.17904437499999998 0.5558825 0.17794125 0.512745
2 0.8198531250000001 0.43921583281250004 0.8158087500000001 0.436765 0.8154412499999999 0.41029416718749995 0.732353125 0.4161766671875 0.735661875 0.4906866671875 0.736029375 0.5171566671875001 0.736029375 0.5205883328125 0.738603125 0.5205883328125 0.7378675 0.54902 0.82169125 0.5426466671875 0.8205881249999999 0.5171566671875001 0.823896875 0.5083333328124999 0.8198531250000001 0.43921583281250004
5 0.730146875 0.4161766671875 0.708088125 0.4181375 0.713970625 0.511765 0.713970625 0.5186275 0.716544375 0.5426466671875 0.736765 0.5401958328124999 0.73382375 0.5191175 0.735294375 0.5142158328125 0.730146875 0.4161766671875
5 0.2753675 0.511765 0.27352937499999996 0.5470591671875 0.27867625 0.5539216671875 0.277205625 0.5774508328125 0.298161875 0.57598 0.298896875 0.5514708328125 0.29264687500000003 0.5431375 0.29301499999999997 0.5196075 0.29301499999999997 0.5093133328125 0.29301499999999997 0.4975491671875 0.2933825 0.47892166718749996 0.295955625 0.47892166718749996 0.29669124999999996 0.4519608328125 0.27867625 0.4529408328125 0.27830875 0.47892166718749996 0.27205875 0.4813725 0.27169125 0.50049 0.2753675 0.511765
5 0.313970625 0.5240199999999999 0.31176499999999996 0.5215683328125 0.31176499999999996 0.5093133328125 0.31176499999999996 0.4975491671875 0.311029375 0.4799016671875 0.316544375 0.4779408328125 0.317279375 0.45049 0.29632375 0.4519608328125 0.29632375 0.47892166718749996 0.2933825 0.4794116671875 0.29375 0.4980391671875 0.29301499999999997 0.511765 0.2941175 0.5210783328125 0.29301499999999997 0.5436275 0.2996325 0.55049 0.2996325 0.57598 0.317646875 0.575 0.31875 0.5558825 0.313603125 0.5460783328125001 0.313970625 0.5240199999999999
5 0.335661875 0.5230391671875 0.333088125 0.5186275 0.33382375 0.5161766671875 0.33382375 0.5073533328125001 0.3316175 0.4965683328125 0.33198500000000003 0.47843166718749996 0.3378675 0.4769608328125 0.338235 0.4485291671875 0.316911875 0.45 0.317279375 0.4774508328125 0.31213250000000003 0.4799016671875 0.311396875 0.4965683328125 0.3125 0.5068625 0.311396875 0.5098041671875 0.311396875 0.5147058328125 0.311396875 0.5191175 0.314705625 0.5225491671875 0.31323500000000004 0.5455883328125 0.31875 0.5549016671875 0.31875 0.5764708328125 0.3371325 0.5754900000000001 0.338970625 0.5524508328125 0.33382375 0.5441175 0.335661875 0.5230391671875
5 0.35220562499999997 0.5137258328125001 0.35147062500000004 0.5058825 0.3503675 0.4970591671875 0.35110312499999996 0.4774508328125 0.35625 0.47402 0.3566175 0.44803916718750003 0.3371325 0.44950999999999997 0.3371325 0.4774508328125 0.33235312499999997 0.4799016671875 0.33235312499999997 0.4975491671875 0.335661875 0.5063725 0.335661875 0.5142158328125 0.33492625 0.5176466671875 0.33529437500000003 0.5235291671875 0.33419125 0.5450983328125 0.339338125 0.5544116671875 0.338235 0.5735291671875 0.3566175 0.5725491671875 0.3566175 0.5514708328125 0.351838125 0.5411766671875 0.35294125 0.5181375 0.35220562499999997 0.5137258328125001
5 0.373161875 0.5166666671875 0.373896875 0.513235 0.37242625 0.5044116671875 0.369485 0.49019583281249995 0.37132375 0.47549 0.37757375 0.47451 0.377205625 0.4465683328125 0.356985 0.44803916718750003 0.3566175 0.47402 0.350735 0.4779408328125 0.3503675 0.49411750000000004 0.35294125 0.5039216671875 0.35294125 0.512255 0.35294125 0.5161766671875 0.35110312499999996 0.5406866671875 0.35625 0.5485291671875 0.35551499999999997 0.5676466671875 0.37757375 0.5661766671875 0.37794125 0.5480391671875 0.373161875 0.5450983328125 0.373161875 0.5166666671875
5 0.3941175 0.5093133328125 0.3941175 0.5019608328125 0.39080875000000004 0.4916666671875 0.391544375 0.47352916718750004 0.39705875 0.4725491671875 0.39669125 0.4455883328125 0.37794125 0.4470591671875 0.37794125 0.47205916718749996 0.37132375 0.47549 0.369853125 0.4906866671875 0.373161875 0.5063725 0.373896875 0.5156866671875 0.373161875 0.5426466671875 0.37794125 0.5480391671875 0.376838125 0.5671566671875 0.39779437500000003 0.5656866671875 0.39779437500000003 0.5470591671875 0.393015 0.5436275 0.3941175 0.5093133328125
5 0.414338125 0.512745 0.413970625 0.5024508328125 0.41102937500000003 0.4911766671875 0.411396875 0.47205916718749996 0.416911875 0.47205916718749996 0.416911875 0.4436275 0.395955625 0.44460750000000004 0.39632375 0.47156833281250005 0.39080875000000004 0.47451 0.39007375 0.49215666718750006 0.395220625 0.5029408328125 0.39375 0.5063725 0.39485312499999997 0.5142158328125 0.39448500000000003 0.5406866671875 0.39852937499999996 0.5446075 0.39852937499999996 0.5661766671875 0.418015 0.5642158328125 0.418015 0.5465683328125001 0.41544125000000004 0.5431375 0.414338125 0.512745
5 0.43382375 0.5014708328124999 0.43198499999999995 0.486765 0.432353125 0.4700983328125 0.4378675 0.4681375 0.4375 0.44019583281249997 0.417279375 0.44166666718750003 0.417279375 0.47205916718749996 0.41213249999999996 0.4730391671875 0.41176500000000005 0.4906866671875 0.414338125 0.50049 0.414705625 0.511765 0.41654437499999997 0.5171566671875001 0.41654437499999997 0.5421566671875 0.418015 0.5446075 0.41875 0.5647058328125001 0.43897062499999995 0.5637258328125 0.43860312500000004 0.5421566671875 0.43492625 0.536765 0.43382375 0.5112741671875 0.43382375 0.5014708328124999
5 0.45477937500000004 0.49951 0.45367625 0.486765 0.454411875 0.4681375 0.457720625 0.4656866671875 0.457720625 0.438235 0.4375 0.44019583281249997 0.4378675 0.4681375 0.433088125 0.4710783328125 0.433455625 0.49019583281249995 0.43455875 0.4985291671875 0.43419125000000003 0.5098041671875 0.43455875 0.536765 0.4375 0.5421566671875 0.438235 0.5632349999999999 0.45845562500000003 0.5617650000000001 0.458088125 0.5397058328125001 0.454411875 0.5357841671875 0.45477937500000004 0.5112741671875 0.45477937500000004 0.49951
5 0.47536750000000005 0.4965683328125 0.47536750000000005 0.4848041671875 0.47536750000000005 0.4661766671875 0.477205625 0.462255 0.477205625 0.436765 0.457353125 0.4387258328125 0.45845562500000003 0.4656866671875 0.45514687499999995 0.4676466671875 0.45477937500000004 0.488235 0.455515 0.4980391671875 0.45514687499999995 0.5112741671875 0.45514687499999995 0.5362741671875 0.45919125000000005 0.5401958328124999 0.45919125000000005 0.5632349999999999 0.480515 0.5617650000000001 0.480146875 0.538235 0.476838125 0.5362741671875 0.476103125 0.5083333328124999 0.47536750000000005 0.4965683328125
5 0.49705875 0.5053924999999999 0.49669125000000003 0.4950983328125 0.49448499999999995 0.4838233328125 0.49411750000000004 0.46666666718750005 0.49742625 0.4651958328125 0.49669125000000003 0.4362741671875 0.47830874999999995 0.43774499999999994 0.47830874999999995 0.4642158328125 0.47573499999999996 0.46666666718750005 0.47573499999999996 0.4862741671875 0.47573499999999996 0.4970591671875 0.476103125 0.5088233328125 0.476838125 0.5357841671875 0.480515 0.5392158328125001 0.48125 0.5612741671875 0.5003675000000001 0.5612741671875 0.499265 0.536765 0.49742625 0.5348041671875 0.49705875 0.5053924999999999
5 0.516544375 0.49215666718750006 0.51617625 0.48186249999999997 0.51617625 0.4642158328125 0.518015 0.4607841671875 0.517646875 0.4343133328125 0.49779437499999996 0.43578416718749996 0.498161875 0.462255 0.49669125000000003 0.46715666718750004 0.49669125000000003 0.4862741671875 0.49742625 0.4950983328125 0.49779437499999996 0.5078433328124999 0.49779437499999996 0.5348041671875 0.49889687499999996 0.5377449999999999 0.5003675000000001 0.5588233328125 0.52169125 0.5583333328125 0.520220625 0.5343133328125 0.5183825 0.5308824999999999 0.51875 0.5039216671875 0.516544375 0.49215666718750006
5 0.5389706249999999 0.4916666671875 0.5378675 0.4813725 0.5378675 0.462255 0.5389706249999999 0.4568625 0.5386031250000001 0.43235333281250005 0.518015 0.4343133328125 0.5183825 0.4607841671875 0.516544375 0.4661766671875 0.516544375 0.48529416718749996 0.518015 0.4960783328125 0.5191175 0.5068625 0.519485 0.5333333328125 0.52132375 0.5377449999999999 0.52132375 0.5583333328125 0.543015 0.5568625 0.542279375 0.5343133328125 0.54044125 0.5303924999999999 0.5397056250000001 0.5039216671875 0.5389706249999999 0.4916666671875
5 0.558455625 0.4299016671875 0.5386031250000001 0.4318625 0.539338125 0.4583333328125 0.5386031250000001 0.4651958328125 0.538235 0.48235333281250004 0.5397056250000001 0.4911766671875 0.5397056250000001 0.5039216671875 0.54080875 0.5308824999999999 0.542646875 0.5352941671875 0.5433825 0.5573533328125 0.5632349999999999 0.5553925 0.563603125 0.5328433328125 0.560294375 0.5269608328125 0.558455625 0.4299016671875