6 0.14488585 0.0270393515625 0.145317275 0.0420520828125 0.17072959999999998 0.038222221875000004 0.1699561625 0.0233454859375 0.14488585 0.0270393515625
6 0.1462122390625 0.053563078125 0.1709505203125 0.0508894671875 0.1709505203125 0.0386637734375 0.145317275 0.041020832812500005 0.1462122390625 0.053563078125
6 0.1470407984375 0.0745613421875 0.17205555625 0.0726892359375 0.1717239578125 0.0584016203125 0.1466427953125 0.06120023125 0.1470407984375 0.0745613421875
6 0.147526909375 0.0921325234375 0.17223828125 0.088928240625 0.1717239578125 0.075487846875 0.1471953125 0.078875578125 0.147526909375 0.0921325234375
6 0.14753819375 0.1099259265625 0.17316015625 0.1077453703125 0.1721657984375 0.0937523140625 0.1469743921875 0.09699305625 0.14753819375 0.1099259265625
6 0.1482013890625 0.11434664375 0.1485212671875 0.127777778125 0.17382335 0.125421296875 0.17316015625 0.11128067187499999 0.1482013890625 0.11434664375
6 0.1489631078125 0.133375 0.14919618125 0.147280671875 0.1744861109375 0.143391203125 0.17371267343750002 0.12998726875 0.1489631078125 0.133375
6 0.1745594625 0.1475011578125 0.1500681421875 0.150625578125 0.1501783859375 0.1640295140625 0.17548046875 0.1615254625 0.1745594625 0.1475011578125
6 0.1505099828125 0.1752239578125 0.1508537328125 0.1883923609375 0.1761436625 0.1870081015625 0.175370225 0.171983796875 0.1505099828125 0.1752239578125
6 0.1511853296875 0.19413888906250001 0.1517252609375 0.2071875 0.1772482640625 0.203946759375 0.17658550312500002 0.1898067125 0.1511853296875 0.19413888906250001
6 0.1518359375 0.22510648125000002 0.1773776046875 0.222431134375 0.1761436625 0.20860937499999999 0.1517252609375 0.21184953750000002 0.1518359375 0.22510648125000002
6 0.15184852499999998 0.22994618125000002 0.152167534375 0.2432233796875 0.177469184375 0.240277778125 0.1772482640625 0.22569560156250001 0.15184852499999998 0.22994618125000002
6 0.15284288125 0.2474074078125 0.152609375 0.26134085625000003 0.1791267359375 0.25868981406249997 0.17857421874999999 0.24469675937500002 0.15284288125 0.2474074078125
6 0.1532721359375 0.265712384375 0.15350607656249998 0.28034085625 0.1794583328125 0.2770543984375 0.17890581562500002 0.26261921250000003 0.1532721359375 0.265712384375
6 0.15383767343750002 0.28431944374999996 0.1539353296875 0.297675346875 0.18089453125 0.2959079859375 0.18056293437499998 0.2805891203125 0.15383767343750002 0.28431944374999996
6 0.1541692703125 0.3035491890625 0.1543771703125 0.3170601859375 0.1802313375 0.314703703125 0.179679253125 0.3007106484375 0.1541692703125 0.3035491890625
6 0.1541692703125 0.3280839125 0.15470876718749998 0.3430729171875 0.1807838546875 0.3401267359375 0.1803420140625 0.32510243125 0.1541692703125 0.3280839125
6 0.1558498265625 0.3471296296875 0.15579166718749998 0.36095428281249997 0.1822708328125 0.358765046875 0.1820217015625 0.3435700234375 0.1558498265625 0.3471296296875
6 0.15644704843749999 0.3664456015625 0.15663802031250001 0.38079398124999997 0.18296744843749999 0.37827256875000004 0.18256944375 0.36360879687500003 0.15644704843749999 0.3664456015625
6 0.15688671875 0.3823865734375 0.15674609374999998 0.3958182875 0.1830173609375 0.3942638890625 0.1827682296875 0.3800642359375 0.15688671875 0.3823865734375
6 0.1577165796875 0.4040827546875 0.157683159375 0.418797453125 0.1845104171875 0.4167401625 0.18426171875 0.4015457171875 0.1577165796875 0.4040827546875
6 0.15853819375 0.423797453125 0.1586783859375 0.43863657343750007 0.18495833281250001 0.4361817125 0.184659721875 0.42145138906249996 0.15853819375 0.423797453125
6 0.159425346875 0.43991319375 0.15943446249999998 0.45436458281250003 0.186401909375 0.45185648125 0.186003471875 0.4371927078125 0.159425346875 0.43991319375
6 0.16107725625 0.4584473375 0.1610177953125 0.472293403125 0.187347221875 0.47003703750000003 0.18714843750000001 0.4559039359375 0.16107725625 0.4584473375
6 0.1611458328125 0.494186921875 0.1615390625 0.5085891203124999 0.1879869796875 0.5057702546875 0.1875138890625 0.4918356484375 0.1611458328125 0.494186921875
6 0.16186154531250002 0.5104820609375 0.16217795156249998 0.525152778125 0.1889765625 0.5218269671875 0.188460503125 0.5069745375 0.16186154531250002 0.5104820609375
6 0.1630876734375 0.5283807875 0.16351171874999998 0.5432164359375 0.1900950515625 0.5400625 0.18966493125 0.5246365734375 0.1630876734375 0.5283807875
6 0.1638624125 0.54765625 0.16424305625 0.5625549765625 0.1908693578125 0.559515625 0.19043880156249998 0.544605903125 0.1638624125 0.54765625
6 0.1655403640625 0.5673616890625001 0.1657912328125 0.582061921875 0.1928046875 0.5793668984375 0.19246050312500002 0.5643425921875 0.1655403640625 0.5673616890625001
6 0.16676649375000002 0.58569039375 0.16708203125 0.6007361109375 0.1938372390625 0.5977546296875 0.193062934375 0.582500578125 0.16676649375000002 0.58569039375
6 0.167863715625 0.6079774312499999 0.1680282125 0.6228807875 0.1949557296875 0.6197268515625 0.1944822046875 0.6047598375 0.167863715625 0.6079774312499999
6 0.167992621875 0.62578993125 0.1684583328125 0.640887153125 0.1950416671875 0.637790509375 0.1946115453125 0.6226516203125 0.167992621875 0.62578993125
6 0.1694123265625 0.6526383109375 0.1696197921875 0.6670821765625 0.195944878125 0.6651325234375001 0.195557725 0.64982118125 0.1694123265625 0.6526383109375
6 0.170057725 0.6726018515625001 0.17017881875000002 0.6872673609375 0.1973645828125 0.685030671875 0.19680512187500002 0.669203703125 0.170057725 0.6726018515625001
6 0.17173611093750002 0.6917910875 0.1718997390625 0.707121528125 0.19848263906250002 0.7045410875 0.1983537328125 0.6891157406249999 0.17173611093750002 0.6917910875
6 0.1722521703125 0.71020601875 0.1724157984375 0.7259108796875 0.199386284375 0.72304398125 0.19917100625 0.7080769671875 0.1722521703125 0.71020601875
6 0.173671875 0.73171875 0.17366319375 0.7474826390625 0.2012786453125 0.7442141203125 0.200504340625 0.72941898125 0.173671875 0.73171875
6 0.1744466140625 0.7515104171875 0.1745234375 0.7668159718750001 0.2018381078125 0.764350115625 0.20110677031250002 0.74863773125 0.1744466140625 0.7515104171875
6 0.1757374125 0.7717326390625 0.1756848953125 0.78700868125 0.20265538125 0.784256365625 0.2023541671875 0.7691174765625 0.1757374125 0.7717326390625
6 0.1770282125 0.7917824078125 0.177276475 0.80674305625 0.204160590625 0.8044496531249999 0.204031684375 0.78862210625 0.1770282125 0.7917824078125
6 0.17747960000000002 0.8184577546874999 0.177577690625 0.834534721875 0.204160590625 0.8320115734375 0.204074653125 0.8159548609374999 0.17747960000000002 0.8184577546874999
6 0.1781896703125 0.8373888890625001 0.17830859375000002 0.85271875 0.2055373265625 0.8506545140625 0.20480598906249997 0.8354583328125 0.1781896703125 0.8373888890625001
6 0.17925520781249998 0.8580358796875001 0.17960937500000002 0.8737025468749999 0.206612846875 0.8716261578125 0.20613932343750002 0.8562581015624999 0.17925520781249998 0.8580358796875001
6 0.180706596875 0.8782633109375 0.18071744843749998 0.8937395828125 0.2080750875 0.8920769671875 0.207559028125 0.8759056718749999 0.180706596875 0.8782633109375
6 0.1816749125 0.89857118125 0.181448784375 0.914728009375 0.20897829843750002 0.9128356484375001 0.2086775171875 0.8963200234375 0.1816749125 0.89857118125
6 0.1826427953125 0.9192233796875 0.18278211875 0.9344670140625 0.21022569375 0.9326892359375 0.2097096359375 0.91669039375 0.1826427953125 0.9192233796875
6 0.1837400171875 0.9392731484375 0.1838146703125 0.955340278125 0.21078515625 0.9523015046875001 0.21035503437499997 0.9365318281249999 0.1837400171875 0.9392731484375
6 0.1843697921875 0.9665422453125 0.1847005203125 0.9816238421874999 0.2118072921875 0.9794270828125 0.21154166718749998 0.964547453125 0.1843697921875 0.9665422453125
1 0.408616753125 0.169655671875 0.44788454843750003 0.1653223375 0.4489388015625 0.169890046875 0.466332465625 0.1688362265625 0.4613250875 0.090722221875 0.44322873281249997 0.09177604218749999 0.4428771703125 0.08627199062499999 0.43110546875000005 0.0859207171875 0.4275915796875 0.086037615625 0.42346267343750005 0.085218171875 0.4195095484375 0.086740740625 0.41713758749999996 0.08896585625 0.403609375 0.0901365734375 0.4035212671875 0.096578125 0.3871063375 0.0995260421875 0.3918376734375 0.1775023140625 0.4090559890625 0.175628471875 0.408616753125 0.169655671875
9 0.41770833281249997 0.088015046875 0.430320746875 0.08636631875 0.4428094625 0.08587210625 0.4437990453125 0.0923009265625 0.4614813375 0.08982812500000001 0.45653515625 0.0130109953125 0.4383580734375 0.0144947921875 0.43860546874999995 0.0077361109375 0.427105903125 0.0072413187500000005 0.4222834203125 0.0052633109375 0.41362760468750004 0.008725115625 0.399160590625 0.010868056249999999 0.39977864531249996 0.0177916671875 0.38291970468750003 0.022097801562499998 0.387413628125 0.09971875 0.4036119796875 0.0967517359375 0.4033645828125 0.08949884218750001 0.41770833281249997 0.088015046875
8 0.4589904515625 0.3278703703125 0.461288628125 0.33111400468749996 0.4783203125 0.33129398125 0.47723915000000006 0.3100300921875 0.45912586875 0.3112916671875 0.45885546875000005 0.3062459484375 0.418844184375 0.3091290515625 0.41857378437500004 0.3148958328125 0.4023736984375 0.316202546875 0.4028936625 0.33778125000000003 0.419519965625 0.3357991890625 0.41965538125 0.32931192187499997 0.4589904515625 0.3278703703125
8 0.46122743125000004 0.352978009375 0.47891015625 0.352978009375 0.4777209203125 0.33151909687500003 0.460910590625 0.3310960640625 0.4591657984375 0.32771354218750004 0.4197565109375 0.32961631874999997 0.41928081562499997 0.33574710625000004 0.4027873265625 0.337649884375 0.4041436625 0.3580758109375 0.42023220468750005 0.3566776625 0.420390625 0.3516035875 0.460593315625 0.3484322921875 0.46122743125000004 0.352978009375
8 0.463051215625 0.373168403125 0.4798619796875 0.37221701406249996 0.47922743125 0.35361226874999996 0.46146527812500004 0.35350636562500004 0.46019661406249995 0.34864409687500003 0.420390625 0.352237846875 0.420152778125 0.3576290515625 0.40381814218749995 0.3583692125 0.40509548593750005 0.3802835640625 0.4218181421875 0.3783483796875 0.42213541718750003 0.373063078125 0.46194140624999996 0.37042013906250004 0.463051215625 0.373168403125
8 0.464557725 0.3954322921875 0.48176475625000004 0.3942696765625 0.4804166671875 0.3725989578125 0.46257552031250004 0.3734450234375 0.46138628437499996 0.37048495312499996 0.4220559890625 0.3734450234375 0.42189756875000006 0.3788362265625 0.4051662328125 0.380315971875 0.40640407968750003 0.401222221875 0.42292838593750004 0.39966087968749997 0.423007378125 0.3946927078125 0.46249609375 0.392155671875 0.464557725 0.3954322921875
8 0.46570790000000006 0.41737615781250004 0.483152778125 0.41589583281250003 0.48156684062500005 0.39433101875 0.4644392359375 0.39591666718749996 0.46245703125000004 0.3921111109375 0.4232061625 0.39433101875 0.4226510421875 0.4001452546875 0.4067921 0.40109664375 0.40806987812499995 0.42311284687499995 0.42415755156249996 0.42118171249999997 0.42431597187500003 0.4165300921875 0.4641219625 0.41367592656249996 0.46570790000000006 0.41737615781250004
8 0.46681814218750006 0.43788368125000005 0.484421440625 0.43693229218749996 0.48323220468750006 0.4166359953125 0.46570790000000006 0.41779861093750004 0.4639635421875 0.41378182812500003 0.42415755156249996 0.4166359953125 0.42407812500000003 0.4216041671875 0.40774348906249996 0.4231898140625 0.40937847187500004 0.4434172453125 0.4253467875 0.44242939843749995 0.425901909375 0.4384120375 0.4652322046875 0.4349236109375 0.46681814218750006 0.43788368125000005
8 0.4684440109375 0.45899537031250004 0.4856506078125 0.45793807812500004 0.48438194375 0.43669039375 0.4668580734375 0.4386990734375 0.4653515625 0.4345763890625 0.425941840625 0.43848784687500003 0.42570399375 0.44261053281249996 0.4088936625 0.44356192187500004 0.4103302953125 0.465625 0.42744835 0.4635410875 0.42728993125 0.45931249999999996 0.46765104218750003 0.45656423593750006 0.4684440109375 0.45899537031250004
8 0.46987109374999997 0.48066608750000006 0.48763324687500004 0.4791857640625 0.4861267359375 0.45825520781250006 0.4684440109375 0.459206596875 0.4670959203125 0.45635243125 0.4276072046875 0.45984085625000004 0.4270520828125 0.4635410875 0.4101623265625 0.46576099531250004 0.4116388890625 0.4864050921875 0.42903428750000006 0.485105903125 0.42879644062500005 0.48077141250000005 0.46876084999999995 0.47844618125 0.46987109374999997 0.48066608750000006
8 0.4713776046875 0.50213773125 0.488901909375 0.5005520828125001 0.48731597187500003 0.47940972187500003 0.46955381875 0.48078414374999995 0.46828515625 0.47771875 0.42855859374999994 0.4809953703125 0.4287170140625 0.484906828125 0.41182725624999994 0.4858582171875 0.4129474828125 0.5086134265625 0.42982725625 0.5067887734375 0.429906684375 0.5043576390625 0.46979166718750004 0.49970601875 0.4713776046875 0.50213773125
8 0.472805121875 0.5233854171875 0.48977430625 0.52179976875 0.4886640625 0.5006574078125 0.47113975625000004 0.50213773125 0.46995052031249995 0.499811921875 0.42998611093749994 0.5037233796875 0.42982725625 0.506577546875 0.41325477499999996 0.5086915515625 0.4144939234375 0.5298692125 0.430699653125 0.5285648140625 0.43339540000000004 0.525499421875 0.4716154515625 0.522222221875 0.472805121875 0.5233854171875
8 0.47494618125 0.5458200234375 0.4918359375 0.54402256875 0.489694878125 0.521718171875 0.472805121875 0.5236209484375001 0.43204774375 0.5256290515625001 0.4318888890625 0.528271990625 0.41428559062500003 0.5298576390624999 0.41580295156249997 0.551918403125 0.43236458281249995 0.54983680625 0.43291970468749996 0.547405671875 0.472805121875 0.5434942125 0.47494618125 0.5458200234375
8 0.47597699687499995 0.5669618062499999 0.4931046 0.5657986109375 0.49175651093750006 0.54402256875 0.47447005156250005 0.545396990625 0.472805121875 0.5438113421875 0.43323697968749997 0.5469826390625 0.43204774375 0.5506822921875 0.41626779531249997 0.5523738421875 0.4175872390625 0.5733333328125 0.43426779531250004 0.5718240734375 0.434664496875 0.5693929390625 0.47550086875 0.5659045140625001 0.47597699687499995 0.5669618062499999
8 0.4776419265625 0.5882094906249999 0.49476953124999995 0.58683506875 0.4931046 0.566115740625 0.47621484374999995 0.5670671296875 0.47534244843750006 0.56548148125 0.43458506874999997 0.569921296875 0.43379209999999996 0.5720358796875 0.4176158859375 0.573409721875 0.4188958328125 0.595699653125 0.435457465625 0.5941290515625 0.43569531250000004 0.5915920140625001 0.47684895781250003 0.587046296875 0.4776419265625 0.5882094906249999
8 0.4787521703125 0.6103229171875 0.49643489531249996 0.6089484953125 0.49476953124999995 0.5868553234375 0.47803862812500003 0.5882297453125 0.47645269062500006 0.5865381937499999 0.43593315937500005 0.5919293984375 0.435457465625 0.5942552078125 0.41880555625 0.5963692125 0.420323784375 0.6174317125 0.436963975 0.615925346875 0.43783593749999994 0.614868634375 0.47835546874999996 0.608843171875 0.4787521703125 0.6103229171875
8 0.496276475 0.6091168984374999 0.47914843749999997 0.61059664375 0.47803862812500003 0.6079542828125 0.44053211875000003 0.6137679390625 0.436963975 0.61662210625 0.420312065625 0.6184195609375001 0.42210807343749995 0.639480903125 0.43926345468749994 0.6374473375 0.47906944375 0.6323732640624999 0.49809982656249996 0.631421875 0.496276475 0.6091168984374999
8 0.482082465625 0.6556348375 0.49889279531249997 0.653943865625 0.49794140625 0.6317447921875 0.48033810781249997 0.6329074078125 0.4794657125 0.6302644671875 0.44275217031249997 0.6358674765625 0.439184028125 0.6366070609375 0.43894618124999996 0.6385098375 0.4218185765625 0.6396730328125 0.42365494843749996 0.662640625 0.44053211875000003 0.6607089125 0.44164236093750003 0.6579606484375 0.481765190625 0.6529924765625 0.482082465625 0.6556348375
8 0.48596788125 0.67784375 0.5008754343749999 0.67657523125 0.499289496875 0.653847221875 0.48216189218750005 0.6555387734375 0.4811310765625 0.653318865625 0.44140451406250003 0.658921296875 0.44037369843749996 0.660612846875 0.42316666718749996 0.6625156249999999 0.4246067703125 0.68453125 0.44148350625 0.683234953125 0.44195963593750004 0.6812262734375001 0.484223525 0.6761521984375001 0.48596788125 0.67784375
8 0.5008754343749999 0.6770040515625 0.4855716140625 0.6786950234375 0.48279600624999996 0.675418403125 0.442038628125 0.681972221875 0.44148350625 0.6834519671875 0.42499045156250004 0.6849322921875001 0.42650998281249997 0.707690971875 0.48620572968750003 0.6983570609374999 0.4872365453125 0.6994143515625 0.5024613718750001 0.6981458328125 0.5008754343749999 0.6770040515625
8 0.48882248281249996 0.7221012734375 0.50396788125 0.720515625 0.5021440968750001 0.6982106484374999 0.48660243124999997 0.6993732640625 0.4856506078125 0.69789351875 0.444417534375 0.7038130781249999 0.4434661453125 0.705821759375 0.42673480937499997 0.7077245375000001 0.42758072968749994 0.7297401625 0.44576562500000005 0.727703703125 0.44663802031250005 0.7263292828125001 0.488108940625 0.7199866890625 0.48882248281249996 0.7221012734375
8 0.4879505203125 0.7230075234375 0.48763324687500004 0.7205763890625 0.4456067703125 0.7255445609375 0.44481423593749997 0.7278703703125 0.427765625 0.7296672453124999 0.42984114531250006 0.75210648125 0.4883467875 0.74510069375 0.50587109375 0.7420353015625001 0.50396788125 0.7203645828125 0.4879505203125 0.7230075234375
8 0.43103125000000003 0.77463194375 0.5072981765625 0.7636134265625001 0.5057916671875 0.742365740625 0.4295099828125 0.7531481484375 0.43103125000000003 0.77463194375
9 0.49476953124999995 0.8576059031250001 0.49564192656249995 0.8560202546875001 0.5139587671875 0.85369444375 0.50832899375 0.7655324078125 0.48929817656249996 0.7684924765625001 0.4886640625 0.770500578125 0.4476688375 0.7745179390625 0.44687586875 0.7734606484375 0.4300794265625 0.7757424765625001 0.43506076406250005 0.8632083328125001 0.453219184375 0.8613055562499999 0.454012153125 0.8634195609375 0.49476953124999995 0.8576059031250001
9 0.4995060765625 0.9491012734375 0.499632378125 0.9454004625 0.519187934375 0.94371875 0.5126271703125 0.8552482640625 0.4336740453125 0.8655387734375 0.43995572968749996 0.9536423609375 0.45711415000000005 0.952296875 0.45698828125 0.9556608796875 0.4995060765625 0.9491012734375
9 0.6402404515625 0.9254456015624999 0.6409431421875 0.92275289375 0.6590351562500001 0.9202939812500001 0.65236024375 0.8330677078125 0.63382899375 0.8352922453125 0.6337413187500001 0.8375167828125001 0.5948346359375 0.8425515046875001 0.5936927078124999 0.8402094906249999 0.573859375 0.8430364578124999 0.579640625 0.9302459484375 0.597820746875 0.9288414359375 0.600016059375 0.93129976875 0.6402404515625 0.9254456015624999
8 0.5957951390625 0.32870023125 0.5971124125 0.333149884375 0.6123064234375 0.3322129625 0.6110768234374999 0.3109039359375 0.595531684375 0.312543403125 0.595180121875 0.30809375 0.5550438375 0.31102083281250004 0.554077690625 0.31628993125 0.5367000875 0.31823958281250003 0.5378302953125 0.3395891203125 0.5553072921875 0.3372476859375 0.5565368921875 0.3316273140625 0.5957951390625 0.32870023125
8 0.59878125 0.353521990625 0.6137994796874999 0.353287615625 0.6118671875 0.332915509375 0.5968489578125 0.3332667828125 0.59570703125 0.32893460625 0.5563615453125 0.33209606406250003 0.5550438375 0.3367789359375 0.538269096875 0.3390040515625 0.5394674484374999 0.36040625 0.556800346875 0.3589079859375 0.5590837671875 0.35399016250000004 0.59737586875 0.3496585640625 0.59878125 0.353521990625
8 0.6008888890625 0.3755335640625 0.6150286453125 0.3742453703125 0.613711371875 0.35399016250000004 0.5984296875 0.3538732640625 0.5972881937500001 0.3503605328125 0.558644965625 0.35527835625000004 0.5568884546875 0.358790509375 0.5397621531250001 0.361015046875 0.5417074656249999 0.382719328125 0.5583815109375 0.3804508109375 0.5588203125 0.3761192125 0.59878125 0.37108449062500004 0.6008888890625 0.3755335640625
8 0.60246961875 0.39674421249999997 0.6172243921875 0.395222221875 0.6150286453125 0.374381365625 0.600449653125 0.3752013890625 0.598956596875 0.3714542828125 0.5597864578125 0.3762546296875 0.5582057296875 0.38082118125000003 0.5412552078124999 0.38246006875 0.543156684375 0.4032754625 0.5601380203125 0.4013107640625 0.561367621875 0.397212384375 0.6009765625 0.3929976859375 0.60246961875 0.39674421249999997
8 0.6048411453125 0.41781944375 0.6188932296874999 0.4166481484375 0.6169609375 0.394987846875 0.602996528125 0.39674421249999997 0.60115234375 0.3933489578125 0.5619822046875 0.39814930625 0.56022569375 0.40201331093750003 0.54336328125 0.4036521984375 0.545207465625 0.42421469843750004 0.5621579859375 0.4214484953125 0.5640021703125 0.417233796875 0.603172309375 0.41536053281249996 0.6048411453125 0.41781944375
8 0.6065976562500001 0.439084490625 0.62091319375 0.43767939843750003 0.618805121875 0.41672164375 0.604226128125 0.4181267359375 0.602557725 0.41484837968750005 0.56321180625 0.4183605328125 0.5616310765625 0.42187326406250003 0.545207465625 0.42362962968750006 0.5475052078125 0.445090278125 0.5640898437499999 0.44365046250000006 0.5659344625 0.43955266249999997 0.6056315109375 0.4359230328125 0.6065976562500001 0.439084490625
8 0.6083541671875 0.4605104171875 0.6224939234375 0.45875405156250004 0.6207374125 0.43791319375000004 0.6065095484375 0.438615740625 0.6047530375 0.43580613437500004 0.5665490453124999 0.4393182875 0.5638263890624999 0.44400173593750003 0.5474032125 0.4452893515625 0.5489548609375 0.4667008109375 0.565495225 0.465193865625 0.5669006078125001 0.4608616890625 0.6072122390625 0.4575833328125 0.6083541671875 0.4605104171875
8 0.61019835 0.481959490625 0.6252165796875 0.48055439843750003 0.6233723953125 0.458659721875 0.6083541671875 0.4602991890625 0.606421875 0.45725520781249995 0.5666371531250001 0.461118634375 0.56531944375 0.464631365625 0.5492473953125 0.466621528125 0.5506675343749999 0.48831134218749994 0.568129775 0.48652546250000006 0.56953515625 0.48371585625 0.6088810765625 0.48102256875 0.61019835 0.481959490625
8 0.611515625 0.5020978015625001 0.6262704 0.5010439812499999 0.6248654515625 0.47996875 0.61019835 0.48172511562500003 0.6083541671875 0.48020312499999995 0.569008246875 0.48418402812499994 0.5670759546874999 0.4871111109375 0.550652778125 0.488281828125 0.5518537328125 0.5097459484375 0.569008246875 0.5091226859375 0.5716427953125 0.5035023140625 0.6112521703125 0.5009265046875 0.611515625 0.5020978015625001
8 0.6141506078125001 0.5241296296875 0.628026909375 0.5230758109375 0.6267096359375001 0.5009473375 0.6116914062500001 0.502703125 0.6107252609375 0.5004785875 0.571730903125 0.5050451390624999 0.5690959203125 0.5087916671875 0.55267274375 0.51089930625 0.554620659375 0.532234375 0.5712916671875 0.529749421875 0.5735750875 0.5258854171875 0.6124817703125001 0.5223732640625001 0.6141506078125001 0.5241296296875
8 0.6154678812500001 0.546609375 0.63022265625 0.5454386578125 0.6286419265625 0.5224901625 0.6140629343749999 0.5248321765624999 0.6122183156250001 0.5223732640625001 0.5735750875 0.5261197921874999 0.57120399375 0.530803240625 0.554429253125 0.5322083328125 0.5558068578124999 0.55366898125 0.5730481765625 0.5512928234375 0.575155815625 0.5484826390624999 0.6141506078125001 0.5442679390625 0.6154678812500001 0.546609375
8 0.6178394093749999 0.5691672453125001 0.632242621875 0.5674108796875 0.630573784375 0.5452824078125 0.6160829 0.546921875 0.6139748265625 0.5443460640625 0.5747170140625 0.5483263890625001 0.5728723953125 0.5523072921875001 0.5562734375 0.553478009375 0.556992621875 0.574928240625 0.5750681421875 0.57361631875 0.577878471875 0.5704554390625 0.6159947921875 0.5654207171875 0.6178394093749999 0.5691672453125001
8 0.619332465625 0.5896568281250001 0.6335598953125 0.588368634375 0.6319791671874999 0.56705960625 0.617487846875 0.567996528125 0.6163463546875 0.56705960625 0.5763854171875 0.5713917828125 0.5745412328125 0.5725625 0.5575030375 0.5744357640625 0.559101128125 0.5974166671875001 0.576824653125 0.5957447921875 0.578932725 0.59340335625 0.6175759546874999 0.5887199078124999 0.619332465625 0.5896568281250001
8 0.6350529515625001 0.6096776625 0.633296440625 0.58907118125 0.6197712671875 0.59141319375 0.6179270828125001 0.589891203125 0.578932725 0.5935202546875 0.5765611984375 0.5959791671875 0.5590837671875 0.59785243125 0.5614730906250001 0.6195543984375 0.578054253125 0.61728819375 0.580425346875 0.6158831015625 0.6060707468750001 0.612487846875 0.6350529515625001 0.6096776625
8 0.6348328999999999 0.6095937499999999 0.5782734375 0.61685243125 0.5601814234375 0.6201307875000001 0.562640190625 0.6413229171875 0.58169835 0.6387471062500001 0.6220104171874999 0.633946759375 0.6366770828125 0.63265914375 0.6348328999999999 0.6095937499999999
8 0.5810837671875 0.6382789359375 0.5622890625 0.6406203703125 0.5637131078125 0.6638292828125001 0.6389609375 0.653265625 0.637379775 0.6330098375000001 0.595750434375 0.63652256875 0.5810837671875 0.6382789359375
8 0.565426215625 0.6868449078125 0.640629340625 0.6762135421875 0.6393997390624999 0.652796875 0.56369444375 0.6643883109375001 0.565426215625 0.6868449078125
8 0.566875434375 0.7082795140625 0.642210503125 0.6982980328124999 0.640629340625 0.6760520828125001 0.5651875000000001 0.6872922453125 0.566875434375 0.7082795140625
8 0.568456596875 0.7312957171875001 0.6440546875 0.7206608796875 0.64256163125 0.698181134375 0.566855903125 0.708484375 0.568456596875 0.7312957171875001
8 0.570433159375 0.7534328703125001 0.6458111984375 0.741936921875 0.64423046875 0.7207447921875 0.5685247390625 0.73116493125 0.570433159375 0.7534328703125001
9 0.652749565625 0.830406828125 0.6463381078125 0.744233796875 0.5692274312500001 0.7537175921875 0.5758359375000001 0.8414554390625 0.5939062500000001 0.8391880781250001 0.595223525 0.840593171875 0.6363259546875 0.8339195609375001 0.652749565625 0.830406828125
7 0.6848346359375 0.231902778125 0.676536025 0.14703182812499999 0.634094184375 0.1516151625 0.62984765625 0.1696510421875 0.6365837671875 0.2420179390625 0.641918403125 0.2368026625 0.6848346359375 0.231902778125
7 0.642511284375 0.23644039375 0.63575390625 0.243868634375 0.643187934375 0.3302112265625 0.6490316843749999 0.323365740625 0.6928962671875001 0.318624421875 0.68637586875 0.2321730328125 0.642511284375 0.23644039375
7 0.6552834203125 0.41084664374999996 0.7010768234375 0.4060625 0.693726128125 0.3185046296875 0.6483203125 0.3226140046875 0.6552834203125 0.41084664374999996
7 0.6630208328125 0.5014004625 0.7216302078125 0.492431134375 0.7132877609375 0.4051504625 0.6555520828125 0.41194618125 0.6630208328125 0.5014004625
7 0.6700468749999999 0.5915653937500001 0.7297664937499999 0.5845648140625 0.7214678812499999 0.4951111109375 0.6633767359375 0.501906828125 0.6700468749999999 0.5915653937500001
7 0.679296440625 0.68192476875 0.736168403125 0.674696759375 0.7295295140625 0.5847575234375 0.6704900171875 0.5920271984375 0.679296440625 0.68192476875
7 0.751105903125 0.6747199078125 0.6793815109375 0.6837285875 0.685699653125 0.7758420140625 0.730359375 0.7692314812500001 0.727276909375 0.7219756937499999 0.75537413125 0.7188148140624999 0.751105903125 0.6747199078125
7 0.69370399375 0.8697586812500001 0.7386579859375 0.8630005781250001 0.731426215625 0.7714918984375 0.6854275171875 0.7771817125 0.69370399375 0.8697586812500001
7 0.7576727437499999 0.913259259375 0.8222842874999999 0.9050410875000001 0.8196666671875 0.8799114578125 0.8149249125000001 0.8734317125000001 0.799038628125 0.875012153125 0.798090278125 0.8579432875 0.6935260421875 0.8740277781250001 0.6968546 0.91357523125 0.7488997390625001 0.9059890046874999 0.7576727437499999 0.913259259375