6 0.3084934890625 0.389215278125 0.3083493921875 0.4022951390625 0.330824653125 0.40170196718750006 0.3314921875 0.3889456015625 0.3084934890625 0.389215278125
6 0.308820746875 0.32898726875 0.30764930625 0.3405271984375 0.331793403125 0.3391956015625 0.3312825515625 0.32739930625 0.308820746875 0.32898726875
6 0.30848046875 0.34486689843749996 0.30815972187499996 0.354824653125 0.330942275 0.3537141203125 0.330942275 0.34214467656249997 0.30848046875 0.34486689843749996
6 0.3316232640625 0.3589317125 0.30815972187499996 0.359931134375 0.308820746875 0.37276967656250004 0.33213368125 0.37186226875 0.3316232640625 0.3589317125
6 0.3304318578125 0.3759456015625 0.3091809890625 0.3772922453125 0.3083103296875 0.38864930625 0.3307721359375 0.38796875000000003 0.3304318578125 0.3759456015625
6 0.30865060781250003 0.3131076390625 0.3086701390625 0.32384722187500004 0.330942275 0.32286226875 0.3304318578125 0.3108391203125 0.30865060781250003 0.3131076390625
6 0.308820746875 0.30720949062499997 0.330882378125 0.305124421875 0.33060199687499997 0.293371528125 0.308820746875 0.2951863421875 0.308820746875 0.30720949062499997
6 0.30815972187499996 0.27785185156250003 0.3083572046875 0.29047743125 0.33127734375 0.2885491890625 0.331944878125 0.2754959484375 0.30815972187499996 0.27785185156250003
6 0.331722221875 0.2676348375 0.33253211875 0.25448148125 0.3090247390625 0.25576851875 0.30913585 0.268228009375 0.331722221875 0.2676348375
6 0.33386762187499996 0.17613368125 0.31124999999999997 0.1767106484375 0.3109162328125 0.1885769671875 0.3330572921875 0.18842824062500002 0.33386762187499996 0.17613368125
6 0.3098033859375 0.20237094843749998 0.332698784375 0.201952546875 0.33283463593749996 0.18991145781250002 0.31002604218749996 0.19065335625 0.3098033859375 0.20237094843749998
6 0.3102486984375 0.20652430625 0.3104969625 0.2184236109375 0.3321671 0.21809375000000003 0.3321671 0.20563425937500002 0.3102486984375 0.20652430625
6 0.33203125 0.222875 0.3092473953125 0.22328530156249998 0.30935850625 0.23529976874999997 0.331499565625 0.234706596875 0.33203125 0.222875
6 0.31817578125 0.147421296875 0.3179874125 0.16679513906250001 0.338793403125 0.1664988421875 0.338348525 0.148105903125 0.31817578125 0.147421296875
6 0.3340091140625 0.12926851875 0.3115342875 0.1307517359375 0.3121662328125 0.14296932812500002 0.3130920140625 0.143359375 0.333898003125 0.1406898140625 0.3340091140625 0.12926851875
6 0.319211371875 0.09826851875 0.3191775171875 0.1169276625 0.3391271703125 0.11666087968750001 0.339016059375 0.09826851875 0.319211371875 0.09826851875
6 0.312758246875 0.08106250000000001 0.3125 0.09288946718749999 0.33512196250000004 0.09233506875 0.335344184375 0.08002430625 0.312758246875 0.08106250000000001
6 0.3199900171875 0.055550346875 0.3196779515625 0.07307986093749999 0.33968359375 0.07260763906249999 0.33968359375 0.0549571765625 0.3199900171875 0.055550346875
6 0.3130920140625 0.0390862265625 0.313167534375 0.05126736093749999 0.3354557296875 0.05080381874999999 0.33512196250000004 0.0389375 0.3130920140625 0.0390862265625
6 0.3206579859375 0.0125949078125 0.3205130203125 0.030122106250000003 0.33968359375 0.029652778125 0.3395724828125 0.0118535875 0.3206579859375 0.0125949078125
6 0.3146497390625 0 0.3146497390625 0.0072552078125 0.3363459203125 0.0059201390625000004 0.3363459203125 0.0002835640625 0.3146497390625 0
6 0.5737552078125 0.00403819375 0.573898871875 0.0158449078125 0.5962513015625001 0.0154045140625 0.5963611109375 0.0023402781250000003 0.5737552078125 0.00403819375
6 0.5741189234374999 0.018340278125 0.5737552078125 0.030911457812499998 0.5964713546875 0.0303773140625 0.5963611109375 0.0171660875 0.5741189234374999 0.018340278125
6 0.5963611109375 0.046083912500000004 0.5963611109375 0.03434085625 0.5739205734375 0.03465625 0.573788628125 0.034046875 0.57367881875 0.0475515046875 0.5963611109375 0.046083912500000004
6 0.5970217015625 0.049313078125 0.5952599828125 0.049753471875 0.5741189234374999 0.050046875000000005 0.573898871875 0.0632581015625 0.5972421875 0.062671296875 0.5970217015625 0.049313078125
6 0.5740655375 0.0666076390625 0.574222221875 0.079530671875 0.5968541671875001 0.07919039375 0.596769096875 0.0661464125 0.5740655375 0.0666076390625
6 0.5971093749999999 0.08236631875 0.5745763890625 0.0829473375 0.5743072921875 0.095750578125 0.596684028125 0.095296875 0.5971093749999999 0.08236631875
6 0.597043403125 0.10456365781250002 0.5743923609375 0.104144096875 0.5740520828125 0.11786863437499999 0.5972795140625 0.1177552078125 0.597043403125 0.10456365781250002
6 0.596769096875 0.12047743125000002 0.57470399375 0.1209039359375 0.574222221875 0.1335214125 0.597449653125 0.1329542828125 0.596769096875 0.12047743125000002
6 0.596769096875 0.1366973375 0.5745763890625 0.1370734953125 0.5743923609375 0.149968171875 0.5971093749999999 0.1494010421875 0.596769096875 0.1366973375
6 0.57444835 0.1535833328125 0.57460546875 0.1660387734375 0.5969822046875 0.1660387734375 0.5969822046875 0.15333506875 0.57444835 0.1535833328125
6 0.5974075515624999 0.1692146984375 0.5747756078124999 0.169328125 0.5745204 0.18237210625 0.5974926218750001 0.18225868125 0.5974075515624999 0.1692146984375
6 0.5973224828125 0.1855480328125 0.575214409375 0.1859230328125 0.5746905375 0.1984785875 0.5972374125 0.1979114578125 0.5973224828125 0.1855480328125
6 0.597577690625 0.20168865781249998 0.575214409375 0.20192245312499998 0.5747751734375 0.2145057875 0.5978329 0.2142789359375 0.597577690625 0.20168865781249998
6 0.5743498265625 0.23140624999999998 0.597151909375 0.23083912031249998 0.5969219 0.2185871375 0.5744348953125 0.21847569375 0.5743498265625 0.23140624999999998
6 0.59742665 0.24021875 0.5739244796875 0.23934606406249997 0.57409461875 0.25454571718749996 0.5976627609375 0.25420543906250004 0.59742665 0.24021875
6 0.5976818578125 0.257409721875 0.5747751734375 0.25749479218750004 0.5746901046875 0.2705387734375 0.5976627609375 0.2706521984375 0.5976818578125 0.257409721875
6 0.5976197921875 0.27516087968749997 0.574831596875 0.27528125000000003 0.574817275 0.2883182875 0.598215278125 0.2878645828125 0.5976197921875 0.27516087968749997
6 0.5749874125 0.30136226875 0.5980646703125 0.30149305625 0.598215278125 0.2889988421875 0.57490234375 0.28933912031250003 0.5749874125 0.30136226875
6 0.5983854171874999 0.30907523124999997 0.574831596875 0.3086417828125 0.5751575515625 0.3218923609375 0.5978749999999999 0.3217789359375 0.5983854171874999 0.30907523124999997
6 0.59796006875 0.3264293984375 0.574831596875 0.32668402812499997 0.57490234375 0.3390196765625 0.59855555625 0.3391331015625 0.59796006875 0.3264293984375
6 0.5751575515625 0.3529710640625 0.5990859375 0.3528958328125 0.5983854171874999 0.34004050937499997 0.575327690625 0.3398136578125 0.5751575515625 0.3529710640625
6 0.5993411453124999 0.3561296296875 0.5757534718749999 0.3560335640625 0.5757534718749999 0.3693049765625 0.59940625 0.36941840312499996 0.5993411453124999 0.3561296296875
6 0.6005125875 0.3873165515625 0.5749874125 0.38788368125 0.5750724828125 0.40081423593750004 0.60059765625 0.4007008109375 0.6005125875 0.3873165515625
6 0.5749874125 0.41499247656250005 0.598640625 0.41487905156249993 0.5983854171874999 0.402175346875 0.5749874125 0.40183506874999997 0.5749874125 0.41499247656250005
6 0.5758385421875001 0.43087210625 0.5995967875 0.43033969843750003 0.599065971875 0.417487846875 0.57600868125 0.41782812500000005 0.5758385421875001 0.43087210625
6 0.59872569375 0.43438831093749997 0.5754696187499999 0.434765625 0.575668403125 0.4470920140625 0.5991510421874999 0.44765914375 0.59872569375 0.43438831093749997
6 0.6002981765625 0.4512633109375 0.5767465281249999 0.4517858796875 0.5767300343749999 0.464987846875 0.6006384546875 0.464874421875 0.6002981765625 0.4512633109375
6 0.577495659375 0.46816377343750004 0.5773845484375 0.481061921875 0.5998723953125 0.48132118124999995 0.600042534375 0.4671429390625 0.577495659375 0.46816377343750004
6 0.60100086875 0.48769965312499997 0.5770703125 0.48733275468750004 0.5773255203125001 0.5011707171875 0.6017443578125 0.5002633109375 0.60100086875 0.48769965312499997
6 0.5772404515625 0.516256365625 0.6018945312499999 0.51578414375 0.6005533859375001 0.5029855328124999 0.5772404515625 0.50275868125 0.5772404515625 0.516256365625
6 0.5769001734375 0.5434560187499999 0.5770703125 0.5596759265625 0.6028502609374999 0.5596759265625 0.6028502609374999 0.5430023140625 0.5769001734375 0.5434560187499999
6 0.6014040796875 0.5271226859375 0.5769001734375 0.5264421296874999 0.57698524375 0.54039351875 0.6018294265625 0.5395995375 0.6014040796875 0.5271226859375
6 0.57775086875 0.5743078703125 0.6024049484375 0.574675346875 0.60233984375 0.5612638890625 0.5778359375 0.5609236109375 0.57775086875 0.5743078703125
6 0.601148871875 0.5778240734375 0.6012560765625 0.5773987265625 0.5780911453125 0.5772569437499999 0.57792100625 0.5904143515625 0.60148915 0.590641203125 0.601148871875 0.5778240734375
6 0.578176215625 0.59551851875 0.5780060765624999 0.6093564812500001 0.60369249375 0.608896109375 0.6033611109375 0.595972221875 0.578176215625 0.59551851875
6 0.578023003125 0.6131423609375 0.5776657984375 0.6278223374999999 0.6044670140624999 0.6277089124999999 0.6040416671875 0.61364351875 0.578023003125 0.6131423609375
6 0.60497743125 0.6413200234375 0.6021697046875001 0.6397320609375 0.6021697046875001 0.6378038187499999 0.604637153125 0.63610243125 0.60353125 0.6314519671875 0.578405815625 0.6313541671875 0.5780060765624999 0.644609375 0.60361631875 0.6440422453125 0.60497743125 0.6413200234375
6 0.60438194375 0.66060243125 0.6048923609375 0.65753993125 0.6018294265625 0.6561788187500001 0.6018294265625 0.6535700234374999 0.604722221875 0.65300289375 0.6040416671875 0.647671875 0.578788628125 0.6478645828125 0.5791974828125 0.6612829859375 0.6010638015625 0.6609427078125 0.60438194375 0.66060243125
6 0.5794526906249999 0.799594328125 0.5799375 0.8117737265624999 0.602680121875 0.8127517359375 0.602680121875 0.8006151625 0.5794526906249999 0.799594328125
6 0.5794526906249999 0.77627430625 0.5795546875 0.7894768515624999 0.6033611109375 0.7906793984375 0.6037864578125001 0.7761608796874999 0.5794526906249999 0.77627430625
6 0.5795377609375 0.7586932875 0.5796228296875 0.772984953125 0.6044670140624999 0.7735520828125 0.60438194375 0.7596006937500001 0.5795377609375 0.7586932875
6 0.604702690625 0.7416487265625 0.5791974828125 0.7421331015625 0.5795377609375 0.7550636578125001 0.602680121875 0.7551770828125 0.604702690625 0.7416487265625
6 0.60157421875 0.72897569375 0.604296875 0.72897569375 0.6037013890625 0.7244386578124999 0.579367621875 0.723984953125 0.579367621875 0.7375960640625 0.6024049484375 0.7365422453125 0.60514756875 0.7321516203125 0.6020846359375 0.732265046875 0.60157421875 0.72897569375
6 0.5789166671875 0.70488368125 0.57902734375 0.7188576390625 0.603105903125 0.7198790515625 0.603105903125 0.706040509375 0.5789166671875 0.70488368125
6 0.578261284375 0.6874386578125 0.5780060765624999 0.7004826390625001 0.6017443578125 0.70104976875 0.6033611109375 0.6881192125 0.578261284375 0.6874386578125
6 0.5780060765624999 0.6701979171875 0.578023003125 0.6854803234375 0.601999565625 0.684603009375 0.6029353296875 0.6717858796875 0.5780060765624999 0.6701979171875
8 0.85487586875 0.8176701390625001 0.8570156250000001 0.813034721875 0.8717269968749999 0.8137476859375001 0.86771484375 0.7374380781250001 0.8519331593749999 0.7392210640625 0.79581944375 0.737003471875 0.79843663125 0.815530671875 0.8168932296875001 0.815530671875 0.819300346875 0.8180266203125001 0.85487586875 0.8176701390625001
8 0.9805924484374999 0.80946875 0.9939665796874999 0.8105387734375 0.991559028125 0.7324456015624999 0.92174609375 0.7324456015624999 0.921433159375 0.80924131875 0.9436796875000001 0.81232118125 0.9803250875 0.81232118125 0.9805924484374999 0.80946875
8 0.79121484375 0.6605578703125 0.879695746875 0.6567395828125 0.8792165796875 0.6384490734375 0.792284721875 0.639519096875 0.79121484375 0.6605578703125
8 0.87886805625 0.618040509375 0.7978589406250001 0.6196660875 0.7968046875 0.6397297453124999 0.87962109375 0.6389265046875 0.87886805625 0.618040509375
8 0.8784162328124999 0.5971545140625001 0.7972942703125 0.6010949078125 0.7980095484375 0.6206510421875 0.8791692703124999 0.618040509375 0.8784162328124999 0.5971545140625001
8 0.8781154515624999 0.5774733796875 0.7974822046875001 0.5807673609374999 0.79740711875 0.6007696765625 0.8781154515624999 0.597556134375 0.8781154515624999 0.5774733796875
8 0.8773624124999999 0.556587384375 0.7963528640625 0.5609415515625 0.797557725 0.57988368125 0.8779648437500001 0.57847743125 0.8773624124999999 0.556587384375
8 0.8767599828125 0.5363263890625001 0.79578819375 0.5403634265624999 0.7963528640625 0.560225115625 0.8767599828125 0.557212384375 0.8767599828125 0.5363263890625001
8 0.8758567703125 0.517649884375 0.7952239578125 0.520537615625 0.7952990453125001 0.5399415515625 0.8761575515625 0.536125578125 0.8758567703125 0.517649884375
8 0.875254340625 0.4981695609375 0.7946592875 0.5009629624999999 0.7951484375 0.5204612265625 0.8758567703125 0.517649884375 0.875254340625 0.4981695609375
8 0.8754049484375 0.4784884265625 0.79409461875 0.481137153125 0.7949978296875 0.5003784718750001 0.8758567703125 0.499374421875 0.8754049484375 0.4784884265625
8 0.874651909375 0.4588298609375 0.79371788125 0.4628171296875 0.7945460062499999 0.4809207171875 0.8755555562499999 0.47931423593750005 0.874651909375 0.4588298609375
8 0.87389930625 0.43975173593749994 0.7935299484375 0.44299131875000003 0.7942447921875 0.46264583281249994 0.8745013015625 0.45923148124999996 0.87389930625 0.43975173593749994
8 0.8737486984375 0.4206730328125 0.7931532125 0.42291493124999996 0.7930403640625 0.4417598375 0.87435069375 0.439952546875 0.8737486984375 0.4206730328125
8 0.8731462671875001 0.40120775468750003 0.7925885421875 0.4045949078125 0.793190971875 0.423499421875 0.87389930625 0.42088888906250005 0.8731462671875001 0.40120775468750003
8 0.87269444375 0.3823304390625 0.7922122390624999 0.3860237265625 0.79288975625 0.40482291718749996 0.8731462671875001 0.40160937499999994 0.87269444375 0.3823304390625
8 0.8716406250000001 0.3624484953125 0.79164756875 0.36569618125000003 0.792137153125 0.3851417828125 0.872995659375 0.3835353015625 0.8716406250000001 0.3624484953125
8 0.8710381937499999 0.34379398125 0.7914592015624999 0.3473761578125 0.7918359374999999 0.3660856484375 0.8716406250000001 0.36327430625 0.8710381937499999 0.34379398125
8 0.8711888015625 0.32672395781249997 0.7918359374999999 0.32729976875 0.791534721875 0.34700694374999996 0.8711888015625 0.3433923609375 0.8711888015625 0.32672395781249997
8 0.8708875875000001 0.307243634375 0.790706596875 0.309230903125 0.79048046875 0.32792881875 0.8711888015625 0.3273263890625 0.8708875875000001 0.307243634375
8 0.8704357640625 0.289972221875 0.7903298609375 0.2901579859375 0.7897278640625001 0.3092517359375 0.8710381937499999 0.3078460640625 0.8704357640625 0.289972221875
8 0.869683159375 0.27169733749999997 0.7905182296875 0.27008101875 0.789878471875 0.28916898125 0.8702851562499999 0.2901730328125 0.869683159375 0.27169733749999997
8 0.8701345484375 0.267881365625 0.857034721875 0.2668773140625 0.857034721875 0.25362268593750004 0.844988715625 0.2530202546875 0.8443862843750001 0.24880324062499998 0.8079474828125001 0.24739699062499998 0.8070438375 0.2516145828125 0.7895772562500001 0.253016203125 0.7901796875 0.26989004687499996 0.8698337671875 0.27270138906249997 0.8701345484375 0.267881365625
8 0.8675950515625 0.6601464125 0.7965377609375001 0.6601464125 0.7963984375 0.6791001156250001 0.8674557296875 0.6798437500000001 0.8675950515625 0.6601464125
8 0.8671770828125 0.680215278125 0.796781684375 0.6795023140625001 0.7965377609375001 0.698240740625 0.86731640625 0.697868634375 0.8671770828125 0.680215278125
8 0.86731640625 0.6980543984375001 0.7962591140625 0.698311921875 0.7963984375 0.7173807875 0.8677343750000001 0.7184953703125 0.86731640625 0.6980543984375001
8 0.86731640625 0.71830960625 0.7962591140625 0.7178177078125 0.7958411453124999 0.7367065968750001 0.8680130203124999 0.7365208328125 0.86731640625 0.71830960625
8 0.92163368125 0.71357523125 0.9223046874999999 0.730803240625 0.991589409375 0.7316984953125 0.991589409375 0.71245601875 0.92163368125 0.71357523125
8 0.9919249125 0.6927667828125 0.9223046874999999 0.6936614578125 0.921801215625 0.7137986109375001 0.99209288125 0.7129039359375 0.9919249125 0.6927667828125
8 0.9904153640625 0.673300346875 0.9207947046875 0.6736140046875 0.9207947046875 0.6929901625 0.99075086875 0.6932141203125 0.9904153640625 0.673300346875
8 0.9904153640625 0.654953125 0.9199557296875 0.6540416671875 0.9194526906249999 0.6739716437500001 0.9905829 0.67352430625 0.9904153640625 0.654953125
8 0.9894088546875001 0.6341695609375 0.92163368125 0.6355879625 0.9211302078125 0.653859375 0.9900798609375 0.653188078125 0.9894088546875001 0.6341695609375
8 0.98907335 0.6140324078125 0.9199557296875 0.61489756875 0.9202912328125 0.6348408562500001 0.9900798609375 0.6346174765625 0.98907335 0.6140324078125
8 0.988569878125 0.5932239578125 0.9195364578125 0.5939276625 0.9189492187500001 0.615375 0.98907335 0.614256365625 0.988569878125 0.5932239578125
8 0.988401909375 0.57353414375 0.9189075515624999 0.57491493125 0.9189492187500001 0.5941192125 0.98907335 0.593 0.988401909375 0.57353414375
8 0.9870598953125 0.5527424765625 0.9193268234374999 0.5561817125 0.91844618125 0.574222221875 0.98806640625 0.5748935187499999 0.9870598953125 0.5527424765625
8 0.9870598953125 0.5339479171875 0.9189075515624999 0.536050346875 0.919284721875 0.555875 0.9868923609375001 0.5529664359375001 0.9870598953125 0.5339479171875
8 0.9865568578125 0.5142581015625 0.9180685765625001 0.517037615625 0.9176072046874999 0.53640914375 0.9870598953125 0.534171296875 0.9865568578125 0.5142581015625
8 0.9858858500000001 0.49480844843750005 0.918613715625 0.49704629687499996 0.919284721875 0.516959490625 0.9867243921875 0.5149456015625 0.9858858500000001 0.49480844843750005
8 0.985550346875 0.474671296875 0.918613715625 0.47735648125 0.918781684375 0.4972696765625 0.9858858500000001 0.495256365625 0.985550346875 0.474671296875
8 0.984711371875 0.45477430625000004 0.9179427078125 0.45745949062499996 0.91844618125 0.476925346875 0.985382378125 0.47513541718749996 0.984711371875 0.45477430625000004
8 0.9835368921875001 0.4355324078125 0.9166006937500001 0.4384699078125 0.9181106765625 0.4581307875 0.9840403640625001 0.45477430625000004 0.9835368921875001 0.4355324078125
8 0.9833693578125 0.41763252343749996 0.91576171875 0.41945659687500003 0.9166006937500001 0.4377696765625 0.9838723953124999 0.43665104218749995 0.9833693578125 0.41763252343749996
8 0.9825303812499999 0.39684085625 0.9149231765625 0.3993258109375 0.915594184375 0.4194392359375 0.9830338546874999 0.4178726859375 0.9825303812499999 0.39684085625
8 0.981691840625 0.3775983796875 0.914503471875 0.37863483750000004 0.9149231765625 0.3995254625 0.981691840625 0.397512153125 0.981691840625 0.3775983796875
8 0.9813563375 0.3614884265625 0.9128259546875 0.3621388890625 0.9142521703125001 0.37916493125 0.981859375 0.37871701406249997 0.9813563375 0.3614884265625
8 0.9798463546875 0.3382355328125 0.913077690625 0.3427106484375 0.9127421874999999 0.3624004625 0.9806853296875 0.361281828125 0.9798463546875 0.3382355328125
8 0.9791753468750001 0.31988831093750003 0.9117773437500001 0.32327430625 0.912406684375 0.3431579859375 0.9803493921875001 0.3391307875 0.9791753468750001 0.31988831093750003
8 0.9781688374999999 0.30109375 0.9107291671875 0.3045410875 0.91207118125 0.3225734953125 0.97934288125 0.32055960625 0.9781688374999999 0.30109375
8 0.9786718750000001 0.3015410875 0.9781688374999999 0.2829699078125 0.9094709203125 0.286087384375 0.9097226562499999 0.2874450234375 0.9103936625 0.30422627343749997 0.9786718750000001 0.3015410875
8 0.9781688374999999 0.2762575234375 0.9776653640624999 0.2670839125 0.96676085 0.26596527812500004 0.9679353296875 0.2623854171875 0.9296857640624999 0.2610428234375 0.9285117187499999 0.26596527812500004 0.9098901906249999 0.267074653125 0.91022569375 0.2858790515625 0.978336371875 0.282746528125 0.9781688374999999 0.2762575234375