6 0.139922309375 0.20318055625000003 0.14075694375 0.2488859953125 0.155624565625 0.24798495312500002 0.1546106765625 0.20192592656250002 0.139922309375 0.20318055625000003
6 0.15570876718749999 0.24618287031250002 0.1698333328125 0.2461035875 0.16914019062500002 0.20046180625 0.15503298593749998 0.20091203750000003 0.15570876718749999 0.24618287031250002
6 0.17819835 0.24542766249999998 0.1927083328125 0.2452824078125 0.1922018234375 0.1996736109375 0.17682725625 0.19989872656250002 0.17819835 0.24542766249999998
6 0.210786025 0.243931134375 0.21019444375 0.19809664375 0.19549609375000002 0.198547453125 0.1960030375 0.24471932812500002 0.210786025 0.243931134375
6 0.2164743921875 0.2442447921875 0.23114409687499998 0.24370543906250003 0.23021484375 0.197421296875 0.21560069375 0.19685821718750002 0.2164743921875 0.2442447921875
6 0.2338376734375 0.19540682812500001 0.23500694375000003 0.2421290515625 0.2497052953125 0.24134085624999999 0.24902951406249998 0.1962951390625 0.2338376734375 0.19540682812500001
6 0.253609375 0.1942239578125 0.25477343750000003 0.24100289375 0.26938758749999997 0.24100289375 0.2684583328125 0.1942679390625 0.253609375 0.1942239578125
6 0.272620659375 0.19321006875 0.27386458281250003 0.23897569375 0.287887153125 0.23897569375 0.2878029515625 0.1931417828125 0.272620659375 0.19321006875
6 0.2992365453125 0.1920271984375 0.2997981765625 0.23807465312499998 0.315003471875 0.237962384375 0.313651909375 0.192578703125 0.2992365453125 0.1920271984375
6 0.31931163125 0.23739930625 0.333203125 0.23697800937500002 0.331898003125 0.1908894671875 0.31812890625 0.1911145828125 0.31931163125 0.23739930625
6 0.33725868124999997 0.190337384375 0.33790755156249996 0.2368362265625 0.3530282125 0.23627314843749997 0.35218359375 0.1897633109375 0.33725868124999997 0.190337384375
6 0.35588975624999997 0.18949247656249998 0.3569986984375 0.23537210625 0.3716124125 0.23559722187499998 0.3705143234375 0.18875 0.35588975624999997 0.18949247656249998
6 0.375534721875 0.1888165515625 0.37669140625 0.234358796875 0.390713975 0.23402083281250002 0.389953559375 0.1873987265625 0.375534721875 0.1888165515625
6 0.39454600625 0.18763368125 0.39527560781250004 0.2325567125 0.4097204859375 0.2325567125 0.4086223953125 0.1864976859375 0.39454600625 0.18763368125
6 0.41406423593749997 0.2317395828125 0.429324653125 0.2309803234375 0.4282265625 0.1845833328125 0.41369704843750005 0.1842453703125 0.41406423593749997 0.2317395828125
6 0.43396223906250003 0.2319085640625 0.4488381078125 0.23165567187499997 0.447655815625 0.185483796875 0.4328728296875 0.185371528125 0.43396223906250003 0.2319085640625
6 0.4740325515625 0.1850335640625 0.459690971875 0.185605903125 0.4600099828125 0.23199363437499998 0.475046440625 0.23154340312500002 0.4740325515625 0.1850335640625
6 0.4926436625 0.1823946765625 0.47766493125 0.183006365625 0.47876302031250006 0.22940335625000002 0.49354600625 0.22906597187500002 0.4926436625 0.1823946765625
6 0.498347221875 0.18188773125 0.4992057296875 0.22850289375 0.514411025 0.2274890046875 0.512468315625 0.1809797453125 0.498347221875 0.18188773125
6 0.5287717015625 0.1798535875 0.51482335 0.1808738421875 0.5150026046875 0.2272638890625 0.5297009546875 0.22703877343749998 0.5287717015625 0.1798535875
6 0.5372565109375 0.179859953125 0.5374049484375 0.226250578125 0.5521874999999999 0.22557465312499997 0.5516809890625 0.180190971875 0.5372565109375 0.179859953125
6 0.5570282125 0.17952199062500002 0.557594184375 0.22568749999999999 0.5719544265625001 0.2250115734375 0.5714479171875 0.17850173593750002 0.5570282125 0.17952199062500002
6 0.5738849828125 0.22379687499999998 0.5876666671875 0.22309722187499997 0.58690625 0.1772633109375 0.5730525171874999 0.1777135421875 0.5738849828125 0.22379687499999998
6 0.5922625874999999 0.2221070609375 0.606504340625 0.220281828125 0.6054904515625 0.1746730328125 0.5907079000000001 0.1752361109375 0.5922625874999999 0.2221070609375
6 0.626355903125 0.175297453125 0.6277261281250001 0.2218582171875 0.64217100625 0.22095775468749998 0.6409040796875 0.1745601859375 0.626355903125 0.175297453125
6 0.643719184375 0.221093171875 0.65830555625 0.22084490781250002 0.65695399375 0.17433506875 0.641917534375 0.1746730328125 0.643719184375 0.221093171875
6 0.661515625 0.21915567187499999 0.676672309375 0.2180515046875 0.67418663125 0.17275868125 0.6599947921875 0.17309664375 0.661515625 0.21915567187499999
6 0.68027734375 0.21836747656250002 0.6949227437500001 0.2180515046875 0.69362413125 0.1720827546875 0.67917881875 0.17275868125 0.68027734375 0.21836747656250002
6 0.70024609375 0.21619270781250002 0.7146579859375 0.21566493125 0.712968315625 0.1692673609375 0.6983545999999999 0.1698304390625 0.70024609375 0.21619270781250002
6 0.7179900171875 0.21433391249999997 0.7325759546875 0.21386284687499998 0.73071788125 0.1685920140625 0.716019096875 0.1691550921875 0.7179900171875 0.21433391249999997
6 0.7393342015625 0.21307465312499999 0.7536102437500001 0.21273668906249998 0.7513294265625 0.1665648140625 0.7373910593749999 0.16712789374999998 0.7393342015625 0.21307465312499999
6 0.756519096875 0.21315104218749997 0.7718641500000001 0.21273668906249998 0.770090278125 0.16678993125 0.75496961875 0.16712789374999998 0.756519096875 0.21315104218749997
6 0.7807265625 0.1668478015625 0.7821380203125 0.21262384218750002 0.7965833328125 0.2117233796875 0.7954006078125 0.1665648140625 0.7807265625 0.1668478015625
6 0.80011805625 0.1649890046875 0.8013984375 0.2117233796875 0.815843315625 0.2111603015625 0.8139848093750001 0.16510069375 0.80011805625 0.1649890046875
6 0.8181154515625 0.163806134375 0.8197291671875 0.20913310156249998 0.8341740453125001 0.20902025468750002 0.8321467015625 0.16309027812500002 0.8181154515625 0.163806134375
6 0.837253471875 0.20828067187500002 0.8513320312499999 0.2080231484375 0.8498962671875001 0.16252719843750002 0.835366753125 0.163202546875 0.837253471875 0.20828067187500002
6 0.8561471359375 0.1614010421875 0.8574053812500001 0.20642187500000003 0.8719440109375001 0.206108796875 0.870254340625 0.160725115625 0.8561471359375 0.1614010421875
6 0.8760364578125 0.20692881875000002 0.89019835 0.206108796875 0.8885933156249999 0.1611759265625 0.8743172749999999 0.1614010421875 0.8760364578125 0.20692881875000002
6 0.8946671 0.20591493125000002 0.9093832468749999 0.2057708328125 0.9071870656250001 0.161063078125 0.8935868062500001 0.16095023125000002 0.8946671 0.20591493125000002
6 0.9135516499999999 0.20354861093749999 0.92695399375 0.2030682875 0.9260247390625 0.15790972187500002 0.9116640625000001 0.1581348375 0.9135516499999999 0.20354861093749999
6 0.9376323781250001 0.20422511562499998 0.9523910593749999 0.203293403125 0.9506171875 0.15802256875 0.9360030374999999 0.1588107640625 0.9376323781250001 0.20422511562499998
6 0.9551228296875 0.2030416671875 0.9699618062500001 0.2029554390625 0.9687790796875 0.15734664375000001 0.95382725625 0.15768460625 0.9551228296875 0.2030416671875
6 0.9750212671874999 0.201858796875 0.9897803812499999 0.2011539359375 0.98876649375 0.1559953703125 0.9736458328125 0.15644618125 0.9750212671874999 0.201858796875
6 0.9926384546874999 0.2 0.999565971875 0.20059085625 0.999565971875 0.1553200234375 0.9924483499999999 0.15588310156250001 0.9926384546874999 0.2
6 0.6604240453125 0.7603200234374999 0.6584869796875 0.7119803234375001 0.6427708328125 0.712925346875 0.645843315625 0.759712384375 0.6604240453125 0.7603200234374999
6 0.6278815109375 0.715918403125 0.6302838546875 0.7619745375 0.6443068578125 0.7609728015624999 0.641588975 0.714815971875 0.6278815109375 0.715918403125
6 0.608265625 0.7168634265625 0.6120225687499999 0.7617384265625 0.6259908859375 0.761603009375 0.6231549484375 0.714815971875 0.608265625 0.7168634265625
6 0.59163368125 0.765047453125 0.6066115453125 0.7636510421875 0.6047204859375 0.716233796875 0.588886284375 0.717809028125 0.59163368125 0.765047453125
6 0.57446961875 0.7657853015625 0.5880876734375 0.76528414375 0.58463194375 0.718840278125 0.5709244796874999 0.720730903125 0.57446961875 0.7657853015625
6 0.5543810765625 0.7678333328125 0.5692942703125 0.7669386578124999 0.5667886281250001 0.718840278125 0.5515451390624999 0.72010069375 0.5543810765625 0.7678333328125
6 0.5351197921875 0.7700387734375 0.5490828999999999 0.7683570609375 0.5463454859375 0.7208883109374999 0.5321653640624999 0.7221487265625 0.5351197921875 0.7700387734375
6 0.5144401046875 0.7717714124999999 0.5292256937500001 0.7697754625 0.5266115453125 0.7221487265625 0.51136805625 0.7245115734375001 0.5144401046875 0.7717714124999999
6 0.48827040000000005 0.7721394671875 0.5037209203125 0.7709988421875 0.50171180625 0.7245266203125 0.4862317703125 0.7248414359375001 0.48827040000000005 0.7721394671875
6 0.4685907125 0.7737945609375 0.4833958328125 0.7725740734375 0.48185980937500006 0.72547164375 0.46685243125 0.72736226875 0.4685907125 0.7737945609375
6 0.4499748265625 0.774503471875 0.46448915 0.773046875 0.46259852500000004 0.7268894671874999 0.4480638015625 0.7272042828124999 0.4499748265625 0.774503471875
6 0.42940842031250004 0.7749762734375001 0.4439279515625 0.773834490625 0.4426280375 0.727046875 0.42844791718749997 0.728149884375 0.42940842031250004 0.7749762734375001
6 0.411324653125 0.7763946765624999 0.425589409375 0.7757245375 0.42322612812499993 0.728149884375 0.40833680625 0.7292523140625 0.411324653125 0.7763946765624999
6 0.3935950515625 0.7763946765624999 0.40786415 0.775409721875 0.4069188375 0.7284646984375 0.3923841140625 0.7289375 0.3935950515625 0.7763946765624999
6 0.33863368125000004 0.7789947921875 0.35290538125 0.7787175921875 0.3518420140625 0.7306701390625 0.335652778125 0.7316151625 0.33863368125000004 0.7789947921875
6 0.2775638015625 0.7826562499999999 0.29235937500000003 0.7820682875 0.2913893234375 0.734766203125 0.2762638890625 0.7357112265625 0.2775638015625 0.7826562499999999
6 0.22693750000000001 0.7860868062499999 0.2416888015625 0.7851765046875 0.24074348906249998 0.7382320609375 0.22561805625 0.7383894671875 0.22693750000000001 0.7860868062499999
6 0.17144444375 0.7404629625 0.17302170156250002 0.7869097218750001 0.186965278125 0.7859641203125001 0.186019965625 0.7405949078125 0.17144444375 0.7404629625
6 0.16723133750000002 0.7451631937500001 0.152473525 0.7456637734375 0.15411458281249998 0.791162615625 0.16805859375 0.791162615625 0.16723133750000002 0.7451631937500001
6 0.149269965625 0.7448483796875001 0.135453559375 0.7454270828125 0.1353259546875 0.7916354171875 0.1498606765625 0.7905329859375 0.149269965625 0.7448483796875001
0 0.20067795156249998 0.77414930625 0.2011506078125 0.7880121531250001 0.1968967015625 0.79069039375 0.1978420140625 0.8040804390625 0.2292747390625 0.801402778125 0.22903819374999998 0.7889571765625 0.22608420156250003 0.788484953125 0.22584765624999997 0.7659577546875 0.21686718749999997 0.77084085625 0.2158033859375 0.72736226875 0.22265711875 0.7237390046875001 0.2218298609375 0.7081429390625 0.1888190109375 0.7111498843749999 0.18897916718750002 0.7253142359375 0.19287890624999998 0.7264166671875001 0.19382421875 0.7732042828125001 0.20067795156249998 0.77414930625
0 0.28156901093750003 0.7976244218749999 0.287359375 0.7924259265625 0.28724131875 0.7840763890625 0.28015104218750003 0.785021990625 0.27802430624999996 0.784706596875 0.276960503125 0.7642274312499999 0.2696341140625 0.766590278125 0.268452690625 0.7254745375 0.2749518234375 0.719803240625 0.274242621875 0.7065700234375 0.241155815625 0.7089334484375 0.24174652812500003 0.7223234953125 0.245882378125 0.7218512734375 0.24682769062499998 0.7695833328125 0.25158159687500004 0.7702482640625 0.252026909375 0.7832887734375 0.2493094625 0.786281828125 0.24966362812499998 0.7995150468750001 0.28156901093750003 0.7976244218749999
0 0.30001171875 0.76596006875 0.3026111109375 0.7672204859375 0.30343836875 0.7813987265625 0.3003658859375 0.7851793984375 0.3013111984375 0.79683680625 0.3332165796875 0.7943159718749999 0.333098525 0.783131365625 0.33534375 0.7791932874999999 0.33392578125 0.760131365625 0.3237634546875 0.7640700234375 0.322226996875 0.7226388890625 0.328253471875 0.7153923609375 0.3267174484375 0.7032621531250001 0.29430989531249996 0.7073674765625 0.2941032984375 0.7205908562500001 0.300129775 0.7193304390625 0.29894791718749997 0.728625 0.30001171875 0.76596006875
0 0.35831336875 0.72202430625 0.3598046875 0.76280960625 0.382374565625 0.7606041671875 0.3817838546875 0.7188576390625 0.35831336875 0.72202430625