6 0.32565104218749996 0.07102430625 0.30921006875 0.07102430625 0.30921006875 0.11972800937500001 0.32565104218749996 0.11972800937500001 0.32565104218749996 0.07102430625
6 0.3415125875 0.07020254687500001 0.32404296875 0.07020254687500001 0.32404296875 0.118084490625 0.3415125875 0.118084490625 0.3415125875 0.07020254687500001
6 0.36602430625000004 0.07061631874999999 0.34846354218750003 0.07061631874999999 0.34846354218750003 0.11780960625 0.36602430625000004 0.11780960625 0.36602430625000004 0.07061631874999999
6 0.40610460000000004 0.0681394671875 0.38802734375000003 0.0681394671875 0.38802734375000003 0.11890914374999999 0.40610460000000004 0.11890914374999999 0.40610460000000004 0.0681394671875
6 0.384887153125 0.0689641203125 0.3673177078125 0.0689641203125 0.3673177078125 0.11698495312499999 0.384887153125 0.11698495312499999 0.384887153125 0.0689641203125
6 0.42526258749999996 0.06731481406249999 0.406265190625 0.06731481406249999 0.406265190625 0.11615740781249999 0.42526258749999996 0.11615740781249999 0.42526258749999996 0.06731481406249999
6 0.44463975624999996 0.0660821765625 0.42883246562500005 0.0660821765625 0.42883246562500005 0.11506365781250001 0.44463975624999996 0.11506365781250001 0.44463975624999996 0.0660821765625
6 0.46544270781249997 0.0660792828125 0.4489236109375 0.0660792828125 0.4489236109375 0.11396701406250001 0.46544270781249997 0.11396701406250001 0.46544270781249997 0.0660792828125
6 0.492543403125 0.06484664375 0.47684895781250003 0.06484664375 0.47684895781250003 0.1152112265625 0.492543403125 0.1152112265625 0.492543403125 0.06484664375
6 0.51190538125 0.06525752343749999 0.49590711875000004 0.06525752343749999 0.49590711875000004 0.113006365625 0.51190538125 0.113006365625 0.51190538125 0.06525752343749999
6 1 0.054129051562499995 0.9864583328125001 0.054129051562499995 0.9864583328125001 0.0992737265625 1 0.0992737265625 1 0.054129051562499995
6 0.9855750875 0.05289351875 0.967914496875 0.05289351875 0.967914496875 0.0995486109375 0.9855750875 0.0995486109375 0.9855750875 0.05289351875
6 0.95796875 0.053718171875 0.94194444375 0.053718171875 0.94194444375 0.0990017359375 0.95796875 0.0990017359375 0.95796875 0.053718171875
6 0.9423155375000001 0.05289351875 0.9237087671875001 0.05289351875 0.9237087671875001 0.09982638906249999 0.9423155375000001 0.09982638906249999 0.9423155375000001 0.05289351875
6 0.921098090625 0.053715278125 0.9023828125 0.053715278125 0.9023828125 0.0995486109375 0.921098090625 0.0995486109375 0.921098090625 0.053715278125
6 0.903046875 0.056189235937500005 0.88538194375 0.056189235937500005 0.88538194375 0.1003732640625 0.903046875 0.1003732640625 0.903046875 0.056189235937500005
6 0.88306640625 0.054950810937500004 0.8643641499999999 0.054950810937500004 0.8643641499999999 0.1020167828125 0.88306640625 0.1020167828125 0.88306640625 0.054950810937500004
6 0.8632877609375 0.0570109953125 0.8445768234375001 0.0570109953125 0.8445768234375001 0.1022945609375 0.8632877609375 0.1022945609375 0.8632877609375 0.0570109953125
6 0.8462825515624999 0.0561863421875 0.828812934375 0.0561863421875 0.828812934375 0.103940971875 0.8462825515624999 0.103940971875 0.8462825515624999 0.0561863421875
6 0.8293923609375 0.057838542187499994 0.81243055625 0.057838542187499994 0.81243055625 0.104765625 0.8293923609375 0.104765625 0.8293923609375 0.057838542187499994
6 0.79414930625 0.0570138890625 0.77688368125 0.0570138890625 0.77688368125 0.10380787031250001 0.79414930625 0.10380787031250001 0.79414930625 0.0570138890625
6 0.5326888015625 0.06483506875 0.5156011281249999 0.06483506875 0.5156011281249999 0.113625578125 0.5326888015625 0.113625578125 0.5326888015625 0.06483506875
6 0.550894096875 0.064021990625 0.534418403125 0.064021990625 0.534418403125 0.11164930625 0.550894096875 0.11164930625 0.550894096875 0.064021990625
6 0.571792534375 0.0634895828125 0.5550564234375 0.0634895828125 0.5550564234375 0.1102141203125 0.571792534375 0.1102141203125 0.571792534375 0.0634895828125
6 0.5916970484374999 0.06186631875 0.5740755203125001 0.06186631875 0.5740755203125001 0.1096730328125 0.5916970484374999 0.1096730328125 0.5916970484374999 0.06186631875
6 0.610844184375 0.061056134375 0.594711371875 0.061056134375 0.594711371875 0.10805266250000001 0.610844184375 0.10805266250000001 0.610844184375 0.061056134375
6 0.63147569375 0.061597221875 0.6149479171875 0.061597221875 0.6149479171875 0.110034721875 0.63147569375 0.110034721875 0.63147569375 0.061597221875
6 0.6573828125000001 0.062141203125 0.6424609375 0.062141203125 0.6424609375 0.110034721875 0.6573828125000001 0.110034721875 0.6573828125000001 0.062141203125
6 0.6773502609375 0.0597106484375 0.6606705734375 0.0597106484375 0.6606705734375 0.10733796250000001 0.6773502609375 0.10733796250000001 0.6773502609375 0.0597106484375
6 0.6977105031249999 0.059982639062499996 0.6811089406249999 0.059982639062499996 0.6811089406249999 0.10715856406249999 0.6977105031249999 0.10715856406249999 0.6977105031249999 0.059982639062499996
6 0.712875434375 0.0597106484375 0.6984006078125 0.0597106484375 0.6984006078125 0.1062615734375 0.712875434375 0.1062615734375 0.712875434375 0.0597106484375
6 0.737367621875 0.058090278125000006 0.7209657125 0.058090278125000006 0.7209657125 0.1069791671875 0.737367621875 0.1069791671875 0.737367621875 0.058090278125000006
6 0.7565299484375 0.058090278125000006 0.74099609375 0.058090278125000006 0.74099609375 0.10607638906250001 0.7565299484375 0.10607638906250001 0.7565299484375 0.058090278125000006
6 0.7741970484375 0.058628471875 0.7577907984375 0.058628471875 0.7577907984375 0.10589699062499999 0.7741970484375 0.10589699062499999 0.7741970484375 0.058628471875
6 0.5906705734375 0.6231886578125 0.571195746875 0.6231886578125 0.571195746875 0.678628471875 0.5906705734375 0.678628471875 0.5906705734375 0.6231886578125
6 0.606664496875 0.621449653125 0.590453559375 0.621449653125 0.590453559375 0.6754484953125 0.606664496875 0.6754484953125 0.606664496875 0.621449653125
6 0.6281423609375001 0.6214554390625 0.6112760421875 0.6214554390625 0.6112760421875 0.6722714125 0.6281423609375001 0.6722714125 0.6281423609375001 0.6214554390625
6 0.648355034375 0.621449653125 0.6313932296875 0.621449653125 0.6313932296875 0.6731336812500001 0.648355034375 0.6731336812500001 0.648355034375 0.621449653125
6 0.671128471875 0.6218865734375 0.65157118125 0.6218865734375 0.65157118125 0.6754513890625 0.671128471875 0.6754513890625 0.671128471875 0.6218865734375
6 0.69159288125 0.6188483796875001 0.6741623265625 0.6188483796875001 0.6741623265625 0.667934028125 0.69159288125 0.667934028125 0.69159288125 0.6188483796875001
6 0.854296875 0.608003471875 0.8416493062500001 0.608003471875 0.8416493062500001 0.6615682875 0.854296875 0.6615682875 0.854296875 0.608003471875
6 0.84143663125 0.6101736109375 0.8217578124999999 0.6101736109375 0.8217578124999999 0.6601273140624999 0.84143663125 0.6601273140624999 0.84143663125 0.6101736109375
6 0.8225672749999999 0.6149450234375 0.8022330734375 0.6149450234375 0.8022330734375 0.661281828125 0.8225672749999999 0.661281828125 0.8225672749999999 0.6149450234375
6 0.8013151046875 0.612774884375 0.7830338546875 0.612774884375 0.7830338546875 0.66359085625 0.8013151046875 0.66359085625 0.8013151046875 0.612774884375
6 0.7603125000000001 0.6171151625 0.7420312499999999 0.6171151625 0.7420312499999999 0.665037615625 0.7603125000000001 0.665037615625 0.7603125000000001 0.6171151625
6 0.7826497390625 0.6140798609375 0.7625325515625 0.6140798609375 0.7625325515625 0.6641724531250001 0.7826497390625 0.6641724531250001 0.7826497390625 0.6140798609375
6 0.74197265625 0.6171151625 0.7202322046875 0.6171151625 0.7202322046875 0.667063078125 0.74197265625 0.667063078125 0.74197265625 0.6171151625
6 0.7205013015625 0.6188512734375 0.6994032125 0.6188512734375 0.6994032125 0.6687991890625 0.7205013015625 0.6687991890625 0.7205013015625 0.6188512734375
6 0.56591796875 0.5771961812499999 0.5321462671875 0.5771961812499999 0.5321462671875 0.731681134375 0.56591796875 0.731681134375 0.56591796875 0.5771961812499999
6 0.503246528125 0.5811024312499999 0.46836805625 0.5811024312499999 0.46836805625 0.7264785875 0.503246528125 0.7264785875 0.503246528125 0.5811024312499999
6 0.5305729171875 0.6257928234375 0.5119704859375 0.6257928234375 0.5119704859375 0.6808043984375 0.5305729171875 0.6808043984375 0.5305729171875 0.6257928234375
6 0.467437065625 0.629265046875 0.449819878125 0.629265046875 0.449819878125 0.6815335640625 0.467437065625 0.6815335640625 0.467437065625 0.629265046875
6 0.41430555625 0.6296990734375 0.39352430625 0.6296990734375 0.39352430625 0.6887615734375 0.41430555625 0.6887615734375 0.41430555625 0.6296990734375
6 0.4507356765625 0.5858767359375 0.410444878125 0.5858767359375 0.410444878125 0.7205584484374999 0.4507356765625 0.7205584484374999 0.4507356765625 0.5858767359375
6 0.39498697968749996 0.5867418984375 0.35512586874999996 0.5867418984375 0.35512586874999996 0.729809028125 0.39498697968749996 0.729809028125 0.39498697968749996 0.5867418984375
6 0.3534505203125 0.63273148125 0.334301215625 0.63273148125 0.334301215625 0.6861574078125 0.3534505203125 0.6861574078125 0.3534505203125 0.63273148125
6 0.3324153640625 0.6366348375 0.3144509546875 0.6366348375 0.3144509546875 0.6896267359375 0.3324153640625 0.6896267359375 0.3324153640625 0.6366348375
6 0.31137586875 0.6362065968749999 0.29362413125 0.6362065968749999 0.29362413125 0.692230903125 0.31137586875 0.692230903125 0.31137586875 0.6362065968749999