5 0 0.36578374999999996 0.022861 0.36552625 0.030767667187499997 0.304716 0 0.3033375 0 0.36578374999999996
5 0.083709 0.305489 0.0314553328125 0.304111 0.024579999999999998 0.36578374999999996 0.0720206671875 0.36861825000000004 0.083709 0.305489
5 0.1332123328125 0.30806575 0.083537 0.3064315 0.0733956671875 0.3668145 0.124618 0.3683605 0.1332123328125 0.30806575
5 0.1830596671875 0.31064250000000004 0.13355633281249998 0.30836525 0.125993 0.369649 0.1754966671875 0.371195 0.1830596671875 0.31064250000000004
5 0.2349693328125 0.31141549999999996 0.1830596671875 0.310299 0.176528 0.3722255 0.2284376671875 0.37506 0.2349693328125 0.31141549999999996
5 0.2377196671875 0.33273025 0.2346256671875 0.37093725 0.2727846671875 0.37171025 0.27450366718749997 0.3348635 0.2377196671875 0.33273025
5 0.3002976671875 0.7704442499999999 0.291601 0.8252012499999999 0.3423606671875 0.8246689999999999 0.34413533281249997 0.77065975 0.3002976671875 0.7704442499999999
5 0.3444903328125 0.767649 0.34484533281249996 0.8238709999999999 0.3917003328125 0.824137 0.392765 0.7717240000000001 0.3444903328125 0.767649
5 0.303187 0.74603475 0.2419803328125 0.74497875 0.2329653328125 0.826052 0.29274866718750003 0.82871925 0.303187 0.74603475
5 0.24020100000000003 0.74514575 0.1878906671875 0.74497875 0.1744866671875 0.8249850000000001 0.2314233328125 0.826052 0.24020100000000003 0.74514575
5 0.1181433328125 0.82371125 0.17413099999999998 0.82383075 0.186467 0.7434580000000001 0.129056 0.744347 0.1181433328125 0.82371125
5 0.0712893328125 0.7416797500000001 0.0572923328125 0.8226437499999999 0.1161266671875 0.823653 0.127514 0.74256875 0.0712893328125 0.7416797500000001
5 0.0693913328125 0.74328025 0.005693667187499999 0.74257675 0.002491 0.8232972500000001 0.0546826671875 0.8231195 0.0693913328125 0.74328025
0 0.33758699999999997 0.330586 0.31278733281250004 0.33080275000000003 0.311359 0.375548 0.33758699999999997 0.375548 0.33758699999999997 0.330586
0 0.40042999999999995 0.33311625 0.375111 0.33313975 0.37264400000000003 0.37866225 0.40042999999999995 0.3784675 0.40042999999999995 0.33311625
0 0.525597 0.3368145 0.4997583328125 0.33693775000000004 0.49910933281250003 0.3839175 0.5258566671875 0.38430675000000003 0.525597 0.3368145
0 0.5788316671875 0.362507 0.5375423328125 0.362354 0.5362436671874999 0.3839175 0.577793 0.3854745 0.5788316671875 0.362507
0 0.469522 0.33797225000000003 0.41961466718749996 0.336053 0.415237 0.3806295 0.4664573328125 0.38259825 0.469522 0.33797225000000003
0 0.45179166718749997 0.771718 0.398601 0.77142775 0.3935666671875 0.83012575 0.4504783328125 0.833079 0.45179166718749997 0.771718
0 0.5187723328125 0.77237425 0.46558200000000005 0.77241275 0.463174 0.8294695000000001 0.5183346671875 0.83143825 0.5187723328125 0.77237425
0 0.5870666671875 0.7727025000000001 0.5305926671875 0.77093525 0.529717 0.8320945 0.5853153328125 0.8337352499999999 0.5870666671875 0.7727025000000001
0 0.6483559999999999 0.8009219999999999 0.6015133328125 0.799993 0.6019513328125 0.8261879999999999 0.6474806671875 0.8265162500000001 0.6483559999999999 0.8009219999999999
6 0 0.11499999999999999 0.0056666671875 0.11725000000000001 0.014333332812499999 0.11725000000000001 0.0186666671875 0.11499999999999999 0.023 0.094 0.0226666671875 0.08775 0.014333332812499999 0.0865 0.0053333328125 0.0865 0.0033333328125 0.08775 0 0.09475 0 0.11499999999999999
6 0.0376666671875 0.11725000000000001 0.04 0.11525 0.0413333328125 0.11125 0.0396666671875 0.10375000000000001 0.044 0.092 0.0423333328125 0.0895 0.038666667187499996 0.08775 0.028999999999999998 0.087 0.0256666671875 0.08775 0.023 0.0915 0.0203333328125 0.1045 0.0203333328125 0.11499999999999999 0.022333332812500002 0.1165 0.025333332812499998 0.11775 0.0376666671875 0.11725000000000001
6 0.062333332812499996 0.11525 0.0656666671875 0.0915 0.060333332812499994 0.08875 0.0523333328125 0.088 0.048333332812500004 0.088 0.043 0.0915 0.041999999999999996 0.11525 0.047 0.119 0.06 0.119 0.062333332812499996 0.11525
6 0.0826666671875 0.11125 0.0816666671875 0.10124999999999999 0.08499999999999999 0.09175 0.08 0.0895 0.06833333281250001 0.08975 0.0656666671875 0.0925 0.063 0.1075 0.064 0.119 0.06833333281250001 0.12 0.0803333328125 0.11950000000000001 0.0826666671875 0.11125
6 0.10033333281250001 0.12075 0.10366666718749999 0.11574999999999999 0.1066666671875 0.09225 0.10233333281250001 0.09075 0.0913333328125 0.08975 0.088 0.09025 0.0853333328125 0.09425 0.08333333281250001 0.10700000000000001 0.0843333328125 0.119 0.0873333328125 0.12050000000000001 0.10033333281250001 0.12075
6 0.125 0.11525 0.1253333328125 0.09175 0.11100000000000002 0.0905 0.1076666671875 0.09175 0.1066666671875 0.09525 0.10433333281249998 0.11925 0.10900000000000001 0.12175 0.123 0.12175 0.125 0.11525
6 0.144 0.12250000000000001 0.1463333328125 0.11125 0.1433333328125 0.1065 0.1473333328125 0.0955 0.1433333328125 0.09175 0.13 0.09175 0.12833333281249998 0.093 0.1256666671875 0.11374999999999999 0.1253333328125 0.11975 0.1273333328125 0.12225 0.13999999999999999 0.12325 0.144 0.12250000000000001
6 0.16699999999999998 0.1145 0.1666666671875 0.10375000000000001 0.16833333281250001 0.0955 0.162 0.093 0.1503333328125 0.09275 0.148 0.09625 0.146 0.11100000000000002 0.1463333328125 0.12275 0.1573333328125 0.12425 0.1646666671875 0.12350000000000001 0.16699999999999998 0.1145
6 0.1796666671875 0.1255 0.1863333328125 0.124 0.1883333328125 0.099 0.1853333328125 0.09425 0.173 0.09375 0.1696666671875 0.09525 0.1676666671875 0.11200000000000002 0.1673333328125 0.12150000000000001 0.1686666671875 0.12375 0.173 0.12525 0.1796666671875 0.1255
6 0.2066666671875 0.12350000000000001 0.20833333281250002 0.1 0.2073333328125 0.09625 0.2053333328125 0.095 0.1933333328125 0.0945 0.191 0.0955 0.1893333328125 0.099 0.1883333328125 0.12325 0.193 0.12575 0.20400000000000001 0.12575 0.2066666671875 0.12350000000000001
6 0.229 0.1165 0.23033333281249999 0.099 0.225 0.0955 0.2126666671875 0.0955 0.2096666671875 0.09825 0.20833333281250002 0.10325 0.209 0.12475 0.21233333281250003 0.12675 0.22599999999999998 0.12675 0.229 0.1165
6 0.25 0.127 0.2526666671875 0.11125 0.2526666671875 0.10124999999999999 0.2513333328125 0.098 0.24866666718750002 0.09675 0.2343333328125 0.09725 0.23199999999999998 0.1 0.23033333281249999 0.11200000000000002 0.2306666671875 0.1255 0.23566666718749998 0.1275 0.2436666671875 0.12825 0.25 0.127
6 0.2876666671875 0.1295 0.29 0.12725 0.2923333328125 0.10325 0.28700000000000003 0.0985 0.2753333328125 0.0985 0.2723333328125 0.10275000000000001 0.2703333328125 0.12125 0.2713333328125 0.12675 0.275 0.12925 0.2876666671875 0.1295
6 0.3113333328125 0.1265 0.31233333281250003 0.10325 0.3083333328125 0.1 0.29733333281249996 0.0995 0.29333333281249996 0.1035 0.2906666671875 0.127 0.2946666671875 0.13025 0.308 0.13075 0.3113333328125 0.1265
6 0.32999999999999996 0.131 0.33166666718750004 0.10325 0.32599999999999996 0.101 0.316 0.10149999999999999 0.31433333281250003 0.1035 0.313 0.1145 0.312 0.126 0.313 0.13025 0.32166666718750003 0.1315 0.32999999999999996 0.131
6 0.351 0.131 0.354 0.10874999999999999 0.3523333328125 0.1035 0.3493333328125 0.10175000000000001 0.3376666671875 0.10149999999999999 0.335 0.10275000000000001 0.333 0.11499999999999999 0.333 0.13075 0.33799999999999997 0.1325 0.3493333328125 0.13225 0.351 0.131
6 0.3723333328125 0.131 0.37266666718749997 0.129 0.373 0.10600000000000001 0.369 0.10300000000000001 0.359 0.10275000000000001 0.356 0.1035 0.3546666671875 0.1065 0.353 0.13075 0.357 0.133 0.3693333328125 0.13325 0.3723333328125 0.131
6 0.392 0.13075 0.3933333328125 0.10700000000000001 0.3883333328125 0.10400000000000001 0.3783333328125 0.10400000000000001 0.375 0.1065 0.3743333328125 0.1115 0.3743333328125 0.132 0.3763333328125 0.13425 0.3883333328125 0.1345 0.392 0.13075
6 0.41166666718749995 0.13125 0.4136666671875 0.10725 0.4086666671875 0.1045 0.4 0.1045 0.3926666671875 0.10725 0.393 0.13325 0.3953333328125 0.13474999999999998 0.409 0.13474999999999998 0.41166666718749995 0.13125
6 0.43233333281249997 0.13425 0.434 0.1275 0.43533333281250003 0.10725 0.42833333281249997 0.1055 0.421 0.10525 0.4153333328125 0.10725 0.41500000000000004 0.13425 0.4216666671875 0.1355 0.4306666671875 0.13525 0.43233333281249997 0.13425
6 0.453 0.135 0.4543333328125 0.10725 0.45099999999999996 0.10575000000000001 0.4386666671875 0.10575000000000001 0.43600000000000005 0.10725 0.43499999999999994 0.1105 0.4346666671875 0.13474999999999998 0.43933333281250003 0.1365 0.45099999999999996 0.1365 0.453 0.135
6 0.47300000000000003 0.13474999999999998 0.47366666718749995 0.129 0.47466666718750006 0.11174999999999999 0.47366666718749995 0.10774999999999998 0.46699999999999997 0.10600000000000001 0.4556666671875 0.10725 0.45366666718750004 0.13474999999999998 0.457 0.13674999999999998 0.47066666718750005 0.137 0.47300000000000003 0.13474999999999998
6 0.4926666671875 0.136 0.49366666718749996 0.1315 0.495 0.11100000000000002 0.49066666718749996 0.10700000000000001 0.47800000000000004 0.10700000000000001 0.47533333281249995 0.11100000000000002 0.47400000000000003 0.135 0.47800000000000004 0.1375 0.4903333328125 0.13774999999999998 0.4926666671875 0.136
6 0.5136666671875 0.13474999999999998 0.5146666671875 0.1115 0.5136666671875 0.10900000000000001 0.511 0.10725 0.49800000000000005 0.10725 0.496 0.11499999999999999 0.49466666718749996 0.136 0.49733333281250003 0.13799999999999998 0.5103333328125 0.1385 0.5136666671875 0.13474999999999998
6 0.5333333328125 0.133 0.5346666671875 0.11299999999999999 0.5346666671875 0.11125 0.532 0.10900000000000001 0.5213333328124999 0.10800000000000001 0.5176666671875 0.10925 0.5156666671875 0.1135 0.5146666671875 0.127 0.5143333328125 0.13474999999999998 0.5156666671875 0.13874999999999998 0.5316666671875 0.1385 0.5333333328125 0.133
6 0.554 0.1325 0.5543333328125 0.11074999999999999 0.5519999999999999 0.10900000000000001 0.5383333328125001 0.10974999999999999 0.536 0.11299999999999999 0.5353333328125001 0.11925 0.5346666671875 0.1385 0.5469999999999999 0.14025 0.5519999999999999 0.13925 0.554 0.1325
6 0.5733333328125 0.1385 0.5743333328125 0.1335 0.5753333328125 0.11125 0.5690000000000001 0.1095 0.5599999999999999 0.10925 0.557 0.11125 0.5559999999999999 0.11499999999999999 0.5549999999999999 0.13874999999999998 0.5599999999999999 0.1405 0.5706666671875 0.14025 0.5733333328125 0.1385
6 0.5940000000000001 0.1385 0.5946666671874999 0.13125 0.595 0.11474999999999999 0.5926666671875 0.11100000000000002 0.579 0.11025 0.576 0.11125 0.5753333328125 0.125 0.5753333328125 0.1395 0.58 0.14150000000000001 0.592 0.14125000000000001 0.5940000000000001 0.1385
6 0.6146666671875 0.135 0.615 0.11499999999999999 0.6133333328125 0.1115 0.599 0.11074999999999999 0.5953333328125 0.11825000000000001 0.5953333328125 0.14125000000000001 0.6013333328125 0.14250000000000002 0.612 0.14225000000000002 0.6146666671875 0.135
6 0.6356666671875 0.12050000000000001 0.634 0.11274999999999999 0.631 0.11125 0.6203333328125 0.11125 0.6176666671875 0.11374999999999999 0.616 0.11850000000000001 0.6163333328125 0.14225000000000002 0.6246666671875001 0.14325000000000002 0.633 0.14250000000000002 0.6356666671875 0.12050000000000001
6 0.6563333328125001 0.13075 0.6559999999999999 0.11499999999999999 0.6543333328125 0.1125 0.6406666671875 0.11225 0.6373333328124999 0.119 0.6353333328125 0.14225000000000002 0.6426666671875 0.144 0.6536666671875 0.14325000000000002 0.6563333328125001 0.13075
6 0.693 0.14375 0.6946666671874999 0.13899999999999998 0.6946666671874999 0.11474999999999999 0.6933333328125 0.11299999999999999 0.6813333328125 0.1125 0.6776666671875 0.1145 0.6763333328125001 0.11825000000000001 0.6753333328125 0.14250000000000002 0.6816666671875 0.14550000000000002 0.6903333328125 0.14525 0.693 0.14375
6 0.6746666671875 0.14250000000000002 0.675 0.11499999999999999 0.6733333328125 0.11325 0.6696666671875 0.1125 0.6616666671875 0.1125 0.657 0.11474999999999999 0.655 0.14250000000000002 0.6596666671875 0.14450000000000002 0.6716666671875 0.14450000000000002 0.6746666671875 0.14250000000000002
6 0 0.50975 0.006 0.50975 0.0106666671875 0.5055 0.016 0.47850000000000004 0.0136666671875 0.477 0.0023333328125 0.4765 0 0.47675 0 0.50975
6 0.033 0.50625 0.038666667187499996 0.48274999999999996 0.038 0.48 0.037 0.47850000000000004 0.0213333328125 0.477 0.016 0.47824999999999995 0.012 0.50575 0.017333332812499998 0.51 0.0293333328125 0.51025 0.033 0.50625
6 0.053000000000000005 0.511 0.057999999999999996 0.509 0.0606666671875 0.50475 0.0643333328125 0.48125 0.061 0.47874999999999995 0.053666667187499996 0.47824999999999995 0.0436666671875 0.47800000000000004 0.0413333328125 0.47975 0.0366666671875 0.505 0.037 0.50975 0.04 0.51075 0.053000000000000005 0.511
6 0.079 0.51025 0.0813333328125 0.5 0.0836666671875 0.49675 0.0853333328125 0.483 0.08399999999999999 0.481 0.068 0.47874999999999995 0.0643333328125 0.47975 0.061 0.502 0.0606666671875 0.50875 0.0626666671875 0.511 0.0763333328125 0.5117499999999999 0.079 0.51025
6 0.10266666718749999 0.513 0.10466666718749999 0.51 0.11100000000000002 0.48224999999999996 0.10733333281249999 0.4805 0.094 0.47975 0.0886666671875 0.48 0.08499999999999999 0.48224999999999996 0.0853333328125 0.49800000000000005 0.0823333328125 0.51 0.0836666671875 0.5117499999999999 0.10266666718749999 0.513
6 0.1306666671875 0.5105000000000001 0.136 0.48224999999999996 0.124 0.4805 0.1146666671875 0.48075 0.11233333281249999 0.48224999999999996 0.1096666671875 0.51125 0.11133333281249999 0.513 0.1266666671875 0.51325 0.1306666671875 0.5105000000000001
6 0.154 0.51275 0.156 0.506 0.1586666671875 0.48624999999999996 0.158 0.48250000000000004 0.1443333328125 0.48125 0.13533333281249998 0.48224999999999996 0.13333333281249998 0.5117499999999999 0.1366666671875 0.5135 0.1516666671875 0.51425 0.154 0.51275
6 0.17033333281250002 0.505 0.172 0.49800000000000005 0.1716666671875 0.483 0.16899999999999998 0.48200000000000004 0.1613333328125 0.48224999999999996 0.16 0.48650000000000004 0.158 0.513 0.1626666671875 0.514 0.16599999999999998 0.51325 0.17033333281250002 0.505
6 0.1993333328125 0.51475 0.2026666671875 0.49824999999999997 0.20299999999999999 0.48575 0.20099999999999998 0.483 0.1853333328125 0.481 0.184 0.48200000000000004 0.179 0.506 0.178 0.51375 0.18 0.5155000000000001 0.196 0.5165 0.1993333328125 0.51475
6 0.2206666671875 0.5157499999999999 0.223 0.51325 0.225 0.50175 0.22599999999999998 0.48624999999999996 0.22400000000000003 0.4845 0.21000000000000002 0.48324999999999996 0.2066666671875 0.4845 0.20366666718749998 0.5015 0.20299999999999999 0.51 0.2046666671875 0.51525 0.21633333281249997 0.5165 0.2206666671875 0.5157499999999999
6 0.244 0.51675 0.24666666718750002 0.51475 0.2483333328125 0.51075 0.2496666671875 0.48600000000000004 0.2463333328125 0.48425 0.2316666671875 0.484 0.229 0.48550000000000004 0.22799999999999998 0.489 0.2253333328125 0.50925 0.22599999999999998 0.51475 0.22833333281249998 0.51625 0.244 0.51675
6 0.2673333328125 0.5155000000000001 0.269 0.51375 0.2716666671875 0.50175 0.2726666671875 0.48624999999999996 0.2713333328125 0.48525 0.25633333281250004 0.4845 0.25233333281250003 0.48575 0.25033333281250003 0.5015 0.2496666671875 0.50975 0.25166666718749997 0.51675 0.2633333328125 0.5175 0.2673333328125 0.5155000000000001
6 0.296 0.49000000000000005 0.2946666671875 0.48600000000000004 0.2783333328125 0.48525 0.2746666671875 0.48650000000000004 0.2716666671875 0.50875 0.2716666671875 0.517 0.2863333328125 0.51775 0.292 0.517 0.296 0.49000000000000005
6 0.31766666718750003 0.49424999999999997 0.31766666718750003 0.48949999999999994 0.316 0.487 0.3113333328125 0.48600000000000004 0.2983333328125 0.48624999999999996 0.29500000000000004 0.509 0.2956666671875 0.5175 0.31066666718749997 0.51875 0.31433333281250003 0.51675 0.31766666718750003 0.49424999999999997
6 0.3433333328125 0.48975 0.3406666671875 0.4875 0.32599999999999996 0.48624999999999996 0.322 0.48724999999999996 0.321 0.49024999999999996 0.31766666718750003 0.51775 0.3376666671875 0.5195000000000001 0.3406666671875 0.5175 0.3433333328125 0.48975
6 0.365 0.50225 0.3653333328125 0.48925 0.3613333328125 0.48775 0.3486666671875 0.48724999999999996 0.3446666671875 0.48975 0.341 0.5175 0.34500000000000003 0.5197499999999999 0.361 0.52025 0.365 0.50225
6 0.386 0.51625 0.389 0.49000000000000005 0.3846666671875 0.4885 0.37466666718749997 0.488 0.3693333328125 0.48825 0.3676666671875 0.48975 0.3643333328125 0.518 0.368 0.5197499999999999 0.3843333328125 0.52025 0.386 0.51625
6 0.4066666671875 0.5207499999999999 0.4086666671875 0.51425 0.41100000000000003 0.49024999999999996 0.40599999999999997 0.4885 0.394 0.488 0.391 0.489 0.39 0.4915 0.38733333281250004 0.51825 0.3916666671875 0.52125 0.40366666718750005 0.52225 0.4066666671875 0.5207499999999999
6 0.43099999999999994 0.521 0.4336666671875 0.495 0.4326666671875 0.49000000000000005 0.42033333281249996 0.48875 0.41600000000000004 0.48875 0.4136666671875 0.49000000000000005 0.4113333328125 0.50925 0.4106666671875 0.51775 0.41233333281249995 0.52175 0.42366666718749996 0.5237499999999999 0.43099999999999994 0.521
6 0.4526666671875 0.52125 0.4533333328125 0.51725 0.45366666718750004 0.49024999999999996 0.43833333281250003 0.48925 0.43600000000000005 0.49024999999999996 0.4346666671875 0.49375 0.4346666671875 0.52125 0.44699999999999995 0.52325 0.4503333328125 0.52275 0.4526666671875 0.52125
6 0.475 0.5205 0.476 0.492 0.47466666718750006 0.49024999999999996 0.45899999999999996 0.49024999999999996 0.4566666671875 0.49275 0.45599999999999996 0.49749999999999994 0.45466666718750004 0.5215 0.45866666718750004 0.52325 0.47066666718750005 0.5235000000000001 0.475 0.5205
6 0.49733333281250003 0.52125 0.49800000000000005 0.5185 0.49866666718749997 0.49225 0.4943333328125 0.49050000000000005 0.4853333328125 0.49024999999999996 0.48200000000000004 0.49074999999999996 0.48 0.49349999999999994 0.47800000000000004 0.5215 0.48200000000000004 0.52325 0.4943333328125 0.5237499999999999 0.49733333281250003 0.52125
6 0.5216666671875 0.518 0.5223333328125 0.49375 0.5183333328125 0.4915 0.5103333328125 0.491 0.5053333328125 0.49124999999999996 0.503 0.49349999999999994 0.502 0.5215 0.5053333328125 0.5237499999999999 0.5176666671875 0.524 0.5216666671875 0.518
6 0.5433333328125001 0.52175 0.5446666671875 0.5175 0.5453333328125 0.49400000000000005 0.5406666671875 0.49225 0.529 0.4915 0.5256666671875 0.49375 0.5253333328124999 0.49749999999999994 0.5243333328124999 0.522 0.5263333328125 0.523 0.5406666671875 0.5237499999999999 0.5433333328125001 0.52175
6 0.563 0.525 0.5656666671874999 0.5225 0.5666666671875 0.51875 0.5666666671875 0.49424999999999997 0.5606666671875 0.4925 0.554 0.49225 0.5473333328125001 0.49400000000000005 0.5463333328125 0.5175 0.5473333328125001 0.52325 0.55 0.525 0.563 0.525
6 0.5876666671875 0.523 0.5893333328125 0.499 0.5876666671875 0.49400000000000005 0.577 0.493 0.5713333328125 0.49400000000000005 0.5686666671875 0.5125 0.5686666671875 0.52175 0.5713333328125 0.52525 0.5836666671875 0.52575 0.5876666671875 0.523
6 0.612 0.5197499999999999 0.611 0.4955 0.608 0.49375 0.5946666671874999 0.49400000000000005 0.5926666671875 0.49574999999999997 0.591 0.50175 0.5916666671875 0.52525 0.597 0.52625 0.6093333328125 0.52575 0.612 0.5197499999999999
6 0.6333333328124999 0.521 0.6346666671875 0.49749999999999994 0.6306666671875 0.49450000000000005 0.6213333328124999 0.49400000000000005 0.6176666671875 0.49474999999999997 0.615 0.49775 0.614 0.51325 0.615 0.52525 0.6306666671875 0.52675 0.6333333328124999 0.521
6 0.6563333328125001 0.52125 0.6566666671875 0.49725 0.6543333328125 0.495 0.6433333328125 0.49450000000000005 0.6396666671875 0.49524999999999997 0.6373333328124999 0.49749999999999994 0.637 0.5255 0.643 0.52725 0.654 0.52675 0.6563333328125001 0.52125
6 0.6793333328125 0.51825 0.6796666671875 0.49800000000000005 0.6776666671875 0.496 0.6713333328125 0.495 0.6639999999999999 0.49524999999999997 0.6586666671875 0.49725 0.658 0.52525 0.6613333328125 0.52675 0.6773333328125 0.5269999999999999 0.6793333328125 0.51825
6 0.7006666671875 0.5265 0.7013333328125 0.5245 0.7026666671874999 0.49800000000000005 0.6940000000000001 0.49574999999999997 0.6856666671875 0.49574999999999997 0.6826666671875 0.49775 0.682 0.5255 0.689 0.52825 0.6976666671875 0.528 0.7006666671875 0.5265
6 0.0843333328125 0.9662499999999999 0.076 0.9640000000000001 0.0663333328125 0.9640000000000001 0.061333332812499995 0.9650000000000001 0.06 0.9672499999999999 0.055333332812500004 0.99 0.057333332812500006 0.99975 0.0786666671875 0.99975 0.0843333328125 0.9662499999999999
6 0.11033333281249999 0.9657500000000001 0.091 0.9647500000000001 0.0866666671875 0.96675 0.0836666671875 0.991 0.08333333281250001 0.99975 0.10800000000000001 0.99975 0.11133333281249999 0.9672499999999999 0.11033333281249999 0.9657500000000001
6 0.135 0.9765 0.1386666671875 0.96675 0.1203333328125 0.9652499999999999 0.11499999999999999 0.966 0.1126666671875 0.96875 0.1116666671875 0.9737500000000001 0.11033333281249999 0.99975 0.133 0.99975 0.135 0.99075 0.135 0.9765
6 0.162 0.96775 0.1546666671875 0.9657500000000001 0.1423333328125 0.9662499999999999 0.1386666671875 0.97 0.1376666671875 0.9772500000000001 0.1366666671875 0.99975 0.1593333328125 0.99975 0.1626666671875 0.9717499999999999 0.162 0.96775
6 0.2076666671875 0.97075 0.2066666671875 0.9692500000000001 0.20099999999999998 0.96675 0.1893333328125 0.9664999999999999 0.185 0.9695 0.1836666671875 0.9775 0.1823333328125 0.99975 0.20433333281250002 0.99975 0.20600000000000002 0.975 0.2076666671875 0.97075
6 0.23333333281250002 0.97525 0.2323333328125 0.96675 0.21233333281250003 0.96675 0.2093333328125 0.97 0.20833333281250002 0.9810000000000001 0.20800000000000002 0.99975 0.2306666671875 0.99975 0.2323333328125 0.99475 0.23333333281250002 0.97525
6 0.255 0.9804999999999999 0.257 0.9692500000000001 0.252 0.967 0.24333333281249997 0.96675 0.2366666671875 0.96775 0.23500000000000001 0.97 0.23333333281250002 0.99975 0.255 0.99975 0.256 0.9942500000000001 0.255 0.9804999999999999
6 0.309 0.98208325 0.3116666671875 0.9744999999999999 0.31066666718749997 0.9682499999999999 0.3 0.96675 0.29100000000000004 0.96775 0.2883333328125 0.9724999999999999 0.2863333328125 0.99275 0.28700000000000003 0.99975 0.3076666671875 0.99975 0.309 0.98208325
6 0.33399999999999996 0.99975 0.3383333328125 0.9705 0.33599999999999997 0.9685 0.32999999999999996 0.9672499999999999 0.31766666718750003 0.96775 0.315 0.9702500000000001 0.3136666671875 0.9845 0.311 0.9935 0.3116666671875 0.99975 0.33399999999999996 0.99975
6 0.364 0.9702500000000001 0.36 0.96775 0.3453333328125 0.9672499999999999 0.3416666671875 0.968 0.33999999999999997 0.97075 0.337 0.99975 0.362 0.99975 0.3616666671875 0.9869999999999999 0.364 0.9702500000000001
6 0.3886666671875 0.969 0.38533333281250004 0.96775 0.369 0.9672499999999999 0.3656666671875 0.9705 0.365 0.9782500000000001 0.3643333328125 0.99975 0.388 0.99975 0.3896666671875 0.97575 0.3886666671875 0.969
6 0.41166666718749995 0.9682499999999999 0.3956666671875 0.96775 0.3923333328125 0.9702500000000001 0.3913333328125 0.99975 0.4143333328125 0.99975 0.414 0.97 0.41166666718749995 0.9682499999999999
6 0.625 0.9710000000000001 0.609 0.9695 0.6053333328125 0.9702500000000001 0.6053333328125 0.99975 0.627 0.99975 0.6263333328125 0.9734999999999999 0.625 0.9710000000000001
6 0.6016666671875 0.99975 0.6016666671875 0.97075 0.5983333328125 0.9692500000000001 0.5833333328125 0.969 0.5783333328125 0.9702500000000001 0.5796666671875 0.986 0.5780000000000001 0.9935 0.5786666671875 0.99975 0.6016666671875 0.99975
6 0.5713333328125 0.969 0.5563333328125 0.96875 0.5533333328125 0.96975 0.5513333328125001 0.9804999999999999 0.5509999999999999 0.99975 0.5766666671875 0.99975 0.576 0.9705 0.5713333328125 0.969
6 0.5476666671875 0.969 0.5336666671875 0.9685 0.529 0.969 0.5276666671875 0.9702500000000001 0.528 0.99975 0.5496666671875 0.99975 0.5509999999999999 0.9705 0.5476666671875 0.969
6 0.5216666671875 0.9685 0.505 0.9685 0.502 0.9702500000000001 0.5016666671875 0.9772500000000001 0.5013333328125 0.99975 0.5253333328124999 0.99975 0.5253333328124999 0.9705 0.5216666671875 0.9685