0 0.189203125 0.4404579 0.1185023140625 0.440090278125 0.1190749421875 0.5829157984375 0.18948929375 0.58334461875 0.189203125 0.4404579
0 0.26448350625 0.43959982656249996 0.193210359375 0.44202256875 0.1949279515625 0.5850611984375 0.26648726875 0.58463194375 0.26448350625 0.43959982656249996
0 0.34205410937499997 0.4383125 0.2696359953125 0.4388025171875 0.2702083328125 0.58463194375 0.3437714125 0.5850611984375 0.34205410937499997 0.4383125
0 0.41933825156250004 0.4365963546875 0.345202546875 0.43815842031249996 0.3463475109375 0.58463194375 0.41991059062499997 0.583773871875 0.41933825156250004 0.4365963546875
0 0.4980535296875 0.4350915796875 0.4224869796875 0.43558203124999995 0.4244904515625 0.58269835 0.49948495312499996 0.5809817703125 0.4980535296875 0.4350915796875
0 0.5750515046875 0.43208810781249996 0.5002005203125 0.4342942703125 0.5017745953125 0.5839856765625 0.5764826390625 0.5835564234375 0.5750515046875 0.43208810781249996
0 0.6368790515625 0.43208810781249996 0.5753376734375 0.4330060765625 0.57562413125 0.581411025 0.6383101859375 0.5809817703125 0.6368790515625 0.43208810781249996
0 0.6972751734375 0.42994270781250005 0.6388825234375 0.43171788125 0.6388825234375 0.5805529515625001 0.6981336812500001 0.5805529515625001 0.6972751734375 0.42994270781250005
0 0.757957465625 0.42994270781250005 0.697704571875 0.430430121875 0.6992786453125001 0.579265625 0.7599612265625 0.5779782984375 0.757957465625 0.42994270781250005
0 0.819498553125 0.42822612812500005 0.75910243125 0.430430121875 0.7616785296875 0.576262153125 0.8206435187500001 0.576262153125 0.819498553125 0.42822612812500005
0 0.8798946765625001 0.427797309375 0.82007118125 0.4278537328125 0.8209296875 0.576262153125 0.881039640625 0.5758329 0.8798946765625001 0.427797309375
0 0.9424377890625 0.42565190937499997 0.8814690390625 0.426565971875 0.8820416671875 0.5749748265625 0.9432962968749999 0.5745455734375 0.9424377890625 0.42565190937499997
0 0.9992557874999999 0.42565190937499997 0.94372569375 0.426565971875 0.9451568281249999 0.5749748265625 0.99896961875 0.573258246875 0.9992557874999999 0.42565190937499997