7 0.459517253125 0.554328125 0.4624114578125 0.3798220484375 0.3389033203125 0.3751927078125 0.3365126953125 0.4839474828125 0.397291340625 0.481055121875 0.3943971359375 0.554328125 0.459517253125 0.554328125
11 0.23003483125000002 0.1147760421875 0.22413346406249998 0.25207552031249997 0.292837890625 0.25400390625 0.297900390625 0.1161341140625 0.23003483125000002 0.1147760421875
11 0.32827506562500003 0.25303993125 0.3971354171875 0.2551119796875 0.39770279999999997 0.1209548609375 0.33189095 0.1161341140625 0.32827506562500003 0.25303993125
7 0.4621399734375 0.5186558156250001 0.5833333328125 0.5185186625 0.578865234375 0.38213585 0.46257389375 0.378086371875 0.4621399734375 0.5186558156250001
7 0.583638346875 0.5198125 0.7018229171875 0.520254775 0.6942887375 0.38849913125 0.579299153125 0.384449653125 0.583638346875 0.5198125
7 0.702099284375 0.5198125 0.814453125 0.5211228296875 0.8071083984375 0.39196961875 0.695156575 0.3867634546875 0.702099284375 0.5198125
7 0.8138701171875 0.5183671875 0.9212239578125001 0.5219908859375 0.91237076875 0.3986232640625 0.8082291671874999 0.394573784375 0.8138701171875 0.5183671875
7 0.354346028125 0.8681124125 0.490234375 0.8657408859375 0.487994140625 0.7466328125 0.356515625 0.7466328125 0.354346028125 0.8681124125
7 0.4908854171875 0.8648728296874999 0.6203404953125 0.8617491312500001 0.6186048171875 0.740848090625 0.48756022187500003 0.7443190109375 0.4908854171875 0.8648728296874999
7 0.6220761718750001 0.8600138890625001 0.74609375 0.8561922750000001 0.7392353515625001 0.7379557296875 0.617303059375 0.7420052078125 0.6220761718750001 0.8600138890625001
7 0.7448763015625001 0.8542291671875001 0.86328125 0.8483797750000001 0.8555266921875001 0.7373771703124999 0.7396692703125 0.74142665 0.7448763015625001 0.8542291671875001
7 0.8633372390625 0.84844444375 0.9759114578125001 0.8423033859375 0.9653092453125 0.73217100625 0.8542249343749999 0.7362204859375 0.8633372390625 0.84844444375