2 0.7128353328125 0.855926 0.7074506671874999 0.858559 0.7158789999999999 0.8662829999999999 0.717986 0.878922 0.7334376671875 0.87786875 0.7369496671875 0.868565 0.7367153328125 0.852064 0.7287553328125 0.8459199999999999 0.725946 0.83275425 0.703425 0.8376812499999999 0.7032363328125 0.83696725 0.7027683328125 0.8376695 0.7128353328125 0.855926
6 0.1803926671875 0.9640282499999999 0.169445 0.9654674999999999 0.17219833281250002 0.9921150000000001 0.185075 0.9907107500000001 0.1803926671875 0.9640282499999999
6 0.198654 0.96209725 0.18595633281249999 0.9633597500000001 0.1913963328125 0.9886042500000001 0.202868 0.9870242499999999 0.198654 0.96209725
6 0.21668099999999998 0.9589375 0.20527766718749998 0.96177875 0.208721 0.98509325 0.2230023328125 0.9838644999999999 0.21668099999999998 0.9589375
6 0.22705866718749998 0.9823299999999999 0.23751766718749998 0.9803537499999999 0.234474 0.9547245 0.2230023328125 0.95577775 0.22705866718749998 0.9823299999999999
6 0.2453263328125 0.9786412500000001 0.2564813328125 0.9775449999999999 0.2527353328125 0.9513892500000001 0.2412636671875 0.95332025 0.2453263328125 0.9786412500000001
6 0.268798 0.9485319999999999 0.257549 0.95053575 0.261271 0.9758527499999999 0.273588 0.974442 0.268798 0.9485319999999999
6 0.2847076671875 0.943786 0.271924 0.94591525 0.27683833281250003 0.97290275 0.2896683328125 0.97033725 0.2847076671875 0.943786
6 0.30249866718749996 0.94173375 0.2898923328125 0.94399 0.295827 0.9689265 0.3066043328125 0.966874 0.30249866718749996 0.94173375
6 0.3189213328125 0.93865525 0.307861 0.940717 0.311052 0.9648217499999999 0.3228556671875 0.96289775 0.3189213328125 0.93865525
6 0.3348306671875 0.9360900000000001 0.3242893328125 0.93763675 0.3293563328125 0.9625130000000001 0.3404756671875 0.9607172500000001 0.3348306671875 0.9360900000000001
6 0.34533833281250004 0.96035425 0.35658533281250004 0.95692475 0.3516243328125 0.93268225 0.3403336671875 0.9346062500000001 0.34533833281250004 0.96035425
6 0.36873100000000003 0.92909075 0.35611933281249997 0.93166875 0.36154633281250004 0.9570529999999999 0.37317900000000004 0.9548724999999999 0.36873100000000003 0.92909075
6 0.377168 0.95246075 0.3877196671875 0.9510244999999999 0.3844693328125 0.92626875 0.3723236671875 0.927808 0.377168 0.95246075
6 0.39256966718749997 0.949188 0.4036596671875 0.9474905 0.4000673328125 0.9232480000000001 0.3879216671875 0.9253002499999999 0.39256966718749997 0.949188
6 0.4158056671875 0.9202980000000001 0.40386433281249995 0.92223525 0.40810766718749997 0.94736225 0.4207666671875 0.9455665 0.4158056671875 0.9202980000000001
6 0.428978 0.9177325 0.42029266718749997 0.9199249999999999 0.42435900000000004 0.943899 0.4353073328125 0.94159025 0.428978 0.9177325
6 0.44634533281250005 0.91503575 0.4344106671875 0.916267 0.4391606671875 0.94017625 0.45079333281249995 0.9383805000000001 0.44634533281250005 0.91503575
6 0.7113303328125 0.8615725 0.702142 0.8635165 0.7089356671875 0.885302 0.7181733328125001 0.883891 0.7113303328125 0.8615725
6 0.7053429999999999 0.8865847499999999 0.7048300000000001 0.86952525 0.697816 0.86375325 0.6872536671875 0.86524925 0.6945656671875 0.8740145 0.6945656671875 0.8872260000000001 0.7053429999999999 0.8865847499999999
6 0.6913153328125 0.8895347499999999 0.6913153328125 0.874271 0.6846436671875 0.8667032499999999 0.674419 0.86929225 0.6817356671875 0.8763232500000001 0.6817356671875 0.8899195000000001 0.6913153328125 0.8895347499999999
6 0.6781433328124999 0.8927415 0.6781433328124999 0.8785037499999999 0.672327 0.8696535000000001 0.6620976671875 0.8712175 0.667537 0.87799075 0.669761 0.8937675 0.6781433328124999 0.8927415
6 0.665142 0.89505025 0.6646286671875 0.8794017500000001 0.6581283328125 0.871834 0.648493 0.8735275 0.6547069999999999 0.8826085000000001 0.654878 0.89582 0.665142 0.89505025
6 0.651093 0.8853175 0.6427106671875 0.87415825 0.6348883328125 0.8764155 0.6413420000000001 0.88377825 0.641171 0.8980159999999999 0.651093 0.8963485 0.651093 0.8853175
6 0.4612266671875 0.91156425 0.4499363328125 0.913873 0.4548973328125 0.9370895000000001 0.46635866718749996 0.93490875 0.4612266671875 0.91156425
6 0.47009100000000004 0.9337865000000001 0.48158399999999996 0.9322152499999999 0.47679400000000005 0.9081009999999999 0.4649903328125 0.9102815 0.47009100000000004 0.9337865000000001
6 0.480776 0.9069575000000001 0.484304 0.9314047499999999 0.49608299999999994 0.928822 0.49163833281249997 0.9047425 0.480776 0.9069575000000001
6 0.505973 0.9022427499999999 0.494449 0.90383125 0.49919466718749994 0.928822 0.5110846671875 0.9269054999999999 0.505973 0.9022427499999999
6 0.5215406671875 0.8996562499999999 0.509456 0.90108 0.5130953328125 0.9249855 0.5260966671875 0.923319 0.5215406671875 0.8996562499999999
6 0.536717 0.89732325 0.5231600000000001 0.8993230000000001 0.5280493328125 0.9217359999999999 0.5417173328125 0.9208195 0.536717 0.89732325
6 0.5508296671874999 0.8946569999999999 0.5393030000000001 0.89632775 0.5437176671875 0.919153 0.5553856671874999 0.9179864999999999 0.5508296671874999 0.8946569999999999
6 0.5651693328125 0.89315725 0.5534760000000001 0.8937015 0.5565016671875 0.91648675 0.5660583328125 0.91557025 0.5651693328125 0.89315725
6 0.636806 0.9006875000000001 0.6382503328125 0.88519 0.6310273328125 0.8772745000000001 0.6218406671875 0.8796950000000001 0.6273603328124999 0.88802275 0.6290273328125 0.9011039999999999 0.636806 0.9006875000000001
6 0.62436 0.90235375 0.62436 0.8872730000000001 0.6181373328124999 0.87944075 0.6070006671875 0.881696 0.6138033328125 0.88918925 0.6148036671875 0.9049367500000001 0.62436 0.90235375
6 0.6102476671875 0.90726975 0.6103586671875 0.890439 0.6045803328125 0.8828569999999999 0.5933276671875001 0.8845722500000001 0.598802 0.8935219999999999 0.6005796671875 0.90860275 0.6102476671875 0.90726975
6 0.5955793328125 0.9099360000000001 0.5961350000000001 0.8929387500000001 0.5919123328125 0.88568975 0.5793213328125 0.8871985 0.5850226671875001 0.8970212500000001 0.5856893328125 0.9101025 0.5955793328125 0.9099360000000001
6 0.5822446671875 0.8970212500000001 0.5777996671875 0.8895225 0.5775773328125 0.8883559999999999 0.5699099999999999 0.8900225 0.5719103328124999 0.913602 0.5822446671875 0.9117689999999999 0.5822446671875 0.8970212500000001
6 0.0618806671875 0.0066272499999999995 0.042629 0.00636 0.0472126671875 0.036174250000000005 0.0637143328125 0.0375485 0.0618806671875 0.0066272499999999995
6 0.08673600000000001 0.0085205 0.068666 0.007575500000000001 0.0715386671875 0.03991475 0.0885893328125 0.04074825 0.08673600000000001 0.0085205
6 0.1087906671875 0.010604249999999999 0.090628 0.0092435 0.0943346671875 0.0421375 0.11120000000000001 0.042970999999999995 0.1087906671875 0.010604249999999999
6 0.1321426671875 0.01199325 0.114258 0.0100775 0.11768666718750001 0.0421375 0.1341813328125 0.042692999999999995 0.1321426671875 0.01199325
6 0.1532706671875 0.013660249999999999 0.135664 0.012371 0.13899999999999998 0.045749250000000005 0.15623599999999999 0.04713825 0.1532706671875 0.013660249999999999
6 0.1758813328125 0.0162995 0.15846 0.015081500000000001 0.1619813328125 0.046166 0.17699333281250001 0.0469995 0.1758813328125 0.0162995
6 0.1977503328125 0.0179665 0.1804216671875 0.0163325 0.18310900000000002 0.04797175 0.19886233281250001 0.04894425 0.1977503328125 0.0179665
6 0.21924899999999997 0.0196335 0.20238366718749998 0.017792 0.20442233281250002 0.050194499999999996 0.22036099999999997 0.050889 0.21924899999999997 0.0196335
6 0.240377 0.02227275 0.2240676671875 0.0196685 0.2244383328125 0.051305750000000004 0.24074766718750001 0.052556000000000005 0.240377 0.02227275
6 0.261505 0.022828499999999998 0.24352766718750002 0.021753500000000002 0.2455663328125 0.05352825 0.2613196671875 0.05463975 0.261505 0.022828499999999998
6 0.28077966718749997 0.02477325 0.2638216671875 0.022796 0.266509 0.054917499999999994 0.28133566718749997 0.05616775 0.28077966718749997 0.02477325
6 0.3026433328125 0.0267185 0.2837166671875 0.025071749999999997 0.2854373328125 0.05702549999999999 0.3023976671875 0.05831525 0.3026433328125 0.0267185
6 0.3218773328125 0.02851525 0.3052856671875 0.0264545 0.30504 0.058361750000000004 0.322492 0.06038825 0.3218773328125 0.02851525
6 0.3415416671875 0.03035775 0.32372100000000004 0.02839 0.3256873328125 0.0598355 0.3408043328125 0.0614015 0.3415416671875 0.03035775
6 0.3604683328125 0.0317395 0.3438153328125 0.0301875 0.3453516671875 0.061678 0.361943 0.063336 0.3604683328125 0.0317395
6 0.3797636671875 0.034318749999999995 0.3629876671875 0.03239975 0.3640323328125 0.063336 0.38062399999999996 0.065547 0.3797636671875 0.034318749999999995
6 0.3995506671875 0.03514775 0.382529 0.034335500000000005 0.3828363328125 0.06591525000000001 0.3990593328125 0.06692875000000001 0.3995506671875 0.03514775
6 0.41829333281250003 0.036806 0.4015173328125 0.035165 0.400964 0.06656025 0.41780166718749995 0.068034 0.41829333281250003 0.036806
6 0.4366053328125 0.03855625 0.42013666718750003 0.03737725 0.4206283328125 0.067942 0.435745 0.06932374999999999 0.4366053328125 0.03855625
6 0.4552863328125 0.040029999999999996 0.43875633281250004 0.038759749999999996 0.43906333281250004 0.06913949999999999 0.454549 0.070245 0.4552863328125 0.040029999999999996
6 0.47378299999999995 0.041780250000000005 0.45737566718749995 0.0401425 0.4565766671875 0.0706135 0.472554 0.0715345 0.47378299999999995 0.041780250000000005
6 0.4918493328125 0.042793750000000005 0.47525766718750007 0.0416635 0.47476599999999997 0.07199525 0.4904973328125 0.073377 0.4918493328125 0.042793750000000005
6 0.5089326671875 0.043714750000000004 0.49369300000000005 0.0433225 0.492218 0.07282425000000001 0.5081953328125 0.0738375 0.5089326671875 0.043714750000000004
6 0.5268146671875 0.045149499999999995 0.5102846671875 0.04373725 0.510223 0.074351 0.5257086671875 0.075088 0.5268146671875 0.045149499999999995
6 0.5440206671875 0.0467155 0.5287196671875 0.04553475 0.527552 0.07536425 0.5435293328124999 0.07674600000000001 0.5440206671875 0.0467155
6 0.5613496671875 0.04809725 0.546233 0.047194 0.544881 0.0771145 0.5612269999999999 0.07785149999999999 0.5613496671875 0.04809725
6 0.579908 0.0494385 0.5628246671875 0.048161749999999996 0.561104 0.07781075 0.5779413328125 0.07965325 0.579908 0.0494385
6 0.5963766671874999 0.0503595 0.580891 0.049821 0.5788016671875 0.0791925 0.5944103328125 0.080206 0.5963766671874999 0.0503595
6 0.613337 0.0519255 0.5976670000000001 0.050373999999999995 0.5953933328125001 0.07983749999999999 0.6112476671875 0.08131125 0.613337 0.0519255
6 0.6301743328125 0.0533995 0.614996 0.05175675 0.610879 0.0821405 0.6274706671875 0.08352224999999999 0.6301743328125 0.0533995
6 0.6470116671875 0.054412749999999996 0.630666 0.05286275 0.6278393328125 0.0829695 0.6432016671875 0.08444325 0.6470116671875 0.054412749999999996
6 0.6605923328125 0.08029800000000001 0.6618213328125 0.0557025 0.6474420000000001 0.05479850000000001 0.6438776671875 0.084167 0.6570283328125 0.084996 0.6605923328125 0.08029800000000001
6 0.6716533328125001 0.08665425 0.675709 0.0822325 0.6776756671874999 0.05689999999999999 0.663296 0.056042749999999995 0.6615756671875 0.081127 0.658626 0.08508825 0.6716533328125001 0.08665425
6 0.6872616671875 0.08702275000000001 0.6911946671875 0.082693 0.693038 0.057913250000000006 0.678966 0.05673399999999999 0.6777983328125 0.08158775 0.6737426671875 0.08628575000000001 0.6872616671875 0.08702275000000001
6 0.701764 0.08822025 0.70668 0.0845355 0.707909 0.058466 0.6938983328125 0.05784025 0.6923006671875 0.08195625 0.6897196671875 0.087299 0.701764 0.08822025
6 0.71854 0.088773 0.7228416671875 0.08545675 0.7244393328125 0.060492500000000005 0.7097526671875001 0.0590845 0.7084623328124999 0.08343 0.7041606671875 0.0877595 0.71854 0.088773
6 0.732735 0.0899705 0.737897 0.0861935 0.7392489999999999 0.06141375 0.7250536671875001 0.060329 0.724132 0.08481174999999999 0.7194616671875 0.08895725 0.732735 0.0899705
6 0.7467456671875 0.09098375 0.752891 0.08647 0.7547343328125 0.062426999999999996 0.740355 0.061435 0.7387573328125 0.08591725 0.73421 0.09024675 0.7467456671875 0.09098375
6 0.7638906671875 0.09181275 0.7674546671875 0.087207 0.769667 0.06334825 0.7554716671875 0.062126499999999994 0.7538126671875001 0.0869305 0.748405 0.09126 0.7638906671875 0.09181275
6 0.7790073328125 0.09291825000000001 0.7815883328125001 0.0876675 0.7834316671875 0.06426950000000001 0.7704043328125 0.06337075 0.7688066671875 0.087207 0.764505 0.091905 0.7790073328125 0.09291825000000001
6 0.9120476671875 0.07247375 0.8979753328125 0.0716665 0.8947186671875 0.09725375 0.9087293328125 0.0970695 0.9120476671875 0.07247375
6 0.8974223328125 0.07146050000000001 0.8845176671875 0.07097525 0.8819366671875001 0.09624025 0.8943496671875 0.09688525 0.8974223328125 0.07146050000000001
6 0.8837803328125 0.0707235 0.8703226671875001 0.06986925000000001 0.8684176671875001 0.09568775 0.8810766671874999 0.09670100000000001 0.8837803328125 0.0707235
6 0.8690323328125 0.06924975 0.8559433328124999 0.06890125 0.8536696671874999 0.0948585 0.8670656671874999 0.0955955 0.8690323328125 0.06924975
6 0.8546526671875 0.06842075 0.841564 0.06779525 0.840888 0.09347675 0.8525633328125 0.09430575 0.8546526671875 0.06842075
6 0.840888 0.06740725 0.8277376671875001 0.066689 0.8271229999999999 0.09347675 0.8395360000000001 0.09384525 0.840888 0.06740725
6 0.7909900000000001 0.092003 0.7955373328124999 0.0901605 0.7966436671875 0.0651045 0.7851523328125001 0.06392375 0.7844763328125001 0.087489 0.7806663328125001 0.09117375 0.7909900000000001 0.092003
6 0.813358 0.0659335 0.8002689999999999 0.06489175 0.796029 0.09310825 0.8110229999999999 0.09412175 0.813358 0.0659335
6 0.827 0.0668545 0.8137266671875001 0.066136 0.8118833328124999 0.09384525 0.8258940000000001 0.095135 0.827 0.0668545
5 0.1655963328125 0.25783325 0.061373 0.2571025 0.0716016671875 0.32082575 0.1694666671875 0.3216545 0.1655963328125 0.25783325
5 0.6180063328125 0.287541 0.5964566671875 0.2867155 0.5985229999999999 0.31409275000000003 0.6177113328125 0.31387149999999997 0.6180063328125 0.287541
5 0.2147596671875 0.2585555 0.16649433281249998 0.2581545 0.17166033281249998 0.32139449999999997 0.21741666718750002 0.32117325 0.2147596671875 0.2585555
5 0.260559 0.26017475 0.21502 0.25952125000000004 0.2172633328125 0.32036975 0.2634753328125 0.32087425 0.260559 0.26017475
5 0.30621 0.2608475 0.26011033281249996 0.260026 0.26381166718750004 0.32154675 0.3077803328125 0.32020175 0.30621 0.2608475
5 0.349057 0.260343 0.30621 0.26053075 0.3077803328125 0.31969725000000004 0.3513003328125 0.32036975 0.349057 0.260343
5 0.3936986671875 0.26135175 0.3492813328125 0.26078325 0.3515246671875 0.32087425 0.39325 0.3198655 0.3936986671875 0.26135175
5 0.436097 0.2621925 0.3936986671875 0.26154025000000003 0.3936986671875 0.32003349999999997 0.434751 0.3210425 0.436097 0.2621925
5 0.4744063328125 0.26265925 0.4359673328125 0.26205725 0.435414 0.31966025 0.474683 0.3204895 0.4744063328125 0.26265925
5 0.5136753328125 0.26307375 0.47454466718750005 0.26174624999999996 0.47551266718749996 0.32007474999999996 0.5136753328125 0.320282 0.5136753328125 0.26307375
5 0.550732 0.26348825 0.513952 0.2626795 0.5136753328125 0.319453 0.5515613328125 0.3198675 0.550732 0.26348825
5 0.592628 0.26348825 0.551285 0.263613 0.5525293328124999 0.318002 0.5893093328125001 0.31966025 0.592628 0.26348825
0 0.6628693328125 0.279656 0.6454473328125 0.27885725 0.6471063328125 0.31696575 0.663146 0.3167585 0.6628693328125 0.279656
0 0.7054566671875 0.279656 0.6885876671875 0.2794795 0.6896936671875 0.31696575 0.7062863328125 0.3161365 0.7054566671875 0.279656
0 0.752192 0.280485 0.718869 0.2794795 0.7181776671875 0.31634375000000003 0.7516390000000001 0.31592925 0.752192 0.280485
0 0.805841 0.2929215 0.7892486671875 0.29188525 0.788972 0.27986325 0.7719646671875 0.2797905 0.7734856671875 0.31717300000000004 0.805288 0.31592925 0.805841 0.2929215
6 0.12948533281250002 0.42365025 0.11263166718749999 0.42378 0.11594233281249999 0.45229825 0.132946 0.45117025 0.12948533281250002 0.42365025
6 0.150552 0.42252225 0.1343003328125 0.42310274999999997 0.1371596671875 0.450832 0.152809 0.450719 0.150552 0.42252225
6 0.1712423328125 0.42229675 0.154389 0.422595 0.15785 0.44981675 0.173951 0.44981675 0.1712423328125 0.42229675
6 0.1915566671875 0.4219585 0.17425200000000002 0.422087 0.17665966718749998 0.44914 0.1936633328125 0.44880175 0.1915566671875 0.4219585
6 0.2111186671875 0.4213945 0.1950176671875 0.42141 0.1971243328125 0.44767375 0.21352633281250002 0.44744825 0.2111186671875 0.4213945
6 0.2306056671875 0.42015375 0.21510633281249997 0.4205635 0.21676166718749998 0.44665875 0.23331400000000002 0.44643325 0.2306056671875 0.42015375
6 0.250318 0.419477 0.233615 0.419717 0.236474 0.4457565 0.2524246671875 0.44564375 0.250318 0.419477
6 0.2695036671875 0.419026 0.2532523328125 0.4193785 0.25566 0.44429025 0.270858 0.44406475 0.2695036671875 0.419026
6 0.298019 0.41801075 0.282821 0.41836275 0.2858303328125 0.44429025 0.300878 0.443388 0.298019 0.41801075
6 0.3180323328125 0.41778525 0.302684 0.41768574999999997 0.30373733281250004 0.44350075 0.3196876671875 0.4436135 0.3180323328125 0.41778525
6 0.3357886671875 0.41755975 0.3202896671875 0.41751649999999996 0.32179433281250003 0.44271125 0.33744399999999997 0.4420345 0.3357886671875 0.41755975
6 0.3523413328125 0.417347 0.3392496671875 0.417334 0.340303 0.44169625 0.3550496671875 0.441809 0.3523413328125 0.417347
6 0.372505 0.41620625 0.356404 0.41667 0.3585106671875 0.441245 0.372505 0.44056825 0.372505 0.41620625
6 0.39018600000000003 0.41541675 0.374687 0.41599275 0.376643 0.44000425 0.391089 0.439666 0.39018600000000003 0.41541675
6 0.4137356671875 0.41440175 0.3974843328125 0.4146385 0.3991393328125 0.4388765 0.4146386671875 0.4388765 0.4137356671875 0.41440175
6 0.431191 0.41349925 0.41576700000000005 0.41396125 0.41674533281250004 0.438538 0.43254533281249996 0.43819975 0.431191 0.41349925
6 0.44796899999999995 0.4133865 0.4326956671875 0.41362275000000004 0.4344263328125 0.43842525 0.44962433281249997 0.43763575 0.44796899999999995 0.4133865
6 0.46497400000000005 0.41256349999999997 0.450129 0.41257625000000003 0.4505483328125 0.43657725000000003 0.4659803328125 0.43632574999999996 0.46497400000000005 0.41256349999999997
6 0.4824463328125 0.41247375000000003 0.4668183328125 0.41241225000000004 0.467938 0.43697474999999997 0.48369999999999996 0.43650500000000003 0.4824463328125 0.41247375000000003
6 0.49919333281249995 0.41200374999999995 0.4837446671875 0.41211000000000003 0.4847746671875 0.43623649999999997 0.499462 0.43563225 0.49919333281249995 0.41200374999999995
6 0.515493 0.4113325 0.5005366671875 0.41140475 0.5005366671875 0.435431 0.5155823328125 0.43509525 0.515493 0.4113325
6 0.5334043328125 0.41039275000000003 0.5169256671875 0.41039725000000005 0.5175526671874999 0.43449125000000005 0.5334939999999999 0.43415549999999997 0.5334043328125 0.41039275000000003
6 0.549704 0.4100575 0.534524 0.41019575 0.5350163328125 0.43314899999999995 0.5503306671875 0.43301475 0.549704 0.4100575
6 0.5670333328125 0.40972125000000004 0.5510473328125001 0.40938975 0.5518083328125 0.43294699999999997 0.5670333328125 0.43254425 0.5670333328125 0.40972125000000004
6 0.582258 0.40898275 0.567302 0.40898675000000007 0.5681973328125001 0.43079875 0.5823476671875001 0.4305975 0.582258 0.40898275
6 0.612439 0.40733949999999997 0.5963186671875 0.40727375 0.5978410000000001 0.43090075 0.613424 0.4302295 0.612439 0.40733949999999997
6 0.6289173328125 0.40700375 0.6137823328125 0.40677 0.614409 0.43016224999999997 0.628828 0.42982675 0.6289173328125 0.40700375
6 0.6438736671874999 0.406668 0.629634 0.40666925000000004 0.6289173328125 0.42915525 0.6437839999999999 0.42861825 0.6438736671874999 0.406668
6 0.658561 0.40613099999999996 0.644814 0.40626625 0.6448586671875 0.42881975 0.6590086671875001 0.42855125000000005 0.658561 0.40613099999999996
6 0.6746813328125 0.40545725 0.6594566671875 0.40556099999999995 0.6596356671875 0.4279445 0.6744126671874999 0.427609 0.6746813328125 0.40545725
6 0.689951 0.40492025 0.6751739999999999 0.40475500000000003 0.6749053328125 0.4268035 0.689503 0.42673625 0.689951 0.40492025
6 0.7037876671875 0.40438324999999997 0.6892793328125 0.403949 0.6901746671875 0.42559500000000006 0.7033396671875 0.4253265 0.7037876671875 0.40438324999999997
6 0.7186093328125 0.40354375 0.7041906671875 0.40324375 0.703922 0.42448699999999995 0.7178926671875 0.42462125000000006 0.7186093328125 0.40354375
6 0.7328490000000001 0.40273824999999996 0.719102 0.40274 0.7191466671875 0.42394999999999994 0.7324010000000001 0.42415149999999996 0.7328490000000001 0.40273824999999996
6 0.8949926671874999 0.39503875 0.8816486671874999 0.3947805 0.880753 0.41497525 0.8930223328125001 0.41497525 0.8949926671874999 0.39503875
6 0.8811113328125 0.39530725 0.869021 0.3955865 0.8685733328125 0.41598225 0.8803053328124999 0.41611649999999994 0.8811113328125 0.39530725
6 0.8683046671874999 0.39577724999999997 0.8567963328125 0.39619125 0.8551396671875 0.41645225 0.868036 0.41665349999999995 0.8683046671874999 0.39577724999999997
6 0.855901 0.39705275 0.8434973328125001 0.39639275 0.8431836671875 0.417392 0.8541993328125 0.417459 0.855901 0.39705275
6 0.8426913328125 0.39738924999999997 0.8297950000000001 0.39760175000000003 0.8297950000000001 0.41806400000000005 0.842333 0.41826549999999996 0.8426913328125 0.39738924999999997
6 0.8291233328125 0.39779200000000003 0.8162269999999999 0.39770249999999996 0.8163166671875001 0.41786275 0.8286753328125 0.41792975 0.8291233328125 0.39779200000000003
6 0.8154210000000001 0.39832900000000004 0.8021216671875001 0.397904 0.802077 0.41860099999999995 0.8153313328125 0.41893675 0.8154210000000001 0.39832900000000004
6 0.8012710000000001 0.397859 0.7888223328125 0.397904 0.7885536671875 0.42068199999999994 0.8015396671874999 0.42088325 0.8012710000000001 0.397859
6 0.7880163328124999 0.39950800000000003 0.7757916671875 0.3997175 0.7753886671875 0.42132424999999996 0.7877476671875 0.42125700000000005 0.7880163328124999 0.39950800000000003
6 0.774941 0.4007835 0.7604773328125 0.40032199999999996 0.7614176671874999 0.42186124999999997 0.774135 0.42145849999999996 0.774941 0.4007835
6 0.7468646671875 0.40205900000000006 0.73361 0.402337 0.734237 0.42441199999999996 0.746596 0.42407625 0.7468646671875 0.40205900000000006
6 0.7594026671874999 0.40098475 0.747581 0.400725 0.7486556671875 0.42125700000000005 0.7599400000000001 0.42125700000000005 0.7594026671874999 0.40098475
6 0.534508 0.7244217500000001 0.508047 0.72618975 0.5099523328125 0.74631775 0.5349313328124999 0.7431442500000001 0.534508 0.7244217500000001
6 0.16268100000000002 0.7735565 0.1486036671875 0.775248 0.1529433328125 0.799419 0.1643743328125 0.7973565 0.16268100000000002 0.7735565
6 0.182156 0.7707005 0.16797299999999998 0.7728665 0.17136 0.7954525 0.1832143328125 0.7945005 0.182156 0.7707005
6 0.2011263328125 0.7683205 0.187012 0.77016975 0.1897263328125 0.7936829999999999 0.20329766718750003 0.792191 0.2011263328125 0.7683205
6 0.220126 0.76533675 0.20465466718749997 0.7675235 0.209269 0.7908347499999999 0.22229733281250003 0.7894785 0.220126 0.76533675
6 0.2379526671875 0.76256625 0.2232996671875 0.76455725 0.22650133281249998 0.7897000000000001 0.241154 0.7876695 0.2379526671875 0.76256625
6 0.2566686671875 0.76016675 0.2419543328125 0.76220225 0.24534033281249998 0.78776175 0.2602393328125 0.7854544999999999 0.2566686671875 0.76016675
6 0.27439966718750003 0.757398 0.2591313328125 0.75943175 0.26183999999999996 0.78536225 0.2779703328125 0.78379325 0.27439966718750003 0.757398
6 0.332518 0.7495459999999999 0.31712633281249997 0.751536 0.32020466718749996 0.77446475 0.33535 0.7735420000000001 0.332518 0.7495459999999999
6 0.350249 0.746962 0.334488 0.748904 0.3380586671875 0.772619 0.35320399999999996 0.7716037499999999 0.350249 0.746962
6 0.366379 0.7449315000000001 0.3511106671875 0.7466875 0.3556666671875 0.7712345 0.370073 0.7702195 0.366379 0.7449315000000001
6 0.382694 0.74238775 0.367549 0.7444712499999999 0.37173533281250004 0.7694292500000001 0.38725 0.76786025 0.382694 0.74238775
6 0.40005566718749996 0.74044975 0.383433 0.7426705 0.3887276671875 0.76739875 0.4043653328125 0.7650915 0.40005566718749996 0.74044975
6 0.4172943328125 0.73924975 0.40116399999999997 0.7400385 0.40485800000000005 0.7641685 0.41766366718750003 0.76389175 0.4172943328125 0.73924975
6 0.4371183328125 0.7414625 0.4345326671875 0.736294 0.419449 0.73809925 0.4219733328125 0.7604745 0.43662599999999996 0.76010525 0.4371183328125 0.7414625
6 0.45448000000000005 0.75844325 0.45509566718750005 0.739708 0.4518943328125 0.733709 0.4357023328125 0.7360212500000001 0.4389653328125 0.741 0.43785733281250006 0.7585355 0.45448000000000005 0.75844325
6 0.4687633328125 0.73721625 0.4634686671875 0.7310325 0.45287933281250004 0.7332507500000001 0.45743533281250004 0.739062 0.45706600000000003 0.756505 0.4695023328125 0.756505 0.4687633328125 0.73721625
6 0.5535059999999999 0.7435545 0.553355 0.72500775 0.5494323328124999 0.7199187499999999 0.5379653328125 0.7212855 0.538267 0.726478 0.5379653328125 0.74321525 0.5535059999999999 0.7435545
6 0.568896 0.7228589999999999 0.5639166671875 0.71675225 0.5515446671875 0.7197577500000001 0.5551656671874999 0.7239899999999999 0.55592 0.74242375 0.5691976671875 0.741519 0.568896 0.7228589999999999
6 0.5791556671875 0.7384655 0.5796083328125 0.7159605 0.567689 0.71675225 0.5704046671875 0.7222934999999999 0.571159 0.73869175 0.5791556671875 0.7384655
6 0.5972613328125 0.71494275 0.586549 0.71494275 0.5847383328125 0.736543 0.5981666671875 0.736543 0.5972613328125 0.71494275
6 0.6236456671874999 0.7241660000000001 0.6196126671875 0.710006 0.6068766671875 0.7121885 0.6100606671875 0.73387125 0.6236456671874999 0.7324395 0.6236456671874999 0.7241660000000001
6 0.6365943328125 0.7305302499999999 0.6365943328125 0.72193875 0.6310753328125001 0.7080967499999999 0.6208863328125 0.71003925 0.625344 0.722575 0.6255563328125 0.7308485 0.6365943328125 0.7305302499999999
6 0.6478443328125 0.7061875 0.633304 0.70765125 0.6397783328125 0.72830275 0.6523019999999999 0.7278255 0.6478443328125 0.7061875
6 0.664234 0.70392025 0.6650226671875 0.724487 0.6806536671875001 0.72308975 0.675061 0.7012705 0.664234 0.70392025
6 0.6892576671875 0.700518 0.6773553328124999 0.701823 0.6818006671875 0.72212225 0.6938463328125 0.7209399999999999 0.6892576671875 0.700518
6 0.7051033328125 0.69890275 0.691767 0.69988725 0.6957823328125 0.71996975 0.7075413328125 0.71878725 0.7051033328125 0.69890275
6 0.717866 0.6975055 0.706179 0.698274 0.708832 0.7185725 0.7215946671875 0.7170675 0.717866 0.6975055
6 0.7309156671875 0.6953557499999999 0.7186546671875 0.69666075 0.722885 0.71653025 0.7340703328125 0.7159927500000001 0.7309156671875 0.6953557499999999
6 0.7874873328125 0.68578975 0.7756566671875 0.6871425 0.7794570000000001 0.707179 0.7913593328124999 0.70588925 0.7874873328125 0.68578975
6 0.8006803328125001 0.68407 0.788778 0.6856905 0.7927933328125001 0.704922 0.8044086671875 0.7037395 0.8006803328125001 0.68407
6 0.812439 0.68224275 0.8016840000000001 0.6837545 0.8054126671875 0.70341725 0.8168846671875001 0.70234225 0.812439 0.68224275
6 0.8254886671874999 0.6808455 0.8137296671875 0.682464 0.817745 0.70201975 0.8297906671874999 0.70116 0.8254886671874999 0.6808455
6 0.8415496671874999 0.6837475000000001 0.8378209999999999 0.6786957499999999 0.8268509999999999 0.67988275 0.8307946671875 0.69965525 0.8412626671875 0.6990102499999999 0.8415496671874999 0.6837475000000001
0 0.5014573328124999 0.72582425 0.4663553328125 0.73051575 0.469937 0.75177625 0.5019346671875 0.74855475 0.5014573328124999 0.72582425
0 0.3163956671875 0.7525864999999999 0.2754433328125 0.75818525 0.2789056671875 0.7803285 0.3195 0.775854 0.3163956671875 0.7525864999999999
0 0.7504996671875 0.5896845 0.745834 0.5861875000000001 0.7165073328125 0.58970225 0.7182846671875 0.6219905 0.7491666671874999 0.61949275 0.7504996671875 0.5896845
0 0.7869360000000001 0.61649525 0.788269 0.586354 0.7824926671875 0.5823575 0.7524993328125 0.58520325 0.7580536671875 0.58835225 0.7556096671875 0.6183270000000001 0.7869360000000001 0.61649525
0 0.821373 0.6109997500000001 0.8233723328125 0.58185775 0.816263 0.5780277500000001 0.7884913328125001 0.581454 0.7944899999999999 0.5855215 0.7940456671875 0.61366425 0.821373 0.6109997500000001
5 0.2031083328125 0.6267555 0.11497933281249999 0.63547675 0.12248300000000001 0.6914875 0.21046466718749998 0.6811214999999999 0.2031083328125 0.6267555
5 0.2471726671875 0.622506 0.2034763328125 0.6267045 0.21171533281250002 0.680842 0.2540876671875 0.6762105 0.2471726671875 0.622506
5 0.28910399999999997 0.6178742500000001 0.2471726671875 0.622401 0.25482333281249997 0.67599 0.295136 0.6722405 0.28910399999999997 0.6178742500000001
5 0.3292693328125 0.6140055 0.289766 0.6180975 0.2954303328125 0.67156775 0.33633166718749996 0.6674875 0.3292693328125 0.6140055
5 0.3712006671875 0.609813 0.32949 0.614294 0.3364786671875 0.66693625 0.3766443328125 0.6635175 0.3712006671875 0.609813
5 0.40915933281249994 0.6059535 0.371642 0.609494 0.37723266718750004 0.66296625 0.41460299999999994 0.65855525 0.40915933281249994 0.6059535
5 0.44991333281249996 0.6018732499999999 0.40982133281250005 0.605687 0.41489733281249996 0.6582242500000001 0.45344433281249996 0.65381325 0.44991333281249996 0.6018732499999999
5 0.4875043328125 0.5981194999999999 0.4502076671875 0.60154575 0.4538123328125 0.6535885 0.4902996671875 0.64950825 0.4875043328125 0.5981194999999999
5 0.5244329999999999 0.59403925 0.48794566718750004 0.59790425 0.490741 0.64829525 0.5259043328125 0.644656 0.5244329999999999 0.59403925
5 0.559302 0.5909515 0.5252423328125 0.594263 0.526934 0.64476625 0.5601846671875 0.6409065 0.559302 0.5909515
5 0.587109 0.58863375 0.5601113328125 0.5906215 0.5609203328125 0.6319725 0.5868146671875001 0.63009775 0.587109 0.58863375
5 0.6288929999999999 0.584598 0.5925526671875 0.58714575 0.594024 0.635766 0.6291873328124999 0.63278875 0.6288929999999999 0.584598
5 0.6631733328125 0.5810690000000001 0.6289663328125 0.5844975 0.6299226671875 0.63278875 0.6631733328125 0.63146525 0.6631733328125 0.5810690000000001
5 0.6873023328125 0.6234152500000001 0.686861 0.6047785 0.6796516671874999 0.5983825 0.6640563328125 0.599394 0.6655273328125 0.60544 0.6653803328125 0.6242972499999999 0.6873023328125 0.6234152500000001
5 0.715109 0.620548 0.7145206671875 0.6021317500000001 0.702309 0.5949639999999999 0.6859046671875 0.5972422500000001 0.6939230000000001 0.6040065 0.6943643328125 0.6220917499999999 0.715109 0.620548