0 0.0618684421875 0.1933878484375 0.060747846875 0.2143519296875 0.093026625 0.21413335937500003 0.09392325781250001 0.1922705390625 0.0618684421875 0.1933878484375
0 0.096430696875 0.19262781874999998 0.096869225 0.21609209062499998 0.13275724375 0.21573404687500003 0.1315285828125 0.19279900625 0.096430696875 0.19262781874999998
0 0.134249021875 0.19322850625000002 0.1359154265625 0.21530607499999999 0.169785434375 0.21573404687500003 0.169785434375 0.1933121890625 0.134249021875 0.19322850625000002
0 0.1729436171875 0.19297134062500002 0.17329522343749998 0.215819640625 0.208392325 0.21616163593749999 0.20698825312500002 0.1925422234375 0.1729436171875 0.19297134062500002
0 0.2467368828125 0.192453190625 0.24585904531249997 0.192453190625 0.21216523125000003 0.19220099375 0.2119898203125 0.21555941875 0.2467368828125 0.21530263593750001 0.2467368828125 0.192453190625
0 0.2846421296875 0.19262437968749999 0.24954424375 0.19284295 0.25059749375 0.2157306078125 0.2842913078125 0.215987390625 0.2846421296875 0.19262437968749999
0 0.313001565625 0.1923725640625 0.28598042343749996 0.19219870156250002 0.288982771875 0.216165075 0.3145035234375 0.2160733671875 0.313001565625 0.1923725640625
0 0.34424588906250003 0.1921895296875 0.3152537203125 0.19206152031249998 0.3147846515625 0.216165075 0.34443382968749997 0.21689721093749997 0.34424588906250003 0.1921895296875
0 0.3738950671875 0.1919147875 0.3448089265625 0.191923959375 0.3457470640625 0.2158903328125 0.3738950671875 0.21579900625 0.3738950671875 0.1919147875
0 0.403918559375 0.1923710359375 0.37464526249999996 0.1923362625 0.375396240625 0.2155227359375 0.40298042343749996 0.21561444375 0.403918559375 0.1923710359375
0 0.433379796875 0.1929197546875 0.40476350781250003 0.19274818437500002 0.4041065 0.21533970156249999 0.43356773750000005 0.21561444375 0.433379796875 0.1929197546875
0 0.49295927968750003 0.1923710359375 0.4647180890625 0.1923362625 0.464436178125 0.2160718375 0.4922083 0.2159805125 0.49295927968750003 0.1923710359375
0 0.5820931875 0.1923710359375 0.5536640562499999 0.19206152031249998 0.5522568515625 0.21533970156249999 0.57890368125 0.2158888046875 0.5820931875 0.1923710359375
0 0.55357086875 0.19227932812499998 0.5232646828124999 0.19219870156250002 0.5229835546875 0.2159805125 0.5520696953125 0.216254871875 0.55357086875 0.19227932812499998
0 0.5229835546875 0.1925540703125 0.493709475 0.1924734421875 0.493334378125 0.2157057703125 0.5222325765625 0.2161635453125 0.5229835546875 0.1925540703125
7 0.2744432265625 0.3241673671875 0.11761863749999998 0.3239633171875 0.11450274062500002 0.34645204375 0.276001565625 0.34695873125 0.2744432265625 0.3241673671875
7 0.8471472203125 0.32262246875 0.8473993734375 0.3480229265625 0.9274072046875 0.3475311421875 0.9279115109375 0.32318685468749997 0.8471472203125 0.32262246875
7 0.8462223968749999 0.3235147109375 0.7667180890624999 0.3232376765625 0.7660462015625 0.3470393578125 0.8460540328124999 0.3471215125 0.8462223968749999 0.3235147109375
7 0.765709475 0.323596484375 0.68553328125 0.32336071875 0.68570164375 0.3471215125 0.7658778390625 0.3470393578125 0.765709475 0.323596484375
7 0.68309631875 0.3236797859375 0.603844165625 0.32336071875 0.60392795625 0.34736874218749997 0.6841049328125 0.347778371875 0.68309631875 0.3236797859375
7 0.6019953015625 0.32351585781250003 0.5231636640625 0.323114634375 0.5236679718749999 0.34630301874999997 0.602667971875 0.3468769578125 0.6019953015625 0.32351585781250003
7 0.44147455 0.323114634375 0.4422310109375 0.346794803125 0.521734534375 0.346630875 0.521062646875 0.32327015625 0.44147455 0.323114634375
7 0.3606444796875 0.3236354609375 0.3604862953125 0.34723385625000003 0.44068206718749997 0.34684791718749997 0.440049334375 0.323629728125 0.3606444796875 0.3236354609375
7 0.277601409375 0.3237512421875 0.2787086921875 0.34792892656249996 0.3587462796875 0.34731180781250004 0.35827173125 0.323630875 0.277601409375 0.3237512421875
1 0.829804228125 0.68182116875 0.8299592796875 0.7047283156249999 0.9034925609375 0.7039717234375 0.9041127640625 0.6814275890625 0.829804228125 0.68182116875
1 0.2202858265625 0.6843798249999999 0.220054815625 0.7084814671874999 0.2947901328125 0.7080313328125001 0.2947901328125 0.6843343515625 0.2202858265625 0.6843798249999999
1 0.5602866093750001 0.6829166984375 0.56044009375 0.7068314859375 0.6350219265625 0.7057818109375 0.6348684421875 0.68253458125 0.5602866093750001 0.6829166984375
5 0.143656225 0.6858784874999999 0.12427564531249999 0.6859743984375 0.125014878125 0.7082445546875 0.14484025 0.7082445546875 0.143656225 0.6858784874999999
5 0.2192216125 0.6847856328125 0.19987705625000002 0.6848135265625 0.20093265468750002 0.7084554828125 0.21912137812500002 0.7085533046875 0.2192216125 0.6847856328125
5 0.19942521562499999 0.6849816578125 0.1816382140625 0.6849606421875001 0.18153797968750002 0.7085533046875 0.1998269375 0.7083572796875 0.19942521562499999 0.6849816578125
5 0.18093500468749998 0.684932746875 0.1621926390625 0.68488689375 0.162545028125 0.708406571875 0.1811354734375 0.70830836875 0.18093500468749998 0.684932746875
5 0.1614393109375 0.6853248 0.1438034453125 0.6851811234375 0.143652309375 0.70850439375 0.1616405640625 0.708651509375 0.1614393109375 0.6853248
5 0.391601409375 0.6843144828125001 0.3734009390625 0.6843202140625 0.372518403125 0.7073546046875 0.39107439374999997 0.7073546046875 0.391601409375 0.6843144828125001
5 0.410110415625 0.6843034015625 0.3912216125 0.6840450890625001 0.3916162875 0.7068888046875 0.4107431484375 0.7069659921875 0.410110415625 0.6843034015625
5 0.42860454218750005 0.6842262125 0.409715740625 0.6838135265624999 0.4113750984375 0.7070431796875 0.429394675 0.7071971718750001 0.42860454218750005 0.6842262125
5 0.44717776093749995 0.7073893765625 0.447652309375 0.6841100499999999 0.42892090781250003 0.6839293078125 0.42852545 0.6831081390625 0.42931558281250004 0.7074665640625 0.44717776093749995 0.7073893765625
5 0.46646202031249995 0.6838016812500001 0.4469404859375 0.6839293078125 0.4474941265625 0.707081009375 0.46630383750000004 0.707158196875 0.46646202031249995 0.6838016812500001
5 0.48543069687499996 0.6838016812500001 0.466382928125 0.6836977453124999 0.46646202031249995 0.706618646875 0.48511432968749996 0.706927015625 0.48543069687499996 0.6838016812500001
5 0.5039248234375 0.68387886875 0.48511432968749996 0.6834665640625001 0.48543069687499996 0.706772640625 0.5039248234375 0.7066958343749999 0.5039248234375 0.68387886875
5 0.5224189499999999 0.6835705 0.5045567734375 0.6833507828125 0.50471495625 0.706772640625 0.5224189499999999 0.706849828125 0.5224189499999999 0.6835705
5 0.5410712609375 0.6836476874999999 0.522577134375 0.6835819640625 0.523841034375 0.706618646875 0.5412286609375 0.707004203125 0.5410712609375 0.6836476874999999
5 0.5605137046875 0.6834933125 0.5410712609375 0.6836977453124999 0.541545028125 0.706618646875 0.561145653125 0.7066958343749999 0.5605137046875 0.6834933125
5 0.8099992171875 0.6817684374999999 0.809235709375 0.7054069546874999 0.8300477687500001 0.705271684375 0.8290767421874999 0.68192854375 0.8099992171875 0.6817684374999999
5 0.8099295218749999 0.6821314484375 0.7916844171874999 0.6816671765625 0.7923085359375001 0.7053393203125 0.8102067343750001 0.7052040500000001 0.8099295218749999 0.6821314484375
5 0.791476115625 0.6826052734375 0.7731620984375 0.6822762703125 0.772468284375 0.7051360343749999 0.7918927171875 0.7054745890625 0.791476115625 0.6826052734375
5 0.772537196875 0.6821314484375 0.754638996875 0.6817684374999999 0.7545003921875 0.7054069546874999 0.772259984375 0.7050007640625 0.772537196875 0.6821314484375
5 0.7538065781250001 0.68240236875 0.735284259375 0.6820733671875 0.7354925609375 0.7052040500000001 0.7542231796875 0.705271684375 0.7538065781250001 0.68240236875
5 0.734660140625 0.6825376390625 0.7153046203125 0.6821746281250001 0.7170391546875 0.7053393203125 0.7349373531250001 0.70567749375 0.734660140625 0.6825376390625
0 0.4636859828125 0.19227932812499998 0.4348809703125 0.19206152031249998 0.434411903125 0.215797478125 0.4636859828125 0.215797478125 0.4636859828125 0.19227932812499998