0 0.585991384375 0.2785335765625 0.5552660703125001 0.2780406578125 0.555487078125 0.346756509375 0.5843701125 0.3459447234375 0.585991384375 0.2785335765625
7 0.1998959578125 0.658554590625 0.11873856875 0.6599799 0.11983432812499999 0.7212603921875 0.1996381703125 0.720194609375 0.1998959578125 0.658554590625
7 0.2430854875 0.76567016875 0.281117959375 0.7642489718750001 0.2813757453125 0.6578437640625 0.20015374375 0.6586468703125 0.20118522187500001 0.7212603921875 0.2424406890625 0.7217935125 0.2430854875 0.76567016875
7 0.3628021875 0.6559885796875 0.28228495625 0.6571032437500001 0.28264976875 0.7195555046875 0.36338601718749997 0.7189520328125 0.3628021875 0.6559885796875
7 0.44477932343750004 0.6551836453125001 0.3630941015625 0.6552914578125 0.3641888671875 0.719957971875 0.4450712390625 0.7183485609375 0.44477932343750004 0.6551836453125001
7 0.5273402921875 0.6545801734375 0.44521736250000005 0.6552914578125 0.4460202125 0.71814755625 0.5276325374999999 0.7185495656249999 0.5273402921875 0.6545801734375
7 0.6097557984375 0.653775696875 0.5279973499999999 0.6540836 0.5278515578125 0.71794609375 0.6097557984375 0.7171416171875 0.6097557984375 0.653775696875
7 0.69238999375 0.652367290625 0.609901590625 0.653480128125 0.6100477140625 0.7173426218750001 0.6918058312500001 0.7169406125 0.69238999375 0.652367290625
7 0.774075215625 0.6509538609375001 0.6915868125 0.6516683421875 0.6920248515625 0.7157277296875 0.7742210078125 0.7157277296875 0.774075215625 0.6509538609375001
7 0.8556143140625 0.64934445 0.77436713125 0.6510644125 0.7747319421875 0.7145207859375 0.8559062296875 0.713515303125 0.8556143140625 0.64934445
7 0.937445328125 0.648740978125 0.8556143140625 0.649253084375 0.855687209375 0.712509365625 0.9371534125000001 0.7127103703125 0.937445328125 0.648740978125
0 0.555509940625 0.278061671875 0.525142146875 0.2790228421875 0.525511265625 0.3462850609375 0.5545424125 0.34672955625 0.555509940625 0.278061671875
0 0.524555334375 0.2789419828125 0.4950632875 0.27962539999999997 0.49649502968750003 0.3465363171875 0.5251279 0.3467994515625 0.524555334375 0.2789419828125
0 0.4946815765625 0.27855185 0.46557123906250003 0.2788359984375 0.46681212656250004 0.34640931875000003 0.49582670625 0.34693558750000003 0.4946815765625 0.27855185
0 0.4352203453125 0.27962539999999997 0.43617495 0.34772453125 0.46633499062499995 0.3485134765625 0.4651895296875 0.27855185 0.4352203453125 0.27962539999999997
0 0.40429688593749996 0.2815993609375 0.40534691875 0.3482503421875 0.43627037812499997 0.3485134765625 0.4343614984375 0.2793412515625 0.40429688593749996 0.2815993609375
0 0.373945990625 0.2819940609375 0.3745185546875 0.34903974375 0.40429688593749996 0.3487766109375 0.403533465625 0.27986706250000004 0.373945990625 0.2819940609375
0 0.3435950953125 0.2815993609375 0.3445497015625 0.34903974375 0.3733734265625 0.3487766109375 0.37318257187500004 0.2806560078125 0.3435950953125 0.2815993609375
0 0.31362591093750003 0.28170808593749996 0.2840387671875 0.2823887625 0.28652021250000004 0.347987665625 0.3159165015625 0.3487766109375 0.31362591093750003 0.28170808593749996
0 0.343404240625 0.28118227500000004 0.3141030484375 0.2815993609375 0.3159165015625 0.3487766109375 0.343404240625 0.34903974375 0.343404240625 0.28118227500000004
0 0.08828495625 0.2819721328125 0.054116301562500004 0.2819940609375 0.0535437375 0.349829603125 0.0898117953125 0.349829603125 0.08828495625 0.2819721328125
0 0.1273624921875 0.28266559999999996 0.0908757453125 0.28249291875 0.0918290265625 0.349445865625 0.1279068921875 0.34832069374999997 0.1273624921875 0.28266559999999996
0 0.1660271703125 0.34832069374999997 0.1662995359375 0.2821027859375 0.13008515625 0.28305573281249996 0.1302213390625 0.285666971875 0.1299489734375 0.3481329375 0.1660271703125 0.34832069374999997
0 0.20441981406249998 0.2817272734375 0.16806925156250002 0.281648240625 0.16834161718750001 0.3481329375 0.2049642140625 0.347382365625 0.20441981406249998 0.2817272734375
0 0.243424784375 0.281164915625 0.20687044375000002 0.28136637656249996 0.2069383703125 0.3475701234375 0.2435609671875 0.3466322515625 0.243424784375 0.281164915625
0 0.2836554015625 0.28247784375 0.246488071875 0.28136637656249996 0.24730483749999999 0.34963362343750004 0.28351921875 0.3490708078125 0.2836554015625 0.28247784375