7 0.691528409375 0.5867083328125 0.69083806875 0.6060350375 0.6975024859375 0.6065208328125 0.6972482249999999 0.616026515625 0.7078004265625 0.6164209281249999 0.7080962359375 0.5868399625 0.691528409375 0.5867083328125
7 0.7084907671875 0.60656060625 0.7260593046875 0.6079019890625 0.7271296171875 0.5894692234375001 0.7083920453125 0.587366003125 0.7084907671875 0.60656060625
7 0.726537996875 0.6073494312500001 0.7378966625000001 0.6086912875 0.738569246875 0.591046875 0.7268338062499999 0.5896008515625 0.726537996875 0.6073494312500001
7 0.7477411218750001 0.6090587125 0.7621626421875 0.6094801140625 0.7644076703125 0.5920989578125 0.7490230828125 0.591178503125 0.7477411218750001 0.6090587125
7 0.7876125703125 0.6120449812500001 0.7882734375 0.5927561546875 0.7767347296875 0.5923617421875 0.778904475 0.6114251890625 0.7876125703125 0.6120449812500001
7 0.7877801843750001 0.6118196015625 0.8058121453125 0.6130312499999999 0.8073068187500001 0.5959114578125 0.7883718046875 0.5944654359375 0.7877801843750001 0.6118196015625
7 0.70523615 0.6381136359374999 0.6898515625 0.6370620265625 0.6889641328125 0.6557310609375 0.6955788359375 0.6556448859375 0.69527556875 0.6670374046875 0.705137784375 0.667169034375 0.70523615 0.6381136359374999
7 0.7257634937499999 0.6637339015625 0.7256502125 0.6396912875 0.7059264921875 0.63758806875 0.70563068125 0.661515625 0.7257634937499999 0.6637339015625
7 0.72584765625 0.6402173296875 0.725354403125 0.6629621218749999 0.7334577421875 0.6635364578125 0.7342301140624999 0.65520501875 0.7348217328125 0.6408745265625 0.72584765625 0.6402173296875
7 0.745768465625 0.6403489578125 0.7438948859375001 0.6596751890625 0.7648259937499999 0.6605771781249999 0.765196378125 0.661252840625 0.76588671875 0.6416633515625 0.745768465625 0.6403489578125
7 0.7747624296875 0.6611212125 0.7836175421875 0.661563446875 0.7847230109375001 0.6442930875 0.7745653406249999 0.6433726328125 0.7747624296875 0.6611212125
0 0.7244318187500001 0.4415904359375 0.7231839484375 0.47431202656250004 0.73235546875 0.47562689375 0.7341303265625 0.44249621250000004 0.7244318187500001 0.4415904359375
0 0.7339332390625 0.47549526562500005 0.7436672578125 0.47591808750000003 0.744682528125 0.44420501874999996 0.7352151984375 0.44367945000000003 0.7339332390625 0.47549526562500005
0 0.7435980109375 0.475889678125 0.7529889921875 0.47650994375 0.753854403125 0.44512547343750003 0.7445841625 0.4444682765625 0.7435980109375 0.475889678125
0 0.7531640625 0.476284090625 0.7618668328125 0.47690435625000005 0.7636175421875 0.44551988593749997 0.753854403125 0.44459943125 0.7531640625 0.476284090625
0 0.7636175421875 0.4769417609375 0.7728160515625 0.4774962125 0.773873934375 0.44657149687500003 0.764504971875 0.446440340625 0.7636175421875 0.4769417609375
0 0.78422869375 0.45722064375000004 0.7840316046875 0.45498579531249994 0.7845248578125 0.44709753750000003 0.7751558953125001 0.44657149687500003 0.7737752125 0.47733617500000003 0.7833213781249999 0.4778910984375 0.7828480109375 0.472077178125 0.7834399859375 0.4708939390625 0.78422869375 0.45722064375000004
0 0.794189275 0.45722064375000004 0.793696378125 0.45472301093749995 0.794287996875 0.4476235796875 0.7847219453125 0.44749195 0.7847219453125 0.454065340625 0.7851164765624999 0.45603740468750004 0.7844261359375 0.469973484375 0.7835383515625 0.47181439375 0.7836370734375 0.478387784375 0.7929392749999999 0.47867992499999995 0.792907315625 0.47273437500000004 0.793696378125 0.4697107 0.794189275 0.45722064375000004
0 0.8037553265625 0.4581410984375 0.8032624296875 0.45472301093749995 0.8039527703125 0.44880681874999995 0.7944850859375 0.4481491484375 0.79438671875 0.4545913828125 0.7948796171875 0.45748390156249996 0.794287996875 0.47049952656249994 0.793696378125 0.4731287875 0.793696378125 0.47865056875 0.8027048999999999 0.47907481093750004 0.8026704546874999 0.4733920453125 0.8031637078125 0.4711567234375 0.8037553265625 0.4581410984375
0 0.812926846875 0.472077178125 0.81381463125 0.45892992499999996 0.81322265625 0.45511742499999996 0.8136171875 0.44867518906250003 0.8036566046875 0.4481491484375 0.8036566046875 0.4539341859375 0.80464275625 0.45748390156249996 0.8036566046875 0.47181439375 0.8027691765625 0.474575284375 0.8028678984375001 0.47904498125000006 0.8124705249999999 0.47986363593750003 0.8124339484374999 0.47681013281249995 0.8113490765625 0.4735232 0.812926846875 0.472077178125
0 0.8234790484375001 0.45998153437499995 0.8230845171875 0.45682623125 0.8236764921875 0.449464015625 0.814702059375 0.4490696015625 0.8143075281250001 0.4555118375 0.814702059375 0.4580094703125 0.8150965906250001 0.4711567234375 0.8136171875 0.47155113593750003 0.81401171875 0.47523248125000006 0.81322265625 0.47759895781250006 0.8131242890625 0.48035984843749996 0.8225319609374999 0.4804554921875 0.82180255625 0.474575284375 0.8226903406250001 0.47299763281249996 0.8234790484375001 0.45998153437499995
0 0.8332425421874999 0.45827272656250007 0.8334396312499999 0.45012121250000003 0.8243668328125 0.4497268 0.8239723015625 0.45511742499999996 0.8245639203125 0.459061553125 0.8240706671875 0.47181439375 0.8233803265624999 0.47483806875 0.8232819609375 0.4802282203125 0.832889559375 0.4804554921875 0.8324534796874999 0.47431202656250004 0.83363671875 0.4731287875 0.8332425421874999 0.45827272656250007
0 0.8049389203124999 0.511124053125 0.8048401984375 0.5084947921875 0.8048401984375 0.501000946875 0.7956686796875 0.5003432765625 0.7958657671875 0.5088892046875 0.7960632109375 0.5107296406249999 0.7954712359375 0.5233508515625 0.79458380625 0.526375 0.79458380625 0.5309763249999999 0.8041843046875 0.5319469703124999 0.8040511359375 0.5251917609375 0.8048401984375 0.524139678125 0.8049389203124999 0.511124053125
0 0.7952741484375 0.5234824812500001 0.7956686796875 0.5102035984375 0.7954712359375 0.507311553125 0.7955699578125001 0.500212121875 0.786299715625 0.49968607968749995 0.785905184375 0.5057339015625 0.786497159375 0.509020359375 0.78620135 0.5215104171875 0.78600390625 0.5234824812500001 0.7855408374999999 0.5303688453125 0.79458380625 0.5307135421875 0.79438671875 0.5259805875 0.7952741484375 0.5234824812500001
0 0.774268465625 0.49863447031249997 0.7650969453124999 0.49824005624999995 0.7633462359375 0.5289876890625 0.772295809375 0.530319128125 0.7743668328125 0.508757575 0.773873934375 0.5061283140625 0.774268465625 0.49863447031249997
0 0.78501775625 0.5096780296875 0.78501775625 0.5063910984375 0.7852148437500001 0.4998177078125 0.7755504265625001 0.4992916671875 0.7751558953125001 0.5067855109375 0.7760433234375 0.5083631625 0.7759449578125001 0.5201955500000001 0.7748600859375 0.5217731999999999 0.774564275 0.529398675 0.7832425421875 0.5311079546874999 0.7840316046875 0.5283470640625 0.7834399859375 0.5259805875 0.78422869375 0.5224308718749999 0.78501775625 0.5096780296875
0 0.7625326703125 0.511124053125 0.7627297578125 0.498765625 0.76134943125 0.49692518906250005 0.7539527703125 0.49613636406249995 0.7523970171875 0.5289876890625 0.7615465203125 0.5297930875 0.7618423296875 0.524534090625 0.7625326703125 0.5220364578125001 0.7625326703125 0.511124053125
0 0.75138885 0.5211160031250001 0.75138885 0.49705681874999996 0.7424144171875 0.49705681874999996 0.7424144171875 0.5057339015625 0.7418916906249999 0.5287907203125 0.750895596875 0.5283470640625 0.750895596875 0.5233508515625 0.75138885 0.5211160031250001
0 0.7319609375 0.495084753125 0.73077734375 0.4975823859375 0.7302024140625 0.5280014203125 0.73935724375 0.5284782203125 0.7405408375 0.495610321875 0.7319609375 0.495084753125
0 0.716872159375 0.49482149687500004 0.7084517046875 0.49525189375 0.7075035515625 0.520984375 0.7067144890625 0.5267694125 0.7143082390625 0.5265061546875 0.716872159375 0.49482149687500004
0 0.7227894171875 0.5188811546875 0.7221974437500001 0.527426609375 0.7283121453125 0.5282154359375 0.7292982953125 0.49600473437500003 0.7267993609375 0.49584374999999997 0.72574786875 0.5028413828125 0.725057528125 0.51388494375 0.7227894171875 0.5188811546875
0 0.6974442468750001 0.5220364578125001 0.6987262078125 0.523745265625 0.7050486499999999 0.5252395828124999 0.7064186796875 0.493901515625 0.6971484375 0.493901515625 0.69655681875 0.513622159375 0.6974442468750001 0.5220364578125001
1 0.7518050421875 0.1965620265625 0.7614627125 0.1970454546875 0.7623501421875 0.166149621875 0.75248828125 0.1657552078125 0.7518050421875 0.1965620265625
1 0.8334541906249999 0.17785037812499999 0.8334541906249999 0.174695075 0.8334541906249999 0.169304925 0.8235923296875001 0.1687788828125 0.82388849375 0.17614157187499999 0.8232965203125 0.1919180875 0.8230007109375 0.1991491484375 0.832889559375 0.1993238640625 0.8328625703125001 0.19362689375 0.833848721875 0.1924436546875 0.8334541906249999 0.17785037812499999
5 0.7623107250000001 0.1974957390625 0.7673156953125 0.1975648671875 0.7678678984375 0.16664251875 0.7627397015625 0.16664251875 0.7623107250000001 0.1974957390625
5 0.76739453125 0.1978802078125 0.7723721593749999 0.1979692234375 0.77299609375 0.16748390156249998 0.7680255687499999 0.1676946015625 0.76739453125 0.1978802078125
5 0.7725227265625 0.197985321875 0.7776988640625 0.19812689375 0.778203125 0.1679048296875 0.7730749296874999 0.1676946015625 0.7725227265625 0.197985321875
5 0.7774932531250001 0.19777509531249998 0.7819602265625 0.19812689375 0.7832524859375 0.167799715625 0.7784399859375 0.1676946015625 0.7774932531250001 0.19777509531249998
5 0.78199005625 0.19840625 0.78680255625 0.1985113640625 0.7876704546875 0.168535984375 0.7834889921875 0.16811505625 0.78199005625 0.19840625
5 0.78680255625 0.1986164765625 0.7922585234375 0.198600378125 0.793114346875 0.168535984375 0.7875916187499999 0.168325284375 0.78680255625 0.1986164765625
5 0.7922464484375 0.198721590625 0.7972301140625 0.1990738640625 0.7981637078125 0.1687462125 0.7929566765625 0.1686410984375 0.7922464484375 0.198721590625
5 0.796901278125 0.1990374046875 0.8022017046875 0.199389678125 0.803291903125 0.16906155312499999 0.797926846875 0.1686410984375 0.796901278125 0.1990374046875
5 0.8023451703125 0.1990374046875 0.8072915484375001 0.199389678125 0.808104403125 0.1689564390625 0.8030550421875 0.1689564390625 0.8023451703125 0.1990374046875
5 0.807315340625 0.1992476328125 0.8120266328125 0.1995473484375 0.813311434375 0.169167140625 0.80802556875 0.168851325 0.807315340625 0.1992476328125
5 0.8119701703125 0.1996680875 0.8167613640625 0.1995473484375 0.8180451 0.16906155312499999 0.8126803984375 0.168851325 0.8119701703125 0.1996680875
5 0.8231732953125 0.1774758515625 0.8236466625000001 0.1757930875 0.8234889921875 0.16906155312499999 0.8180451 0.168430871875 0.8180451 0.175477746875 0.8177297578125 0.19220075781249998 0.8170983671875 0.194514678125 0.816783025 0.199457859375 0.821969815625 0.1995473484375 0.8221477265624999 0.19335748125000002 0.8229367890624999 0.19230587187499998 0.8231732953125 0.1774758515625
5 0.8410980109375 0.2014649625 0.8411768468749999 0.1941022734375 0.8422816046875001 0.1921041671875 0.8429914765625 0.17622206406250002 0.842754971875 0.1746444125 0.84267578125 0.16833380625 0.8373579546875 0.1686131625 0.8370745734374999 0.1921041671875 0.836364346875 0.19483854218750002 0.8355752843750001 0.20157007500000002 0.8410980109375 0.2014649625
5 0.8482773437500001 0.1759067234375 0.8474886359375 0.17401373125 0.84764630625 0.16854450781250002 0.8425181109375 0.16854450781250002 0.8425969453125 0.1732774625 0.8429126421875001 0.17611695 0.8422816046875001 0.1928404359375 0.841571378125 0.19504876875 0.8416502124999999 0.2014649625 0.845998934375 0.20191477343750003 0.84646306875 0.19294555 0.8483565343749999 0.18863305 0.8482773437500001 0.1759067234375
5 0.8529321734374999 0.1772741484375 0.8527745031249999 0.17401373125 0.8527745031249999 0.16854450781250002 0.8477251421875 0.16854450781250002 0.8477251421875 0.173592803125 0.847962003125 0.17632765156250002 0.84764630625 0.191262784375 0.8463050421875 0.19483854218750002 0.8462262078125 0.2014649625 0.8509705249999999 0.20191477343750003 0.8514332390625 0.1952594703125 0.8526168328124999 0.191999053125 0.8529321734374999 0.1772741484375
5 0.857587003125 0.189895359375 0.8578238640625001 0.169070075 0.8524588062499999 0.16854450781250002 0.8523011359374999 0.17401373125 0.8530113640625 0.17622206406250002 0.8526956671875 0.19231439374999998 0.8515912640625001 0.19515435625 0.8514332390625 0.2016751890625 0.8561789765625001 0.20159943125000002 0.8564037640625 0.194733428125 0.856955965625 0.19231439374999998 0.857587003125 0.189895359375
5 0.8656342328125 0.19231439374999998 0.86508203125 0.19389204531249998 0.8649243609375 0.20157007500000002 0.8707624296875001 0.20157007500000002 0.8709204546875 0.1944180875 0.8709204546875 0.191999053125 0.8717883515624999 0.1903158140625 0.87210369375 0.1769583328125 0.8715514921875 0.17538068125 0.8715514921875 0.169491003125 0.8663590203125 0.16924431874999998 0.8659499296875 0.176537878125 0.8661076 0.17864157187500002 0.8656342328125 0.19231439374999998
5 0.8773899140625 0.1769583328125 0.8765220171875001 0.1751704546875 0.8766008515625 0.1691756625 0.8713149859374999 0.169070075 0.8713938203125 0.17538068125 0.8722617187499999 0.177169034375 0.8716303265625 0.191999053125 0.8706835937499999 0.1941022734375 0.8707624296875001 0.2014649625 0.8754964484375 0.2014649625 0.8754964484375 0.195679925 0.8768373578125 0.1935767046875 0.8773899140625 0.1769583328125
5 0.8815713781250001 0.175065340625 0.8818078828125 0.169070075 0.87644318125 0.16896496249999998 0.87644318125 0.17475000000000002 0.8772318890624999 0.1769583328125 0.8769165484375 0.1930506625 0.87565411875 0.195469696875 0.8755752843750001 0.2016751890625 0.8800720875 0.2016751890625 0.8800720875 0.1959957390625 0.8814133515625 0.1928404359375 0.8821235796875 0.176537878125 0.8815713781250001 0.175065340625
5 0.886778409375 0.1746444125 0.8869360796875 0.1691756625 0.8817290484375 0.169070075 0.8818078828125 0.1748551140625 0.8823600859375 0.1773792609375 0.8818078828125 0.192524621875 0.8804666187500001 0.19504876875 0.880387784375 0.20083380625 0.8855351562499999 0.20049431874999998 0.8855159796875001 0.195469696875 0.886778409375 0.19326089062500001 0.8873306109374999 0.177169034375 0.886778409375 0.1746444125
5 0.8936420453125 0.169385890625 0.8884350140624999 0.169491003125 0.8883561796875 0.175801609375 0.8889083812499999 0.1781155296875 0.8887507109375001 0.191999053125 0.8878828125 0.1946283140625 0.887503721875 0.200186484375 0.8925376421875001 0.200307765625 0.8926953125000001 0.19610085156249998 0.8944311078125 0.1935767046875 0.8948256390625 0.1775894890625 0.8933267046875001 0.1759067234375 0.8936420453125 0.169385890625
5 0.8989282671875 0.1773792609375 0.8986125703125 0.17527556875 0.8986125703125 0.1699114578125 0.8938000703125001 0.16970123125 0.8937208812499999 0.17496022656250002 0.8947468046875 0.177484375 0.8940365765625 0.192735321875 0.8926164765625 0.1959957390625 0.8922219453125001 0.2002026515625 0.8973721593749999 0.2006524625 0.897192471875 0.1945232 0.8983757109375 0.1928404359375 0.8989282671875 0.1773792609375
5 0.8995593046874999 0.16970123125 0.8992436078124999 0.17622206406250002 0.8997169749999999 0.1772741484375 0.8994016328125 0.19220927968749998 0.8982180390625001 0.1952594703125 0.8978235078125 0.201780303125 0.9049316015625 0.20191015 0.9051608671875 0.1963110796875 0.9065021312500001 0.19336600312500002 0.9071331671875 0.179167140625 0.9069754968750001 0.1766429921875 0.9070543328125 0.1702272734375 0.8995593046874999 0.16970123125
6 0.7023938203125 0.304051609375 0.7024272015624999 0.2930326703125 0.699364346875 0.2932182765625 0.6989467328125001 0.30407623125 0.7023938203125 0.304051609375
6 0.7034019890625001 0.303890625 0.7070937500000001 0.3039124046875 0.706952059375 0.2932182765625 0.703471590625 0.2930326703125 0.7034019890625001 0.303890625
6 0.7077876421875 0.304354640625 0.7110628546875 0.3044692234375 0.71112890625 0.2934966859375 0.7077876421875 0.2934966859375 0.7077876421875 0.304354640625
6 0.7118252843749999 0.304354640625 0.7155539765625 0.3044692234375 0.7155841625 0.2933110796875 0.7119644890625 0.2932182765625 0.7118252843749999 0.304354640625
6 0.7162109375 0.304354640625 0.7192095171874999 0.30433001875 0.7193433953125 0.2934966859375 0.7161413359375 0.29340388281249996 0.7162109375 0.304354640625
6 0.7192737921875 0.30444744375 0.7233874296875 0.3044692234375 0.723102628125 0.2936822921875 0.7193433953125 0.2937750953125 0.7192737921875 0.30444744375
6 0.7272791187500001 0.29414630625 0.7274605828125 0.3047476328125 0.7308991484375 0.3049114578125 0.7307599437500001 0.294053503125 0.7272791187500001 0.29414630625
6 0.7315951703125 0.3053754734375 0.7350852265625 0.305304925 0.735145596875 0.29461032187499997 0.73152556875 0.29461032187499997 0.7315951703125 0.3053754734375
6 0.7357720171875 0.3054682765625 0.7391587359375 0.305304925 0.7391832390624999 0.294795928125 0.7359808234375 0.294795928125 0.7357720171875 0.3054682765625
6 0.7399488640625 0.3057466859375 0.7434406953125 0.3058617421875 0.7434992890625 0.29525994375 0.74008806875 0.295352746875 0.7399488640625 0.3057466859375
6 0.7443345171875 0.3059322921875 0.7478274140625001 0.3058617421875 0.7477457390625 0.29553835156249997 0.7442649140625 0.29553835156249997 0.7443345171875 0.3059322921875
6 0.7559744312500001 0.3062798296875 0.7561686796875 0.2957239578125 0.7528970171875 0.2956311546875 0.75296661875 0.3062107 0.7559744312500001 0.3062798296875
6 0.74941619375 0.2958167609375 0.7494985796875 0.306140625 0.75296661875 0.3060250953125 0.7528274140625 0.2957239578125 0.74941619375 0.2958167609375
6 0.757143465625 0.306303503125 0.7607787640625 0.3062798296875 0.7606935375 0.2958167609375 0.7573522734375 0.2958167609375 0.757143465625 0.306303503125
6 0.764313565625 0.307045928125 0.7674630687499999 0.30711505625 0.7673764203125 0.2964663828125 0.764313565625 0.2964663828125 0.764313565625 0.307045928125
6 0.7677943890625001 0.30676751874999997 0.7716409796875 0.30669744374999997 0.7714140625 0.29655918593749997 0.7677943890625001 0.2964663828125 0.7677943890625001 0.30676751874999997
6 0.7728064625 0.307602746875 0.7764456671875 0.30753314375 0.776356534375 0.2968375953125 0.7730152703125001 0.2968375953125 0.7728064625 0.307602746875
6 0.7771225140625 0.3078811546875 0.7808323859375 0.30781155312499997 0.7808813921875 0.2968375953125 0.7773313203125001 0.2968375953125 0.7771225140625 0.3078811546875
6 0.7808117890624999 0.3077883515625 0.7846967328125001 0.3080899625 0.784919034375 0.297301609375 0.781020596875 0.297116003125 0.7808117890624999 0.3077883515625
6 0.7854758515625 0.30806676093749996 0.7889790484375 0.3080899625 0.78874786875 0.2973944125 0.7853366484375 0.297487215625 0.7854758515625 0.30806676093749996
6 0.7929477984375 0.30850805000000003 0.79299431875 0.297765625 0.7896526984375 0.29758001875 0.7894438921875 0.3086235796875 0.7929477984375 0.30850805000000003
6 0.7967077421875 0.3089256625 0.7968227984375 0.29813683750000003 0.7932727265625 0.29813683750000003 0.79299431875 0.3086235796875 0.7967077421875 0.3089256625
6 0.8006029828125 0.298082859375 0.800258878125 0.3090648671875 0.8043618609375001 0.3088480109375 0.8042922578124999 0.298082859375 0.8006029828125 0.298082859375
6 0.8054758515625 0.30912642031250004 0.8089279125 0.309204071875 0.8091654828125 0.298268465625 0.8055454546874999 0.298454071875 0.8054758515625 0.30912642031250004
6 0.813419034375 0.3093432765625 0.8135511359375001 0.29836126875 0.8102095171875 0.29799005625 0.8102095171875 0.3094048296875 0.813419034375 0.3093432765625
6 0.8168657671874999 0.30962215937500004 0.8170316046874999 0.298454071875 0.8134115765625 0.298546875 0.8134811796875001 0.3093120265625 0.8168657671874999 0.30962215937500004
6 0.82113885 0.3096832390625 0.8214172578125 0.29836126875 0.81807599375 0.298454071875 0.8177972296875 0.3096832390625 0.82113885 0.3096832390625
6 0.8220436796874999 0.3093120265625 0.8256392046875 0.3093432765625 0.8257333093750001 0.29873248124999996 0.8223220875000001 0.29873248124999996 0.8220436796874999 0.3093120265625
6 0.8269165484375 0.3095904359375 0.8306526984374999 0.3093432765625 0.8306757812500001 0.298454071875 0.8269165484375 0.298454071875 0.8269165484375 0.3095904359375
6 0.8346214484375001 0.30962215937500004 0.8346438203125001 0.29836126875 0.8309541906250001 0.298546875 0.831162996875 0.3094976328125 0.8346214484375001 0.30962215937500004
6 0.8381242890625 0.299010890625 0.83765056875 0.30962215937500004 0.8412571015625 0.3098688453125 0.8413963062500001 0.299010890625 0.8381242890625 0.299010890625
6 0.8460060374999999 0.30990056875 0.8461995734375 0.29891808750000004 0.8430671171874999 0.29910369375 0.8425795453125 0.310147253125 0.8460060374999999 0.30990056875
6 0.8511239343750001 0.3104573859375 0.8513508515625 0.2995677078125 0.8480095875 0.2994749046875 0.8473135656249999 0.310518465625 0.8511239343750001 0.3104573859375
6 0.8546750703124999 0.31073626875000004 0.8547620734375 0.2992893 0.85149005625 0.2992893 0.8511420453125 0.310796875 0.8546750703124999 0.31073626875000004
6 0.858852628125 0.31073626875000004 0.8589389203125 0.2996605109375 0.8556669031249999 0.2997533140625 0.8551796875000001 0.311075284375 0.858852628125 0.31073626875000004
6 0.85963494375 0.31061126875 0.8631349437500001 0.31073626875000004 0.8633245734375 0.2994749046875 0.85963494375 0.299196496875 0.85963494375 0.31061126875
6 0.8640901984375 0.31116808749999997 0.8676406249999999 0.31135369375 0.8677798296875 0.3004029359375 0.8645774140625001 0.3004957390625 0.8640901984375 0.31116808749999997
6 0.86861505625 0.3000317234375 0.8684616484375001 0.3112930875 0.8718171171875 0.31116808749999997 0.8720958812499999 0.3000317234375 0.86861505625 0.3000317234375
6 0.8791150562500001 0.3117107 0.8792659796875 0.3003101328125 0.8760635656250001 0.3000317234375 0.8758547578125 0.311260890625 0.8791150562500001 0.3117107
6 0.883188565625 0.3111538828125 0.8831640625 0.3007741484375 0.8796835937499999 0.3005885421875 0.8797531953125001 0.311075284375 0.883188565625 0.3111538828125
6 0.887575284375 0.3007092796875 0.8839996453125 0.3006813453125 0.8838604406250001 0.3115393 0.8874105109375 0.3115393 0.887575284375 0.3007092796875
6 0.8922837359375 0.3007741484375 0.888733309375 0.30086694999999997 0.888524503125 0.3119105109375 0.8922141328125001 0.3117249046875 0.8922837359375 0.3007741484375
6 0.8928405546875 0.3115393 0.896557528125 0.31157149687499996 0.89680859375 0.3006813453125 0.8931189625 0.3006813453125 0.8928405546875 0.3115393
6 0.8972262078125001 0.3117249046875 0.9009442468750001 0.31157149687499996 0.9013334515625001 0.3007741484375 0.8977134234375 0.3007741484375 0.8972262078125001 0.3117249046875
6 0.90223828125 0.3117249046875 0.9058529828124999 0.3117107 0.9056491484375 0.30114535937500003 0.9024470875 0.3007741484375 0.90223828125 0.3117249046875
6 0.9064847296874999 0.31209611718749997 0.9101352984375 0.3121287875 0.9106615765624999 0.301330965625 0.9072503546874999 0.30114535937500003 0.9064847296874999 0.31209611718749997
6 0.6997826703125 0.40334422343750004 0.6996352984375 0.3925951703125 0.697059659375 0.3924095640625 0.6971292609375 0.4026178984375 0.6997826703125 0.40334422343750004
6 0.7028117890625001 0.40320501875000003 0.7029069609375 0.3932447921875 0.6998441046874999 0.3926879734375 0.6999137078125 0.403360321875 0.7028117890625001 0.40320501875000003
6 0.7026285515625 0.40326751875 0.7065717328125001 0.40348342812500004 0.7066661937500001 0.3930591859375 0.7029069609375 0.39296638281249996 0.7026285515625 0.40326751875
6 0.7081281953125 0.40391714062500006 0.711794034375 0.404040246875 0.7116782671874999 0.3938944125 0.708545809375 0.393616003125 0.7081281953125 0.40391714062500006
6 0.7116086640625 0.40400994375000004 0.7153451703125 0.404040246875 0.7154375 0.39408001875 0.7121658375 0.393801609375 0.7116086640625 0.40400994375000004
6 0.7168299 0.4047523671875 0.72025390625 0.4047367421875 0.720379971875 0.394358428125 0.7170387078125 0.39445123125000003 0.7168299 0.4047523671875
6 0.7202407671875 0.4047523671875 0.7241186078124999 0.404875946875 0.7240696015625 0.394265625 0.72031036875 0.394265625 0.7202407671875 0.4047523671875
6 0.7265756390625 0.4052163828125 0.7306985078125 0.40515435625 0.7304740765625 0.3946368375 0.7269932531250001 0.3946368375 0.7265756390625 0.4052163828125
6 0.7311701 0.4056803984375 0.7350852265625 0.40543323906250006 0.7345813203125 0.394915246875 0.7312397015625 0.394915246875 0.7311701 0.4056803984375
6 0.7351381390625 0.40549479218749995 0.7394719453125 0.4057116484375 0.7391061796875 0.39510085156249997 0.735555753125 0.39510085156249997 0.7351381390625 0.40549479218749995
6 0.7393149859375 0.4056803984375 0.7423963062500001 0.4057116484375 0.742169034375 0.3959360796875 0.7391061796875 0.3957504734375 0.7393149859375 0.4056803984375
6 0.7439094453124999 0.40614441250000005 0.7473053984375 0.4061292609375 0.7473899140625 0.3954720640625 0.744118253125 0.3951936546875 0.7439094453124999 0.40614441250000005
6 0.747598721875 0.405866003125 0.7515877125 0.40557244375 0.75142755625 0.3954720640625 0.7476683234375 0.3954720640625 0.747598721875 0.405866003125
6 0.753376775 0.40623721562500004 0.7570188203125 0.406268465625 0.7566484375 0.3957504734375 0.7530287640625 0.3956576703125 0.753376775 0.40623721562500004
6 0.75706640625 0.406422821875 0.761196378125 0.40599005625 0.7606860796875 0.3962144890625 0.757344815625 0.3959360796875 0.75706640625 0.406422821875
6 0.7626352984375 0.40800047343749996 0.76610546875 0.40807907187500003 0.7658373578125001 0.3976993375 0.7625656953125 0.39760653437500004 0.7626352984375 0.40800047343749996
6 0.7667425421875 0.4081860796875 0.7705965906250001 0.40807907187500003 0.770362215625 0.397235321875 0.7670209515625 0.39742092812499996 0.7667425421875 0.4081860796875
6 0.7711281953125 0.40707244375 0.774774503125 0.40710416718750003 0.7748174718749999 0.39742092812499996 0.7714066046875 0.397328125 0.7711281953125 0.40707244375
6 0.775444246875 0.4078148671875 0.77905681875 0.407382575 0.778924715625 0.397049715625 0.7760706671875 0.39714251875 0.775444246875 0.4078148671875
6 0.77962109375 0.4073508515625 0.7830255687500001 0.407382575 0.78289275625 0.397235321875 0.7799691046875 0.397235321875 0.77962109375 0.4073508515625
6 0.7838671875000001 0.4075364578125 0.787516690625 0.40752177968750003 0.7876264203125001 0.3969569125 0.78428515625 0.396864109375 0.7838671875000001 0.4075364578125
6 0.7881832390625 0.40809327656249994 0.7919034093749999 0.40807907187500003 0.7917336640625 0.397328125 0.7886012078125 0.397235321875 0.7881832390625 0.40809327656249994
6 0.7932219453125 0.4086018 0.7967077421875 0.408635890625 0.796772371875 0.39727935625 0.7939879265625 0.39737215937500003 0.7932219453125 0.4086018
6 0.798512784375 0.40869460156250004 0.8023480109375001 0.4087750953125 0.802202059375 0.39765056875 0.799 0.3974649625 0.798512784375 0.40869460156250004
6 0.802689275 0.4088802078125 0.8068391328125 0.4087750953125 0.806657315625 0.3981145828125 0.8032464484374999 0.3981145828125 0.802689275 0.4088802078125
6 0.8067269171874999 0.4087874046875 0.8107034796875 0.40905397656250003 0.8109037640625001 0.39765056875 0.80777130625 0.397836175 0.8067269171874999 0.4087874046875
6 0.8111821734375001 0.4094370265625 0.8147769890625 0.4096107953125 0.8148022015624999 0.39830018906250003 0.8115997875 0.3984857953125 0.8111821734375001 0.4094370265625
6 0.8151502125000001 0.4094370265625 0.8192681109375 0.40947159062500005 0.8193966625 0.3989498109375 0.8158462359374999 0.3987642046875 0.8151502125000001 0.4094370265625
6 0.8194662640624999 0.4092514203125 0.8234460234375 0.40947159062500005 0.82350390625 0.39904261406249997 0.820092684375 0.3989498109375 0.8194662640624999 0.4092514203125
6 0.823991121875 0.41055066250000005 0.8277279828124999 0.4107249046875 0.8276107953125 0.39997064375 0.8247567468750001 0.399692234375 0.823991121875 0.41055066250000005
6 0.8283071734374999 0.41036505625 0.8320102984375 0.410446496875 0.8319964484375 0.399877840625 0.8288639921875 0.399692234375 0.8283071734374999 0.41036505625
6 0.8340152703125 0.41017944999999995 0.83806818125 0.41030729218750006 0.8382617187499999 0.3997850375 0.8348508515624999 0.399692234375 0.8340152703125 0.41017944999999995
6 0.8390276984374999 0.41101467812500003 0.84224609375 0.4110033140625 0.8427169749999999 0.40006344687500006 0.83923650625 0.399877840625 0.8390276984374999 0.41101467812500003
6 0.8432737921875001 0.410829071875 0.8469460234374999 0.410864109375 0.8468938203124999 0.40006344687500006 0.843622159375 0.399692234375 0.8432737921875001 0.410829071875
6 0.8479382109375001 0.41101467812500003 0.8514371453124999 0.410864109375 0.851766690625 0.40024905312500003 0.848286221875 0.40006344687500006 0.8479382109375001 0.41101467812500003
6 0.8516970875000001 0.411385890625 0.855108309375 0.4112930875 0.8551779125 0.4009914765625 0.851766690625 0.400898675 0.8516970875000001 0.411385890625
6 0.8569879265625 0.41147869375 0.8607329546875 0.41142140156250007 0.861094815625 0.40071306875 0.8572663359374999 0.40071306875 0.8569879265625 0.41147869375
6 0.8612340203125 0.411200284375 0.8645973015624999 0.4116998109375 0.864993253125 0.4011770828125 0.861721590625 0.4011770828125 0.8612340203125 0.411200284375
6 0.8647148437500001 0.41110748125 0.867916903125 0.41110748125 0.8680564625 0.40052746250000004 0.8650628546875 0.40071306875 0.8647148437500001 0.41110748125
6 0.8712585234375 0.411385890625 0.8748327421875001 0.41156060625 0.874948153125 0.4010842796875 0.8716065343749999 0.4010842796875 0.8712585234375 0.411385890625
6 0.874948153125 0.41147869375 0.878279475 0.41142140156250007 0.8785678265625 0.4014554921875 0.8752961640624999 0.4014554921875 0.874948153125 0.41147869375
6 0.8787766328125001 0.41147869375 0.8825617890625 0.41156060625 0.8826054687499999 0.4012698859375 0.8791246453125 0.4014554921875 0.8787766328125001 0.41147869375
6 0.8834406953125 0.411571496875 0.8868441046875001 0.4116998109375 0.8873391328125001 0.4010842796875 0.8839978687500001 0.4011770828125 0.8834406953125 0.411571496875
6 0.8881743609375 0.411385890625 0.8913071734375 0.4116643 0.8919335937499999 0.400620265625 0.888940340625 0.400620265625 0.8881743609375 0.411385890625
6 0.89269921875 0.4112930875 0.896139559375 0.41142140156250007 0.89659765625 0.4011770828125 0.8936044031250001 0.4009914765625 0.89269921875 0.4112930875
6 0.89659765625 0.411571496875 0.900526278125 0.41156060625 0.9007049 0.4009914765625 0.8974332390624999 0.4009914765625 0.89659765625 0.411571496875
6 0.90126171875 0.4112930875 0.905330965625 0.4112817234375 0.9052297578124999 0.4009914765625 0.9018884937499999 0.400805871875 0.90126171875 0.4112930875
11 0.7237975859375 0.2043314390625 0.7230252125 0.23203693125 0.734690340625 0.2316988640625 0.734944246875 0.2042026515625 0.7237975859375 0.2043314390625