6 0.29490625000000004 0.1649342453125 0.2912157125 0.17575130156250002 0.299847221875 0.1752376296875 0.3031354171875 0.16394173125 0.29490625000000004 0.1649342453125
6 0.31011024374999996 0.1749505203125 0.31190364531250003 0.164044596875 0.3031354171875 0.16394173125 0.300258246875 0.1748268234375 0.31011024374999996 0.1749505203125
6 0.3246979171875 0.1644720046875 0.3157400171875 0.164763346875 0.312588975 0.1759563796875 0.3220421 0.1759563796875 0.3246979171875 0.1644720046875
6 0.3339435765625 0.16416406249999999 0.32642665000000004 0.16466048125 0.323960503125 0.174724284375 0.3321809890625 0.17462141874999998 0.3339435765625 0.16416406249999999
6 0.3446276046875 0.16323925781249998 0.33670225625 0.163530925 0.3340989578125 0.1749296875 0.34286762187500003 0.174724284375 0.3446276046875 0.16323925781249998
6 0.3551063375 0.1633935546875 0.3464296875 0.1633255203125 0.3442374125 0.1743134765625 0.3545130203125 0.1738001296875 0.3551063375 0.1633935546875
6 0.3637356765625 0.1740260421875 0.3658845484375 0.16363378906249998 0.3582122390625 0.1631201171875 0.35574609375 0.1742109375 0.3637356765625 0.1740260421875
6 0.3746532125 0.1741080734375 0.3754752609375 0.163017578125 0.3682560765625 0.1633935546875 0.368213975 0.1634283859375 0.36437760468749997 0.1738001296875 0.3746532125 0.1741080734375
6 0.39054600625 0.162812175 0.3821888015625 0.16260677031249998 0.37881338593749997 0.1729283703125 0.388765190625 0.1738001296875 0.39054600625 0.162812175
6 0.397807725 0.1727731125 0.40027387187499996 0.163017578125 0.392464409375 0.16260677031249998 0.3897239578125 0.17328645781250002 0.397807725 0.1727731125
6 0.4091427953125 0.172947265625 0.41082335 0.16250423125 0.40191796875 0.16229882812500002 0.3993146703125 0.17308105468749999 0.4091427953125 0.172947265625
6 0.420237846875 0.1731015625 0.4215099828125 0.16250423125 0.4123302953125 0.1629150390625 0.41082335 0.1735947265625 0.420237846875 0.1731015625
6 0.4311271703125 0.1616982421875 0.422879775 0.16168261718750002 0.4213728296875 0.1727731125 0.4309635421875 0.1728759765625 0.4311271703125 0.1616982421875
6 0.442222221875 0.16200651093750001 0.43356640625000004 0.1618880203125 0.43233333281249997 0.1726705734375 0.440828125 0.17246516875 0.442222221875 0.16200651093750001
6 0.4531584203125 0.161990559375 0.444276909375 0.16154427031250002 0.442608940625 0.1723623046875 0.452336371875 0.17215690156250002 0.4531584203125 0.161990559375
6 0.462562934375 0.16092773437500002 0.4546657984375 0.160861003125 0.453432725 0.17215690156250002 0.4623381078125 0.1720543625 0.462562934375 0.16092773437500002
6 0.27167578125 0.24255110625 0.26036458281249997 0.24229036406249999 0.2573190109375 0.2542900390625 0.2674123265625 0.2541595046875 0.27167578125 0.24255110625
6 0.2689782984375 0.2542900390625 0.2784622390625 0.2541595046875 0.28220355937499997 0.24248600312500002 0.27263281250000004 0.24255110625 0.2689782984375 0.2542900390625
6 0.283769965625 0.242681640625 0.28044835 0.254080078125 0.29012152812499997 0.254028971875 0.2941236984375 0.24274674531249998 0.283769965625 0.242681640625
6 0.30550043437499996 0.2419453125 0.2950807296875 0.24229036406249999 0.29247048593749997 0.2537682296875 0.3016935765625 0.2539638671875 0.30550043437499996 0.2419453125
6 0.30445659687500004 0.2535908203125 0.3137877609375 0.25357259062500004 0.3175290796875 0.2415078125 0.3066532125 0.2417685546875 0.30445659687500004 0.2535908203125
6 0.3159392359375 0.25349283906250003 0.32475086875 0.25350748749999996 0.3292751734375 0.24170345000000001 0.3181384546875 0.2415078125 0.3159392359375 0.25349283906250003
6 0.327421440625 0.25300358125 0.337019096875 0.253181315625 0.3412825515625 0.24092089843750003 0.3308415796875 0.2411165359375 0.327421440625 0.25300358125
6 0.33981727500000003 0.25319921875 0.3485911453125 0.2529856765625 0.3520716140625 0.24157291718749999 0.342152778125 0.241377278125 0.33981727500000003 0.25319921875
6 0.357171440625 0.24116243437499998 0.355405815625 0.2524638671875 0.36454166718750003 0.2524638671875 0.36741319375 0.2411165359375 0.357171440625 0.24116243437499998
6 0.37974435781250004 0.240868815625 0.3686310765625 0.2411165359375 0.36715234375 0.25233333281250003 0.37611415 0.252528971875 0.37974435781250004 0.240868815625
6 0.3886171875 0.2518291015625 0.3913407125 0.24052962187500002 0.381421440625 0.24046451875 0.3791592875 0.25239876250000004 0.3886171875 0.2518291015625
6 0.39957769062500004 0.252416340625 0.40204253437500004 0.240333984375 0.3918624125 0.2402685546875 0.3902096359375 0.25233333281250003 0.39957769062500004 0.252416340625
6 0.40244834999999995 0.252025065625 0.41169184062499997 0.2519420578125 0.414476128125 0.24079036406249998 0.4041223953125 0.240333984375 0.40244834999999995 0.252025065625
6 0.42282552031250004 0.25174641875 0.4257838546875 0.2402685546875 0.41603862812500003 0.24020345 0.41429861093750003 0.25155078125 0.42282552031250004 0.25174641875
6 0.42717578125 0.23981217500000002 0.42619574687500006 0.251437825 0.43518055625 0.25122493437500004 0.43866102500000004 0.23968164062500003 0.42717578125 0.23981217500000002
6 0.43780859375 0.2510462234375 0.44692665 0.25115950468750003 0.45023307343749996 0.23974707031250003 0.43961805624999994 0.23987727812499998 0.43780859375 0.2510462234375
6 0.4554236109375 0.239303059375 0.45505034687499996 0.2506380203125 0.463925346875 0.25070312499999997 0.46610069374999996 0.23916015625 0.4554236109375 0.239303059375
6 0.46690624999999997 0.25065494843749997 0.475932725 0.250572590625 0.4774118921875 0.2392903640625 0.46688368125 0.2390947265625 0.46690624999999997 0.25065494843749997
6 0.47864930625 0.250556965625 0.48846180625 0.250572590625 0.48933203125 0.23902962187500001 0.47897786406250004 0.23916015625 0.47864930625 0.250556965625
6 0.4984826390625 0.250556965625 0.4996857640625 0.23896451875000002 0.4895060765625 0.23902962187500001 0.4892447921875 0.25070312499999997 0.4984826390625 0.250556965625
6 0.501875 0.2387158203125 0.5020724828125 0.25044238281250003 0.511034721875 0.2506380203125 0.51233984375 0.23902962187500001 0.501875 0.2387158203125
6 0.24311154531249998 0.28733235625 0.23876953125 0.298437825 0.248801215625 0.2983756515625 0.252117621875 0.288060221875 0.24311154531249998 0.28733235625
6 0.25454991250000003 0.28742578124999996 0.2504596359375 0.29781640625 0.26024262187499997 0.298064778125 0.2633103296875 0.28824641875 0.25454991250000003 0.28742578124999996
6 0.265988715625 0.2878919265625 0.2626471359375 0.2983756515625 0.2717669265625 0.2983134765625 0.2751662328125 0.28830859375 0.265988715625 0.2878919265625
6 0.27941666718749997 0.28733235625 0.27541493125 0.297505534375 0.285363715625 0.29756770781249997 0.2880169265625 0.2881842453125 0.27941666718749997 0.28733235625
6 0.291476996875 0.287052734375 0.28760243124999996 0.297381184375 0.2968880203125 0.297381184375 0.30070182343749996 0.2878115234375 0.291476996875 0.287052734375
1 0.20806640625 0.39676106718750004 0.26577907968750003 0.3981403 0.2639388015625 0.391244140625 0.26745182343749996 0.3844736328125 0.265109809375 0.3779537765625 0.2714665796875 0.3588955078125 0.21331814218749998 0.359049153125 0.2070625 0.37695084687499997 0.2092374125 0.383470703125 0.20589149375 0.392498046875 0.20806640625 0.39676106718750004
1 0.17895876718749998 0.4491337890625 0.17561328125 0.45728352812499995 0.17778776093749998 0.46455566406250004 0.239348090625 0.46280045625 0.23800998281250002 0.4575345046875 0.24202473906250002 0.4471276046875 0.23951562499999998 0.441736328125 0.246039496875 0.4233050125 0.248213975 0.42067187500000003 0.18923524375 0.4205735671875 0.1883268234375 0.42317968749999996 0.1836427953125 0.42317968749999996 0.17695138906250002 0.4426139328125 0.17895876718749998 0.4491337890625
1 0.67251171875 0.4453151046875 0.67342578125 0.4550419921875 0.6721462671875 0.460248046875 0.7388611109375 0.45983691406249994 0.7395924484374999 0.45449414062500004 0.73593663125 0.44504101562500004 0.7372161453125 0.439150065625 0.7335607640624999 0.4187373046875 0.7315499125 0.4169563796875 0.66808680625 0.4169830734375 0.6694045140625 0.4242174484375 0.6710494796875001 0.41928548125000004 0.67232899375 0.4380540359375 0.67251171875 0.4453151046875
0 0.1464904515625 0.522548503125 0.1420251734375 0.5342057296875 0.1509561625 0.554056965625 0.1831393234375 0.55244140625 0.1746701390625 0.5331669921875 0.17821180625 0.5211637375 0.17621006875 0.5140078124999999 0.1834474828125 0.4935791015625 0.1842170140625 0.49219433593749995 0.1892986109375 0.49265592500000005 0.1911467015625 0.4885009765625 0.1582595484375 0.48828710937500003 0.156807725 0.4924251296875 0.15126432343750001 0.4920787765625 0.14325694375 0.51527734375 0.1464904515625 0.522548503125
0 0.2102408859375 0.514123371875 0.217016059375 0.4931175125 0.2219440109375 0.49127083281250006 0.223945746875 0.4883854171875 0.19160850625 0.4885009765625 0.19053081562500002 0.4920787765625 0.1845251734375 0.4925403640625 0.17775000000000002 0.5145849609375001 0.1797517359375 0.5222024734375 0.1765177953125 0.5332822265625 0.1862009546875 0.5523681640625 0.2168624125 0.5526722000000001 0.20916276093750003 0.5333977859375 0.21332074687499997 0.5218561203125 0.2102408859375 0.514123371875
0 0.21147265625 0.5140078124999999 0.21393663125 0.52139453125 0.21008680625 0.533859375 0.21655425312499998 0.5533645828125 0.2490451390625 0.55348014375 0.24334809062499999 0.533859375 0.2467356765625 0.5220869140625 0.2442717015625 0.5145849609375001 0.25058506875000003 0.4920787765625 0.252894965625 0.497618815625 0.2557087671875 0.4879407546875 0.22363758749999998 0.4886162109375 0.22332986093749999 0.4920787765625 0.2196341140625 0.492771159375 0.21147265625 0.5140078124999999
5 0.267332465625 0.3974541015625 0.279526909375 0.3973512375 0.2791158859375 0.3925247390625 0.2822669265625 0.38420637968750004 0.28117100625 0.3772233078125 0.28692534687500004 0.35945735624999997 0.272315971875 0.3586477859375 0.266784721875 0.37742871093749997 0.26842881875 0.384822590625 0.2658255203125 0.3924222 0.267332465625 0.3974541015625
5 0.29610546875 0.37753125 0.3004895828125 0.3591490890625 0.2876106765625 0.35904655 0.281855903125 0.3772233078125 0.28308897499999996 0.3830768234375 0.2803489578125 0.3923193359375 0.28053515625 0.3974814453125 0.29583116249999997 0.397556640625 0.29473524375000004 0.392216796875 0.2966532125 0.3845146484375 0.29610546875 0.37753125
5 0.31528732656249997 0.35873828125 0.3007638890625 0.3591490890625 0.29637934062500004 0.3768125 0.29747569375 0.384103840625 0.2951462671875 0.3925247390625 0.2962421875 0.3972486984375 0.310328125 0.3977897140625 0.3098068578125 0.392935546875 0.3117248265625 0.3845146484375 0.31117665 0.37783951875 0.31528732656249997 0.35873828125
5 0.3295364578125 0.358224934375 0.31569835 0.35832747343750004 0.3117248265625 0.37650455781250003 0.312273003125 0.384103840625 0.31035460000000004 0.3924222 0.3113138015625 0.397146159375 0.32512196250000003 0.397173503125 0.3244670140625 0.3928326828125 0.3266592875 0.384411784375 0.3258372390625 0.37670996093750003 0.3295364578125 0.358224934375
5 0.3444709203125 0.35925195312499997 0.3295364578125 0.3591490890625 0.3265221359375 0.3772233078125 0.327207465625 0.3835904953125 0.32515234375 0.39273014375000004 0.3262482640625 0.3972486984375 0.3411484375 0.39732747343749997 0.33981249999999996 0.39273014375000004 0.34186762187499997 0.38389843749999997 0.341182725 0.3772233078125 0.3444709203125 0.35925195312499997
5 0.3406345484375 0.391497721875 0.3422786453125 0.397146159375 0.3568020828125 0.397146159375 0.35543185781250003 0.3913951828125 0.3570763890625 0.384103840625 0.35625390625 0.377017903125 0.359641059375 0.3586477859375 0.34529296875000004 0.358943684375 0.34186762187499997 0.3768125 0.3426896703125 0.3837958984375 0.3406345484375 0.391497721875
5 0.370914496875 0.37609375 0.374476996875 0.3588411453125 0.35967925312500004 0.358943684375 0.3568020828125 0.3776341140625 0.35803515625000004 0.38317968750000003 0.35584288124999996 0.391703125 0.35902430625 0.397173503125 0.3699552953125 0.3969407546875 0.3699552953125 0.3924222 0.37242144062500004 0.3835904953125 0.370914496875 0.37609375
5 0.370906684375 0.3925247390625 0.3715915796875 0.3965299484375 0.3859782984375 0.3960162765625 0.385566840625 0.391703125 0.38734809062500003 0.38389843749999997 0.3858411453125 0.3761962890625 0.3886119796875 0.3588017578125 0.37474305625 0.3588411453125 0.370906684375 0.37650455781250003 0.3730989578125 0.38420637968750004 0.370906684375 0.3925247390625
5 0.3865260421875 0.391189778125 0.387211371875 0.3965299484375 0.40104947968750004 0.3962216796875 0.4009123265625 0.3921139328125 0.4025568578125 0.383693034375 0.40187152812500004 0.376607096875 0.404844184375 0.35833951875 0.3900885421875 0.3584303390625 0.386937065625 0.3768125 0.38775911406249997 0.383693034375 0.3865260421875 0.391189778125
5 0.401734809375 0.391908528125 0.4022825515625 0.3965299484375 0.41625781249999994 0.39611914062500003 0.416394965625 0.39180598906249997 0.4176280375 0.381947265625 0.416394965625 0.3754775390625 0.41902170156249996 0.35803124999999997 0.405434028125 0.358532878125 0.4024197046875 0.376299153125 0.4031046 0.3840013015625 0.401734809375 0.391908528125
5 0.41749131874999995 0.39067610625000004 0.41790234374999996 0.3952975265625 0.43228862812499996 0.39488671875 0.4313294265625 0.3910869140625 0.43324782968750003 0.3827688796875 0.432425346875 0.3756829421875 0.4344318578125 0.3577233078125 0.41899826406249996 0.35801953124999997 0.41776519062500006 0.37609375 0.41831336874999997 0.38287141875 0.41749131874999995 0.39067610625000004
5 0.761866753125 0.3873896484375 0.762140625 0.3914973953125 0.7755681421875 0.3920107421875 0.776390190625 0.38646516875 0.7747460937499999 0.38040625 0.77611631875 0.36952083281250003 0.7728407125000001 0.3540247390625 0.7594006078125 0.354013996875 0.7614557296875 0.3703424484375 0.7613185765625 0.380200846875 0.761866753125 0.3873896484375
5 0.791238715625 0.3707532546875 0.787128471875 0.35391113281250003 0.7735642359375 0.35391113281250003 0.7765785593750001 0.36952083281250003 0.7752083328125 0.3800983078125 0.7772634546875 0.3861572265625 0.777155815625 0.3917799484375 0.7905538187500001 0.39159993437499996 0.7919240453125 0.3873896484375 0.789046440625 0.380200846875 0.791238715625 0.3707532546875
5 0.8032960062500001 0.35391113281250003 0.7879505203125 0.353603190625 0.7917868921875 0.369931640625 0.7905538187500001 0.37927669218750004 0.792608940625 0.3860546875 0.79137586875 0.390881184375 0.8071545140625 0.3914716796875 0.8086393234375 0.385849284375 0.805213975 0.3796875 0.806995225 0.3707532546875 0.8032960062500001 0.35391113281250003
5 0.818367621875 0.3541165359375 0.803980903125 0.3541165359375 0.807543403125 0.3700341796875 0.8063103296874999 0.3795846359375 0.8093246531249999 0.385541015625 0.80768055625 0.3917028 0.8223589406249999 0.39193391875 0.8228888890625001 0.386260090625 0.8205594625 0.3796875 0.8219296875 0.3704449875 0.818367621875 0.3541165359375
5 0.83453515625 0.3542194015625 0.8191896703125 0.3542194015625 0.8224778640625001 0.3700341796875 0.8212447921875 0.379174153125 0.8232999124999999 0.38574641875000004 0.8232999124999999 0.39159993437499996 0.83776953125 0.3917799484375 0.8386454000000001 0.3863626296875 0.836179253125 0.37979003906250003 0.8385082468749999 0.37023958281249997 0.83453515625 0.3542194015625
5 0.8390564234375001 0.3863626296875 0.8387825515625 0.3914973953125 0.8533059890624999 0.3917028 0.854401909375 0.3860546875 0.8520724828124999 0.379482096875 0.8538537328125001 0.37013704375 0.8494813375 0.3543330078125 0.83426085 0.354321940625 0.8386454000000001 0.3707532546875 0.8374123265625 0.3805091140625 0.8390564234375001 0.3863626296875
5 0.26173046875 0.44836621093750006 0.258906684375 0.440361328125 0.2647990453125 0.420119465625 0.24933203124999997 0.4204876296875 0.242948784375 0.43944140625 0.2454036453125 0.4485501296875 0.24221223906249997 0.45673893281250005 0.24379600625000003 0.4629856765625 0.260257378125 0.4627194015625 0.258538628125 0.4560947265625 0.26173046875 0.44836621093750006
5 0.25878428750000004 0.45673893281250005 0.26062543437499996 0.46290332031250003 0.276706596875 0.46262760468749997 0.2753563375 0.45673893281250005 0.2774431421875 0.4484580078125 0.27523350625 0.4399013671875 0.2795095484375 0.42073730468750004 0.2650447046875 0.420579753125 0.2586614578125 0.44026953124999996 0.2609939234375 0.44836621093750006 0.25878428750000004 0.45673893281250005
5 0.27768836874999997 0.4485501296875 0.275847221875 0.456462890625 0.2764609375 0.4619833984375 0.2927877609375 0.4617994796875 0.29094618125 0.4573828125 0.2936467015625 0.44891829375 0.2914752609375 0.44006673125000006 0.2968385421875 0.4196595046875 0.2812486984375 0.419935546875 0.2759700515625 0.43925716093749995 0.27768836874999997 0.4485501296875
5 0.2915598953125 0.45655501249999997 0.29229644062500004 0.4613391921875 0.30837760468750003 0.46170735625 0.307273003125 0.4561868484375 0.30972786406249997 0.448181965625 0.30788671875 0.439625325 0.3128298609375 0.41977083281249994 0.29659288125 0.42021158906249995 0.291682725 0.4391653640625 0.2932786453125 0.447814128125 0.2915598953125 0.45655501249999997
5 0.31046440937500003 0.4476302078125 0.30776388906249996 0.456462890625 0.3086232640625 0.46207552031250004 0.324949653125 0.46161523437499996 0.3242131078125 0.45581868437499995 0.325809028125 0.4476302078125 0.32516406249999996 0.4391002609375 0.329859809375 0.4193834640625 0.31353342031250003 0.4195673828125 0.30813194374999997 0.43824511718750003 0.31046440937500003 0.4476302078125
5 0.3242131078125 0.455450846875 0.324949653125 0.46170735625 0.34164453125 0.4615234375 0.3402942703125 0.4557268875 0.3432404515625 0.4474459640625 0.34103081562500004 0.439533203125 0.345413628125 0.41921842500000006 0.3297374125 0.41919954375 0.3250724828125 0.4384293625 0.3259318578125 0.4475380859375 0.3242131078125 0.455450846875
5 0.3406623265625 0.45554264375000003 0.34164453125 0.46097135468749995 0.358339409375 0.46097135468749995 0.357234809375 0.4549908859375 0.35846223906249997 0.4473541671875 0.3576028640625 0.43925716093749995 0.3619817703125 0.4189423828125 0.34532725625 0.41919954375 0.3409079859375 0.438705403125 0.3423810765625 0.4473541671875 0.3406623265625 0.45554264375000003
5 0.35686631874999997 0.45535872343749995 0.358707465625 0.46051139374999994 0.374788628125 0.460603190625 0.3741749125 0.45581868437499995 0.3749114578125 0.447998046875 0.373684028125 0.43861328125 0.3783658859375 0.4189423828125 0.362390190625 0.4187395828125 0.35748003437500003 0.4391653640625 0.358953125 0.4482740890625 0.35686631874999997 0.45535872343749995
5 0.37392925312499997 0.4552669265625 0.374788628125 0.46170735625 0.39001041718749996 0.46097135468749995 0.38964236093750004 0.4560947265625 0.39160633749999996 0.447814128125 0.3902560765625 0.439349284375 0.39327690937500004 0.4189423828125 0.378594184375 0.4184635421875 0.3741749125 0.43824511718750003 0.37515711875 0.447078125 0.37392925312499997 0.4552669265625
5 0.39036415 0.45627897187500005 0.39048654531250004 0.4617994796875 0.40656770781249996 0.46087923125 0.40656770781249996 0.4560947265625 0.40767274374999996 0.4482740890625 0.406199653125 0.43879720000000005 0.40929296875 0.41769954374999996 0.393432725 0.41855533906250003 0.389750434375 0.439533203125 0.3918372390625 0.449010090625 0.39036415 0.45627897187500005
5 0.406199653125 0.4557268875 0.4066905375 0.460603190625 0.422648871875 0.46023535156250006 0.422648871875 0.455450846875 0.4242447921875 0.448181965625 0.42313975625 0.4384293625 0.4258611109375 0.41977083281249994 0.40975954843749995 0.41975162812500005 0.4066905375 0.438521159375 0.4080407984375 0.4491943359375 0.406199653125 0.4557268875
5 0.423315971875 0.45554264375000003 0.42356163125 0.4601432296875 0.439519965625 0.46051139374999994 0.43988802031249996 0.45489876249999994 0.440870225 0.4468020828125 0.44050217031249994 0.4388893234375 0.442429253125 0.419494465625 0.42687586875 0.4195673828125 0.423315971875 0.43769303437499996 0.4242981765625 0.447078125 0.423315971875 0.45554264375000003
5 0.43964279531250006 0.455450846875 0.44013368125 0.460603190625 0.4571970484375 0.46023535156250006 0.4557239578125 0.4557268875 0.45793359375 0.4474459640625 0.4560920140625 0.4384293625 0.45862890624999997 0.4199088546875 0.44295703125 0.419843425 0.439519965625 0.43787727812500005 0.440624565625 0.44726204375 0.43964279531250006 0.455450846875
5 0.45621484375000004 0.4545305984375 0.45707421875 0.4610631515625 0.47229600625 0.46087923125 0.47278689218750003 0.455450846875 0.47364626718749997 0.44670996093750004 0.47229600625 0.4376012375 0.4751970484375 0.42018489531250003 0.4589153640625 0.419843425 0.4565829 0.4376012375 0.45756510468749995 0.4484580078125 0.45621484375000004 0.4545305984375
5 0.4730325515625 0.455634765625 0.47327777812500005 0.459959309375 0.48984982656250003 0.46023535156250006 0.48948177031249995 0.4552669265625 0.49021831562499996 0.44643391875000005 0.48948177031249995 0.43861328125 0.4915811625 0.42018489531250003 0.4763467875 0.419935546875 0.4740143234375 0.438521159375 0.474628471875 0.446986003125 0.4730325515625 0.455634765625
5 0.739219184375 0.4603138015625 0.7549635421875001 0.4603138015625 0.75559375 0.45523958281250004 0.7522873265625 0.4454446609375 0.7537039937500001 0.438010090625 0.749925346875 0.41771256562500003 0.734624565625 0.41762402343750005 0.73827430625 0.4388362625 0.7373298609375001 0.44485481718750003 0.739219184375 0.45441341093750004 0.739219184375 0.4603138015625
5 0.7699210062499999 0.438010090625 0.765827690625 0.41842057343750005 0.7500829 0.41806673125 0.7537039937500001 0.4386002609375 0.7530742187499999 0.4454446609375 0.7563806421875 0.454177409375 0.7572912328125 0.46012402343750003 0.7710234375 0.4601959640625 0.77118055625 0.45441341093750004 0.7688190109375 0.44568066406250006 0.7699210062499999 0.438010090625
5 0.7862955734375 0.43753808593750004 0.7814149312499999 0.41759440156250005 0.7655125875000001 0.41771256562500003 0.7702361109375 0.4377740890625 0.7686614578125 0.44509082031249997 0.7719678812499999 0.454177409375 0.7731106765625 0.46030110625000004 0.7870828999999999 0.4601959640625 0.7870828999999999 0.454177409375 0.7845638015625 0.4440286453125 0.7862955734375 0.43753808593750004
5 0.8010954859374999 0.4593697921875 0.8028276906249999 0.4542955734375 0.8010954859374999 0.44509082031249997 0.8029848093749999 0.4388362625 0.7979464453125 0.41763072812499996 0.7814149312499999 0.41794856718749995 0.7866106765625 0.4371842453125 0.7850360249999999 0.44497265625000004 0.787870225 0.45512141875 0.7872404515625 0.45948795625 0.8010954859374999 0.4593697921875
5 0.803457465625 0.438010090625 0.8020403640625 0.44485481718750003 0.8036145828124999 0.4540595703125 0.8025125875000001 0.459251953125 0.8190442703124999 0.458661784375 0.8196740453125001 0.45299739531250005 0.817942275 0.445208659375 0.8188871531249999 0.43919010468749997 0.812777778125 0.41726985625 0.8114869796875 0.41806673125 0.7984188375 0.4181845703125 0.803457465625 0.438010090625
5 0.8146358499999999 0.417240559375 0.8185720484375001 0.43753808593750004 0.817784721875 0.444618815625 0.8199891499999999 0.453705403125 0.819359375 0.45995996093749997 0.8344743921875001 0.4588977859375 0.83568055625 0.45481152343750003 0.8330572921874999 0.44497265625000004 0.8341592875 0.43765625 0.8299084203125 0.41771256562500003 0.8146358499999999 0.417240559375
5 0.844078559375 0.41688639375000003 0.8291210937500001 0.41712239531249995 0.8343168406249999 0.43765625 0.833844184375 0.4454446609375 0.8357339406250001 0.45299739531250005 0.8355763890624999 0.45830794218750004 0.85055555625 0.46012402343750003 0.8525807296875 0.454531575 0.85021875 0.44497265625000004 0.8516358500000001 0.43789225312499996 0.844078559375 0.41688639375000003
5 0.8524231765625 0.45441341093750004 0.8524231765625 0.45689160156249997 0.8659635421875 0.45748177031250004 0.8681675343749999 0.45500358125 0.8647039937500001 0.444146809375 0.8664357640624999 0.43765625 0.86047265625 0.41691569062499995 0.8437634546874999 0.41712239531249995 0.8510060765624999 0.43706608124999996 0.85021875 0.4440286453125 0.8524231765625 0.45441341093750004
5 0.8730486109375001 0.4515813796875 0.8700572921875 0.45842578125 0.888320746875 0.4577177734375 0.8895802953124999 0.451463215625 0.8854869796875 0.444736653125 0.8873763015625 0.4338798828125 0.88155078125 0.4161783859375 0.866375434375 0.41620735625 0.870844184375 0.43600390625 0.870214409375 0.444736653125 0.8730486109375001 0.4515813796875
6 0.270957465625 0.7614088546875 0.2634704859375 0.814312825 0.355214409375 0.8158623046875 0.362652778125 0.7610104171875001 0.270957465625 0.7614088546875
6 0.35645399375000003 0.8158623046875 0.4495286453125 0.8162822265624999 0.4527434890625 0.7610104171875001 0.361 0.7613203125 0.35645399375000003 0.8158623046875
6 0.44902430625 0.8152425125 0.5431549484375 0.8153522140625 0.5428342015625 0.7619401046875 0.4519171 0.7610104171875001 0.44902430625 0.8152425125
6 0.5428342015625 0.815552409375 0.636780815625 0.8153522140625 0.6333381078125 0.7613203125 0.5420078125 0.7616302078125 0.5428342015625 0.815552409375
6 0.6374709203125 0.8152425125 0.7322669265624999 0.81395703125 0.7242552078125 0.7597708328125 0.63251171875 0.7610104171875001 0.6374709203125 0.8152425125
6 0.7300407984375 0.801607096875 0.8240325515625001 0.799541015625 0.8159991312500001 0.7588411453125 0.725495225 0.7597708328125 0.7300407984375 0.801607096875
6 0.823280815625 0.798970703125 0.917038628125 0.7976809890625 0.9075859375 0.7574446609375001 0.815015625 0.7586842453125 0.823280815625 0.798970703125
6 0.1755872390625 0.801302734375 0.21856597187500001 0.8009928390625 0.21443359375 0.8276438796875001 0.261656684375 0.827907878125 0.2718767359375 0.7616357421875 0.18385243125 0.76101595 0.1755872390625 0.801302734375
6 0.18385243125 0.76101595 0.057808159375 0.7576070968749999 0.04582335 0.7870475265625 0.03094618125 0.786427409375 0.0082170140625 0.858013671875 0.04788975625 0.8670006515625 0.051195746875 0.8530553390625 0.09362586875 0.85394954375 0.10657248281250001 0.8006829421875 0.176000434375 0.8016126296874999 0.18385243125 0.76101595
11 0.188398003125 0.6664973953125 0.143766059375 0.6661875 0.13839366250000001 0.6757942703125 0.1309548609375 0.697177409375 0.12847569375 0.718250325 0.1760911453125 0.7176959640625 0.178066840625 0.7012060546875001 0.1834388015625 0.6770341796875 0.188398003125 0.6664973953125
11 0.1309548609375 0.6646380203125 0.0867361109375 0.6649479171875 0.07764453125000001 0.6807529296875 0.07227213593750001 0.6993466796875001 0.06689973906249999 0.7170107421874999 0.116567275 0.71676595 0.11814409687500001 0.6987268875 0.1251692703125 0.6764143875 0.1309548609375 0.6646380203125
5 0.437086371875 0.356161784375 0.435929253125 0.36570670625 0.435929253125 0.37394987031250004 0.4361219625 0.382771809375 0.43573654531250006 0.3897135421875 0.43663194375 0.3952545578125 0.45212890625 0.395064453125 0.45155034687500006 0.38956868437500003 0.45212890625 0.355872721875 0.437086371875 0.356161784375
5 0.45212890625 0.395353515625 0.4675924484375 0.39460351562499996 0.46678602500000005 0.3555833328125 0.45212890625 0.355872721875 0.45212890625 0.395353515625
5 0.4669787328125 0.394630534375 0.4829283859375 0.39460351562499996 0.4820217015625 0.3550048828125 0.4669787328125 0.35514973906249997 0.4669787328125 0.394630534375
5 0.48279296875 0.3940520828125 0.4976853296875 0.3939524734375 0.49764279531250005 0.35514973906249997 0.4820217015625 0.35543880156249996 0.48279296875 0.3940520828125
5 0.4982213546875 0.3940520828125 0.5138888890625 0.3939524734375 0.51345703125 0.3547158203125 0.4980286453125 0.3547158203125 0.4982213546875 0.3940520828125
5 0.5138424484375 0.3943411453125 0.5286458328125 0.3939524734375 0.5283064234375 0.3544264328125 0.51345703125 0.3550048828125 0.5138424484375 0.3943411453125
5 0.5286922749999999 0.3937626953125 0.5439813375 0.3937356765625 0.5433493921875 0.3547158203125 0.5286922749999999 0.3550048828125 0.5286922749999999 0.3937626953125
5 0.544120659375 0.3936181640625 0.5596063375 0.3933014328125 0.55916319375 0.3542819015625 0.54315625 0.3542819015625 0.544120659375 0.3936181640625
5 0.5593563374999999 0.39347363281250003 0.5752313375 0.3935185546875 0.5742061625 0.3544264328125 0.5589704859375 0.3542819015625 0.5593563374999999 0.39347363281250003
5 0.5755559890625 0.3928951828125 0.5911458328125 0.39286751249999996 0.5890559890625 0.35413737031250003 0.5745915796875 0.3542819015625 0.5755559890625 0.3928951828125
5 0.591370225 0.3928951828125 0.6064813375 0.39286751249999996 0.6052556421874999 0.35413737031250003 0.5890559890625 0.3542819015625 0.591370225 0.3928951828125
5 0.60660546875 0.3928951828125 0.621527778125 0.39286751249999996 0.6208767359375 0.35370345 0.6052556421874999 0.35399251249999997 0.60660546875 0.3928951828125
5 0.6212625875 0.3930397140625 0.637152778125 0.39243359375 0.6357265625 0.3534140625 0.6212625875 0.35370345 0.6212625875 0.3930397140625
5 0.636690971875 0.392750325 0.652777778125 0.39265039062499996 0.6507690968750001 0.35355891875 0.6353407125 0.353125 0.636690971875 0.392750325
5 0.6653802078125 0.3532529296875 0.6503376734375 0.3535419921875 0.6524587671875001 0.3925891921875 0.6669561625 0.3930846359375 0.6671158859374999 0.3930227859375 0.6675017359375001 0.371474609375 0.6653802078125 0.3532529296875
5 0.6819657125 0.3538313796875 0.6655729171875 0.3535419921875 0.6676944437500001 0.370751628125 0.6669231765625 0.3927337234375 0.684317275 0.39265039062499996 0.683894096875 0.3830442703125 0.6846657984375 0.37190852812499997 0.6819657125 0.3538313796875
5 0.6997083328125 0.371474609375 0.6987439234374999 0.3541204421875 0.6821584203125 0.35397591093749997 0.6852443578125 0.371474609375 0.683894096875 0.3820319015625 0.6842799484375 0.3927337234375 0.6990742187500001 0.392216471875 0.6993224828125 0.3879612625 0.6979726562499999 0.3817428390625 0.6997083328125 0.371474609375
5 0.714172309375 0.371041015625 0.7116653640624999 0.3535419921875 0.697394096875 0.3535419921875 0.7002868921875 0.37060709687500004 0.6981653640625 0.38145345 0.6993224828125 0.387093425 0.6987439234374999 0.3920107421875 0.7138311625 0.3917825515625 0.7143650171875 0.3863704421875 0.7128224828125 0.3817428390625 0.714172309375 0.371041015625
5 0.7299865453125001 0.371763996875 0.726515190625 0.3538313796875 0.711472221875 0.3536868484375 0.7139795999999999 0.371041015625 0.71359375 0.3820319015625 0.71475086875 0.3868043625 0.7137864578124999 0.3918658859375 0.730034721875 0.3919993484375 0.7303719625 0.38723828125000004 0.7294079859375 0.38130891875 0.7299865453125001 0.371763996875
5 0.7456076390625 0.371041015625 0.7419435765625 0.3542653 0.7269006078125 0.3542653 0.729793403125 0.3691608078125 0.730179253125 0.3805856125 0.7299865453125001 0.3863704421875 0.729793403125 0.3920107421875 0.745370225 0.3919993484375 0.74637890625 0.38752734375000003 0.7450290796875 0.3820319015625 0.7456076390625 0.371041015625
5 0.761036025 0.38145345 0.7618072921875 0.371619465625 0.7591076390625 0.3542653 0.7419435765625 0.3542653 0.74541493125 0.370751628125 0.744836371875 0.38044108125 0.7461861984375 0.3862259109375 0.7456076390625 0.3918658859375 0.7618632812499999 0.3917825515625 0.7637361109375 0.3925891921875 0.7616145828125 0.38752734375000003 0.761036025 0.38145345
6 0.5135078125 0.2506158859375 0.5227864578125 0.25054264375 0.5236323781250001 0.23868489531249998 0.514230903125 0.23857649687500002 0.5135078125 0.2506158859375
6 0.5260915796875001 0.238142578125 0.525390625 0.2508681640625 0.534769965625 0.250181965625 0.5362161453125001 0.238142578125 0.5260915796875001 0.238142578125
6 0.5378072921875 0.25039908906249997 0.5466579859375 0.250217121875 0.5466306421875 0.2412880859375 0.5376627609375 0.241396484375 0.5378072921875 0.25039908906249997
6 0.5524162328125 0.25007356718749996 0.5616319437499999 0.24989160156249998 0.560516059375 0.2405286453125 0.5519822046875 0.24150488281250002 0.5524162328125 0.25007356718749996
6 0.5647105031249999 0.25039908906249997 0.5740017359375 0.2500543625 0.5736783859375 0.24074576875 0.564421440625 0.24096256562499999 0.5647105031249999 0.25039908906249997
6 0.581344184375 0.2496396484375 0.5904947921875 0.250217121875 0.5895889750000001 0.2406373703125 0.580331596875 0.24031184843750003 0.581344184375 0.2496396484375
6 0.590601128125 0.25007356718749996 0.600043403125 0.2500543625 0.5984118921875 0.2406373703125 0.59002256875 0.240420246875 0.590601128125 0.25007356718749996
6 0.601594184375 0.2505074875 0.6111111109375 0.2500543625 0.6104171 0.24031184843750003 0.6002921 0.24020345 0.601594184375 0.2505074875
6 0.6134544265625 0.25007356718749996 0.623046875 0.2500543625 0.62184375 0.2405286453125 0.6127313375 0.240420246875 0.6134544265625 0.25007356718749996
6 0.6253151046875 0.250181965625 0.634765625 0.24989160156249998 0.6332704 0.2405286453125 0.6240134546875 0.2405286453125 0.6253151046875 0.250181965625
6 0.6360186624999999 0.2498567703125 0.6456163187499999 0.24989160156249998 0.6445525171875001 0.2405286453125 0.6350060765625 0.2405286453125 0.6360186624999999 0.2498567703125
6 0.8052174484375 0.1679931640625 0.8133680562500001 0.1678603515625 0.81114756875 0.16072623749999998 0.802469184375 0.16072623749999998 0.8052174484375 0.1679931640625
6 0.7960069437499999 0.1673720703125 0.8040598953125 0.167450846875 0.8013120656250001 0.1602923171875 0.7943693578125 0.16018391875 0.7960069437499999 0.1673720703125
6 0.7853732640625 0.167697590625 0.7939353296875 0.16766796875 0.791187065625 0.1602923171875 0.7840998265625 0.1600755203125 0.7853732640625 0.167697590625
6 0.7745225687499999 0.1673720703125 0.7832317703125 0.16723405 0.78019444375 0.1602923171875 0.7733962671875 0.16018391875 0.7745225687499999 0.1673720703125
6 0.7645399312500001 0.167697590625 0.7726731765625 0.167450846875 0.770213975 0.16018391875 0.7629822046875 0.1600755203125 0.7645399312500001 0.167697590625
6 0.7536892359375 0.1673720703125 0.76211415 0.167450846875 0.7584982640625 0.16018391875 0.7518446187500001 0.15996679687499998 0.7536892359375 0.1673720703125
6 0.742621528125 0.1673720703125 0.7519895828125 0.16734244843749999 0.74924131875 0.1596416015625 0.7418645828125 0.1596416015625 0.742621528125 0.1673720703125
6 0.732421875 0.167697590625 0.740851996875 0.167450846875 0.73926085 0.16018391875 0.731161025 0.16018391875 0.732421875 0.167697590625
6 0.7189670140625 0.167697590625 0.7279791671875 0.167450846875 0.724507378125 0.160400715625 0.7174201390625 0.16018391875 0.7189670140625 0.167697590625
6 0.707465278125 0.1673720703125 0.7166970484374999 0.1670169265625 0.713659721875 0.1596416015625 0.7057044265625 0.15996679687499998 0.707465278125 0.1673720703125
6 0.696831596875 0.1673720703125 0.7052704000000001 0.167450846875 0.703823784375 0.1602923171875 0.6964470484375 0.1602923171875 0.696831596875 0.1673720703125
6 0.6857638890625 0.1680231125 0.694277778125 0.16788476562500002 0.69297569375 0.1600755203125 0.684297309375 0.1600755203125 0.6857638890625 0.1680231125
6 0.6768420140625 0.1680651046875 0.6846953124999999 0.167791340625 0.682605903125 0.16056054687500002 0.6745703125 0.1606809890625 0.6768420140625 0.1680651046875
6 0.6651475687499999 0.168185871875 0.6740681421875 0.16804817656249998 0.672332465625 0.1601302078125 0.6646666671875 0.1601302078125 0.6651475687499999 0.168185871875
6 0.6545138890625 0.1678603515625 0.6629309890624999 0.16772265625 0.661773871875 0.1601302078125 0.6541076390625 0.1601302078125 0.6545138890625 0.1678603515625
6 0.6438802078125 0.1678603515625 0.6528059890625 0.167939778125 0.650636284375 0.1604557296875 0.6439826390625 0.16023893281249998 0.6438802078125 0.1678603515625
6 0.630425346875 0.168185871875 0.6386310765625 0.168156575 0.6379079859375001 0.1604557296875 0.6299526906249999 0.1604557296875 0.630425346875 0.168185871875
6 0.6189236109375 0.1678603515625 0.6277829859375 0.168156575 0.6272044265625001 0.160564128125 0.6192491312499999 0.16023893281249998 0.6189236109375 0.1678603515625
6 0.6095920140625 0.168185871875 0.6173689234374999 0.168156575 0.6167903640625 0.1604557296875 0.6082565109375 0.1604557296875 0.6095920140625 0.168185871875
6 0.5983072921875 0.1680231125 0.6069548609375001 0.16804817656249998 0.6059422750000001 0.16034733125 0.5979869796874999 0.16034733125 0.5983072921875 0.1680231125
6 0.588324653125 0.168185871875 0.5966853296875 0.168156575 0.5955282125 0.16034733125 0.5878619796875 0.16034733125 0.588324653125 0.168185871875
6 0.5774739578125 0.16851139375 0.5856927078124999 0.1683736984375 0.58525868125 0.16023893281249998 0.5775924484375 0.16034733125 0.5774739578125 0.16851139375
6 0.5666232640625 0.168185871875 0.5752782125 0.168482096875 0.57513368125 0.16023893281249998 0.5664552953124999 0.16034733125 0.5666232640625 0.168185871875
6 0.556206596875 0.1680231125 0.564285590625 0.1682649734375 0.5645750875 0.16078125000000001 0.5560412328125001 0.1604557296875 0.556206596875 0.1680231125
6 0.5407986109375 0.168674153125 0.5502556421875 0.1685904953125 0.5501106765625 0.1606725265625 0.5407092015625 0.16078125000000001 0.5407986109375 0.168674153125
6 0.5310329859375 0.168185871875 0.5396966140624999 0.1683736984375 0.5394075515625001 0.16034733125 0.531307725 0.1604557296875 0.5310329859375 0.168185871875
6 0.5217013890625 0.1688369140625 0.5294674484375 0.16864094999999998 0.5287439234375 0.1609401046875 0.52122265625 0.16104850312500002 0.5217013890625 0.1688369140625
6 0.5104166671875 0.1693251953125 0.5190529515625 0.1692916671875 0.5190529515625 0.16072298125 0.5112426218749999 0.1611569015625 0.5104166671875 0.1693251953125
6 0.49891493125 0.1688369140625 0.5076263015625 0.168857746875 0.5076263015625 0.1608313796875 0.49967144062499996 0.16072298125 0.49891493125 0.1688369140625
6 0.4889322921875 0.1693251953125 0.4980802953125 0.1690748703125 0.49822482656249995 0.16104850312500002 0.489546440625 0.16061458281250002 0.4889322921875 0.1693251953125
6 0.47768576406249996 0.1692916671875 0.4869791671875 0.169162434375 0.48621961875 0.1608313796875 0.47855381875 0.1608313796875 0.47768576406249996 0.1692916671875
6 0.46788194375 0.16948795625 0.4769626734375 0.1697255859375 0.47754123281250005 0.1612653 0.468862846875 0.1613736984375 0.46788194375 0.16948795625