2 0.6268003328125 0.63042975 0.5714536671875 0.63319975 0.572376 0.725152 0.6277226671875 0.725152 0.6268003328125 0.63042975
5 0.0518873328125 0.13760250000000002 0 0.13975025000000002 0.0002306671875 0.21780525 0.05281 0.21815075 0.0518873328125 0.13760250000000002
5 0.10884833281249999 0.13552825 0.053963000000000004 0.13715575 0.053501667187500004 0.21780525 0.10884833281249999 0.2174595 0.10884833281249999 0.13552825
5 0.16445666718750002 0.134347 0.1093036671875 0.13571025 0.1118663328125 0.21869550000000001 0.1664623328125 0.21869550000000001 0.16445666718750002 0.134347
5 0.225961 0.13301075 0.166128 0.13370474999999998 0.1691363328125 0.21735924999999998 0.22484666718750002 0.2178605 0.225961 0.13301075
5 0.2831196671875 0.13351200000000002 0.227298 0.134206 0.22740933281250003 0.21602325000000003 0.28356533281249996 0.21485400000000002 0.2831196671875 0.13351200000000002
5 0.3437326671875 0.12983725 0.2841226671875 0.13169925 0.285348 0.215522 0.34239566718750003 0.21535500000000002 0.3437326671875 0.12983725
5 0.4023396671875 0.1294265 0.344624 0.130195 0.3441783328125 0.21561225 0.4025626671875 0.21360800000000002 0.4023396671875 0.1294265
5 0.467855 0.12758925000000002 0.4037883328125 0.1289415 0.40434533281249996 0.21293975 0.4647353328125 0.21260574999999998 0.467855 0.12758925000000002
5 0.5164343328125 0.152142 0.4696376671875 0.15300825 0.4685236671875 0.21177074999999998 0.5168803328125 0.21260574999999998 0.5164343328125 0.152142
5 0.519777 0.1520055 0.5191086671875 0.21161025000000003 0.5743733328125 0.210775 0.574819 0.1513135 0.519777 0.1520055
0 0.6395326671875 0.1466475 0.5767716671875001 0.1479585 0.57719 0.21125075 0.637859 0.2106235 0.6395326671875 0.1466475
0 0.7194480000000001 0.1435115 0.6552226671875 0.14466375 0.6550136671875 0.20936925 0.7148453328125 0.2090555 0.7194480000000001 0.1435115
0 0.7993633328125 0.14006175 0.7336736671875 0.1432515 0.729908 0.20874199999999998 0.7943423328125 0.20686025 0.7993633328125 0.14006175
0 0.8127523328124999 0.158314 0.8114969999999999 0.20686025 0.8667266671875 0.205606 0.8688186671875 0.1585645 0.8127523328124999 0.158314
0 0.15187299999999998 0.35352325 0.1514743328125 0.38692150000000003 0.211267 0.38692150000000003 0.211267 0.35315975 0.15187299999999998 0.35352325
6 0.028999999999999998 0.38475000000000004 0.030333332812500002 0.38025000000000003 0.0266666671875 0.35375 0.022 0.35150000000000003 0.0113333328125 0.352 0.0096666671875 0.35375 0.0123333328125 0.38325 0.0176666671875 0.3855 0.028999999999999998 0.38475000000000004
6 0.0566666671875 0.387 0.06 0.38475000000000004 0.060333332812499994 0.374 0.060333332812499994 0.36875 0.0576666671875 0.363 0.057333332812500006 0.35350000000000004 0.049333332812500005 0.35150000000000003 0.037 0.35125 0.034 0.353 0.0336666671875 0.374 0.034999999999999996 0.3835 0.039 0.38625 0.0566666671875 0.387
6 0.0813333328125 0.38475000000000004 0.0826666671875 0.381 0.0803333328125 0.36974999999999997 0.0813333328125 0.35350000000000004 0.07666666718750001 0.35175 0.0663333328125 0.35125 0.0626666671875 0.35275 0.063 0.38425 0.0643333328125 0.38575 0.06733333281250001 0.38625 0.0813333328125 0.38475000000000004
6 0.10733333281249999 0.38575 0.10933333281249999 0.3815 0.10833333281249999 0.35550000000000004 0.10933333281249999 0.35350000000000004 0.10733333281249999 0.35225 0.0926666671875 0.351 0.086 0.3525 0.0856666671875 0.3785 0.087 0.38425 0.091 0.38575 0.10733333281249999 0.38575
6 0.134 0.38925 0.13799999999999998 0.385 0.13999999999999999 0.358 0.1386666671875 0.35350000000000004 0.13133333281249998 0.35125 0.11499999999999999 0.351 0.11133333281249999 0.353 0.11200000000000002 0.3845 0.1143333328125 0.3895 0.1153333328125 0.39049999999999996 0.134 0.38925
6 0.266 0.3855 0.2676666671875 0.3845 0.268 0.38125 0.2686666671875 0.35350000000000004 0.263 0.35075 0.251 0.35025 0.24700000000000003 0.352 0.24700000000000003 0.37425 0.24866666718750002 0.3845 0.2513333328125 0.3865 0.266 0.3855
6 0.2946666671875 0.3865 0.296 0.35350000000000004 0.2943333328125 0.352 0.2883333328125 0.351 0.277 0.3505 0.275 0.3505 0.2726666671875 0.3525 0.273 0.3845 0.275 0.3865 0.2816666671875 0.38575 0.2946666671875 0.3865
6 0.318 0.387 0.31966666718750003 0.385 0.31966666718750003 0.376 0.32166666718750003 0.373 0.31966666718750003 0.36924999999999997 0.32 0.35325 0.3183333328125 0.35175 0.31433333281250003 0.351 0.3016666671875 0.35075 0.2983333328125 0.352 0.2986666671875 0.3845 0.302 0.38675000000000004 0.305 0.386 0.318 0.387
6 0.3453333328125 0.38775 0.3476666671875 0.37425 0.348 0.353 0.3456666671875 0.35125 0.3326666671875 0.35025 0.32599999999999996 0.3505 0.32366666718750003 0.35275 0.3246666671875 0.386 0.3263333328125 0.3875 0.33599999999999997 0.3855 0.3453333328125 0.38775
6 0.3883333328125 0.38675000000000004 0.3906666671875 0.3845 0.391 0.382 0.3903333328125 0.353 0.3876666671875 0.35075 0.3756666671875 0.35025 0.37066666718749997 0.35125 0.36866666718749996 0.35325 0.369 0.38525 0.3723333328125 0.38775 0.38333333281250004 0.38625 0.3883333328125 0.38675000000000004
6 0.41566666718749995 0.385 0.4166666671875 0.35350000000000004 0.41233333281249995 0.3505 0.396 0.34975 0.3936666671875 0.35150000000000003 0.3946666671875 0.38475000000000004 0.3963333328125 0.38675000000000004 0.41200000000000003 0.38775 0.41566666718749995 0.385
6 0.43933333281250003 0.38875000000000004 0.44266666718750003 0.3845 0.442 0.35325 0.43566666718749997 0.34950000000000003 0.4226666671875 0.34950000000000003 0.42000000000000004 0.35325 0.41900000000000004 0.37275 0.42000000000000004 0.386 0.42300000000000004 0.388 0.43933333281250003 0.38875000000000004
6 0.493 0.38375 0.49466666718749996 0.37324999999999997 0.49366666718749996 0.36666675 0.4956666671875 0.35325 0.49400000000000005 0.35125 0.49066666718749996 0.35025 0.47400000000000003 0.34975 0.4723333328125 0.369 0.472 0.38075000000000003 0.47400000000000003 0.386 0.4903333328125 0.38625 0.493 0.38375
6 0.5173333328124999 0.38849999999999996 0.5213333328124999 0.38525 0.5223333328125 0.35375 0.5213333328124999 0.34950000000000003 0.502 0.34900000000000003 0.4996666671875 0.35275 0.499 0.3845 0.5016666671875 0.387 0.5086666671875 0.38525 0.5173333328124999 0.38849999999999996
6 0.5473333328125001 0.38525 0.549 0.37324999999999997 0.5496666671875 0.352 0.548 0.34950000000000003 0.5293333328125 0.34900000000000003 0.5273333328125 0.35 0.5256666671875 0.36924999999999997 0.5253333328124999 0.38525 0.5276666671875 0.38825 0.5446666671875 0.389 0.5473333328125001 0.38525
6 0.5763333328125 0.35 0.5713333328125 0.34900000000000003 0.5559999999999999 0.34900000000000003 0.553 0.353 0.5526666671875 0.38725 0.572 0.38825 0.5756666671875 0.38475000000000004 0.5763333328125 0.35
6 0.5993333328125 0.38875000000000004 0.6026666671875 0.38125 0.6033333328125 0.35150000000000003 0.6 0.34925 0.5836666671875 0.34900000000000003 0.5820000000000001 0.34950000000000003 0.581 0.354 0.58 0.38825 0.5846666671875 0.38849999999999996 0.5876666671875 0.38675000000000004 0.5993333328125 0.38875000000000004
6 0.7166666671875 0.38625 0.7206666671875 0.38075000000000003 0.7206666671875 0.35125 0.7166666671875 0.3485 0.7006666671875 0.34875 0.6983333328125 0.34950000000000003 0.6973333328125 0.3525 0.6956666671875 0.372 0.697 0.383 0.702 0.38575 0.7166666671875 0.38625
6 0.7476666671875 0.38425 0.749 0.38075000000000003 0.7493333328125 0.34950000000000003 0.7453333328125 0.3485 0.73 0.34875 0.727 0.34975 0.726 0.353 0.725 0.365 0.726 0.38425 0.7276666671875 0.385 0.7476666671875 0.38425
6 0.7723333328125 0.38849999999999996 0.7753333328124999 0.3865 0.7773333328125 0.382 0.7776666671875 0.3505 0.7723333328125 0.34875 0.758 0.3485 0.7546666671875 0.34950000000000003 0.7536666671875001 0.353 0.7516666671875 0.388 0.755 0.389 0.7593333328125 0.3875 0.7723333328125 0.38849999999999996
6 0.7906666671875 0.38675000000000004 0.7986666671875 0.38975 0.8036666671875 0.386 0.8056666671875 0.38075000000000003 0.8053333328125 0.35075 0.8026666671875 0.34875 0.7873333328125 0.3485 0.7826666671875 0.34925 0.7813333328125001 0.3525 0.7803333328125001 0.38625 0.7826666671875 0.38825 0.7866666671875 0.38825 0.7906666671875 0.38675000000000004
6 0.8296666671875 0.3895 0.834 0.38125 0.8353333328125 0.355 0.834 0.34925 0.819 0.3485 0.8116666671875 0.34950000000000003 0.8099999999999999 0.353 0.8083333328125001 0.37174999999999997 0.8076666671874999 0.38575 0.8089999999999999 0.38849999999999996 0.8176666671874999 0.38775 0.8296666671875 0.3895
6 0.0263333328125 0.6775 0.028000000000000004 0.65725 0.031 0.64675 0.0293333328125 0.64325 0.0213333328125 0.64275 0.013333332812500001 0.64725 0.007666667187499999 0.654 0.008 0.678 0.012 0.68125 0.017333332812499998 0.68125 0.0263333328125 0.6775
6 0.0486666671875 0.68275 0.057333332812500006 0.64625 0.0453333328125 0.64425 0.038666667187499996 0.6455 0.030666667187500003 0.65 0.028999999999999998 0.65775 0.0293333328125 0.675 0.031333332812499996 0.6815 0.036 0.683 0.0486666671875 0.68275
6 0.0706666671875 0.68225 0.072 0.6815 0.0726666671875 0.6759999999999999 0.0716666671875 0.66525 0.077 0.65425 0.079 0.64625 0.076 0.645 0.0676666671875 0.645 0.0533333328125 0.65025 0.0503333328125 0.67775 0.053000000000000005 0.6809999999999999 0.0566666671875 0.68275 0.0706666671875 0.68225
6 0.0946666671875 0.68275 0.1 0.67375 0.0996666671875 0.6597500000000001 0.10200000000000001 0.6465 0.0926666671875 0.645 0.0853333328125 0.646 0.079 0.65025 0.07666666718750001 0.65725 0.07566666718750001 0.666 0.07666666718750001 0.68275 0.08299999999999999 0.68475 0.0946666671875 0.68275
6 0.1186666671875 0.6845 0.1233333328125 0.674 0.1193333328125 0.6685 0.1233333328125 0.6587500000000001 0.1243333328125 0.65 0.123 0.649 0.10733333281249999 0.648 0.10066666718749999 0.6535 0.101 0.68225 0.10333333281249998 0.6845 0.10700000000000001 0.68525 0.1186666671875 0.6845
6 0.14666666718750002 0.67425 0.1496666671875 0.654 0.1486666671875 0.64725 0.1396666671875 0.646 0.1306666671875 0.64725 0.1243333328125 0.65575 0.1233333328125 0.66575 0.124 0.68525 0.12933333281249998 0.68675 0.1423333328125 0.68575 0.14666666718750002 0.67425
6 0.1583333328125 0.68175 0.1623333328125 0.659 0.162 0.6495 0.1533333328125 0.64775 0.1473333328125 0.6525000000000001 0.146 0.6565000000000001 0.14666666718750002 0.6845 0.154 0.6875 0.157 0.68525 0.1583333328125 0.68175
6 0.189 0.687 0.1903333328125 0.686 0.193 0.6815 0.1983333328125 0.65 0.193 0.648 0.1813333328125 0.6487499999999999 0.17733333281250002 0.6505 0.173 0.65725 0.17033333281250002 0.67275 0.16933333281250001 0.68525 0.17033333281250002 0.6865 0.178 0.6877500000000001 0.189 0.687
6 0.21633333281249997 0.6849999999999999 0.2173333328125 0.68175 0.21833333281249998 0.65025 0.205 0.6495 0.1966666671875 0.655 0.195 0.65775 0.1956666671875 0.68575 0.2006666671875 0.68825 0.2126666671875 0.687 0.21633333281249997 0.6849999999999999
6 0.23900000000000002 0.6855 0.24466666718750002 0.65425 0.242 0.65075 0.231 0.65025 0.2276666671875 0.6515 0.22000000000000003 0.6565000000000001 0.21833333281249998 0.66525 0.2193333328125 0.687 0.22400000000000003 0.689 0.2366666671875 0.68925 0.23900000000000002 0.6855
6 0.2653333328125 0.6775 0.2663333328125 0.655 0.2653333328125 0.65225 0.2636666671875 0.651 0.2553333328125 0.6505 0.24866666718750002 0.6527499999999999 0.242 0.658 0.2403333328125 0.666 0.24300000000000002 0.6877500000000001 0.24933333281249997 0.6900000000000001 0.2633333328125 0.68925 0.2653333328125 0.6775
6 0.2866666671875 0.68925 0.2863333328125 0.68075 0.2883333328125 0.67775 0.2866666671875 0.6675 0.29 0.654 0.28700000000000003 0.6527499999999999 0.2756666671875 0.6537499999999999 0.2683333328125 0.65775 0.2663333328125 0.6615 0.2663333328125 0.689 0.274 0.69075 0.2853333328125 0.6900000000000001 0.2866666671875 0.68925
6 0.3113333328125 0.6895 0.3136666671875 0.65425 0.31033333281250003 0.6527499999999999 0.2983333328125 0.65325 0.2936666671875 0.65625 0.29100000000000004 0.6605000000000001 0.2916666671875 0.6895 0.2946666671875 0.6917500000000001 0.3076666671875 0.6915 0.3113333328125 0.6895
6 0.3293333328125 0.69325 0.3356666671875 0.6915 0.3373333328125 0.689 0.3386666671875 0.6765 0.3393333328125 0.65775 0.3376666671875 0.6545 0.3246666671875 0.654 0.3183333328125 0.65625 0.3153333328125 0.66175 0.31466666718749997 0.67275 0.31433333281250003 0.68225 0.316 0.6905 0.32166666718750003 0.69275 0.3293333328125 0.69325
6 0.3636666671875 0.6575 0.3586666671875 0.65475 0.3436666671875 0.65575 0.3396666671875 0.662 0.339 0.671 0.3393333328125 0.68925 0.3413333328125 0.6940000000000001 0.361 0.69375 0.3636666671875 0.6575
6 0.3823333328125 0.69475 0.3856666671875 0.69275 0.38933333281250004 0.657 0.3876666671875 0.6555 0.37266666718749997 0.65525 0.36633333281249997 0.6587500000000001 0.364 0.663 0.3633333328125 0.67475 0.365 0.69325 0.376 0.6952499999999999 0.3823333328125 0.69475
6 0.41166666718749995 0.6935 0.4143333328125 0.65775 0.41233333281249995 0.65625 0.40599999999999997 0.6555 0.3963333328125 0.65625 0.3916666671875 0.6599999999999999 0.3896666671875 0.66525 0.3896666671875 0.69325 0.3936666671875 0.69575 0.40833333281249995 0.696 0.41166666718749995 0.6935
6 0.4373333328125 0.693 0.43966666718749997 0.658 0.43600000000000005 0.6565000000000001 0.4233333328125 0.6565000000000001 0.42000000000000004 0.65775 0.4166666671875 0.6615 0.4153333328125 0.66725 0.41600000000000004 0.6952499999999999 0.425 0.69775 0.43533333281250003 0.697 0.4373333328125 0.693
6 0.45899999999999996 0.69775 0.462 0.69375 0.4643333328125 0.6599999999999999 0.4623333328125 0.658 0.45866666718750004 0.657 0.4483333328125 0.6575 0.44299999999999995 0.6597500000000001 0.44066666718749997 0.6645 0.43933333281250003 0.6855 0.441 0.69575 0.44400000000000006 0.6975 0.45899999999999996 0.69775
6 0.48600000000000004 0.6985 0.489 0.66625 0.4876666671875 0.6587500000000001 0.4733333328125 0.658 0.46900000000000003 0.659 0.466 0.6645 0.465 0.6725 0.46399999999999997 0.686 0.4663333328125 0.697 0.4743333328125 0.69975 0.48600000000000004 0.6985
6 0.5096666671875 0.7 0.5123333328124999 0.6975 0.514 0.68675 0.515 0.6637500000000001 0.514 0.6599999999999999 0.5086666671875 0.6587500000000001 0.49733333281250003 0.6587500000000001 0.4943333328125 0.6597500000000001 0.491 0.6655 0.4903333328125 0.6719999999999999 0.48966666718749996 0.68625 0.49133333281249997 0.6975 0.49800000000000005 0.7005 0.5096666671875 0.7
6 0.5366666671875 0.6980000000000001 0.5389999999999999 0.66175 0.5373333328125 0.6599999999999999 0.5213333328124999 0.6597500000000001 0.5183333328125 0.66225 0.517 0.66925 0.517 0.69725 0.5253333328124999 0.70075 0.5343333328125001 0.7 0.5366666671875 0.6980000000000001
6 0.5616666671874999 0.7005 0.563 0.6992499999999999 0.5650000000000001 0.6855 0.5660000000000001 0.6677500000000001 0.5650000000000001 0.66225 0.5613333328125 0.6597500000000001 0.548 0.6595 0.5443333328125 0.66175 0.5429999999999999 0.66725 0.5426666671875 0.69725 0.5446666671875 0.7 0.5523333328125 0.7015 0.5616666671874999 0.7005