0 0.7799817703125 0.587851996875 0.7599754046875 0.5873888890625001 0.7595969328125001 0.6052265625000001 0.7800983796875001 0.6054887156250001 0.7799817703125 0.587851996875
0 0.7802439234375 0.5696388890625 0.7598883109375 0.5694357640625001 0.7598590859375001 0.586838975 0.7800691546875 0.5874500874999999 0.7802439234375 0.5696388890625
0 0.7805350109375 0.551031684375 0.7602375578125 0.5508272562500001 0.7598590859375001 0.568930121875 0.7803020828125 0.569192275 0.7805350109375 0.551031684375
0 0.7804186921875 0.53242665 0.7604123265625 0.5326119796875 0.7601501734375 0.54997569375 0.7802439234375 0.5504123265625 0.7804186921875 0.53242665
0 0.7810593171875 0.5140351562500001 0.7605870953125 0.514265625 0.7603249421875 0.5315846359374999 0.7805350109375 0.531409721875 0.7810593171875 0.5140351562500001
0 0.7818165515625 0.49612890624999995 0.7608492484375 0.4959192703125 0.7603831015625 0.5134157984375001 0.7810593171875 0.513066840625 0.7818165515625 0.49612890624999995
0 0.7813504046874999 0.47730208281250003 0.761024015625 0.47757291718749995 0.7607907984375 0.49511328125 0.7812922453125 0.495637153125 0.7813504046874999 0.47730208281250003
0 0.7815833328124999 0.4586901046875 0.7612858796875 0.45804730937500004 0.7608492484375 0.47658854218749996 0.7814670140625 0.4767630203125 0.7815833328124999 0.4586901046875
0 0.7821657984375 0.44073090312499996 0.7612858796875 0.43983159687500006 0.7609655671875 0.45793055625 0.7816417828125 0.45854166718749995 0.7821657984375 0.44073090312499996
0 0.7821076390624999 0.422832465625 0.7611114 0.423058159375 0.7610821765625 0.4393337671875 0.7819910296875 0.44020703125000005 0.7821076390624999 0.422832465625
0 0.7823405671875 0.3994153640625 0.761984953125 0.39868359375 0.761839409375 0.42115538125 0.7818747109374999 0.4210681421875 0.7823405671875 0.3994153640625
0 0.7824571765624999 0.3760407984375 0.761984953125 0.3753576390625 0.7616646406250001 0.39795529531249996 0.7825734953125 0.397780815625 0.7824571765624999 0.3760407984375
0 0.7834473375 0.3516267359375 0.7625089703125 0.3513763015625 0.7624215859375 0.3739778640625 0.78327256875 0.37354123281249996 0.7834473375 0.3516267359375
0 0.7833015046875 0.328125 0.7627711234375 0.3279192703125 0.7626837390625 0.34995225625000004 0.783359953125 0.3509127609375 0.7833015046875 0.328125
0 0.7839421296875 0.28207855937500004 0.763120659375 0.28152907968749996 0.7629166671875 0.30329470468749997 0.7834762734375 0.3038185765625 0.7839421296875 0.28207855937500004
0 0.784175346875 0.30527690937499996 0.7626837390625 0.3047239578125 0.7625089703125 0.326492621875 0.7840587390625 0.32762803749999997 0.784175346875 0.30527690937499996
7 0.6679568859375 0.31070095468750003 0.6509505203125 0.3098689234375 0.650626446875 0.3601853296875 0.6668958328125 0.360097221875 0.6679568859375 0.31070095468750003
7 0.6367737265625 0.41085329843749996 0.670904225 0.41315060781249996 0.670845196875 0.3882317703125 0.66654195625 0.38770138906249996 0.66683680625 0.3620755203125 0.6504201390625 0.3610646703125 0.6515107062500001 0.3868177078125 0.6368327546875 0.38690625 0.6367737265625 0.41085329843749996
7 0.662710359375 0.77269835 0.6458223375000001 0.772484375 0.6449675921875 0.822625 0.6620622109375 0.8232434890624999 0.662710359375 0.77269835
7 0.6630642359375 0.721152778125 0.6463527203125 0.721023871875 0.6461464125 0.7703723953125 0.662710359375 0.77090234375 0.6630642359375 0.721152778125
7 0.6639484953125 0.6695998265625 0.6471484375000001 0.66929774375 0.64661805625 0.7201449656250001 0.6629461812499999 0.720851996875 0.6639484953125 0.6695998265625
7 0.66441985 0.61787109375 0.6477673609375 0.6174392359375 0.6469421296875 0.6684162328125 0.6634178234375 0.669034721875 0.66441985 0.61787109375
7 0.6650387734375001 0.566765190625 0.648386284375 0.5666419265625 0.6474137734375 0.6168684890625 0.664331596875 0.6173988718750001 0.6650387734375001 0.566765190625
7 0.6656284718750001 0.5153940968749999 0.64909375 0.5151809890625 0.6481799765625 0.5656740453125 0.6650387734375001 0.5659392359375001 0.6656284718750001 0.5153940968749999
7 0.6659820609375 0.464105034375 0.6492705437499999 0.46372048593750004 0.6491232640625 0.5143068578125 0.6655104171875 0.5145720484375 0.6659820609375 0.464105034375
7 0.6663356484375 0.413136284375 0.6498894671875 0.4123923609375 0.6492410296875 0.46315104218750003 0.665805265625 0.4629739578125 0.6663356484375 0.413136284375
5 0.35519155156250004 0.296609375 0.3336976265625 0.2954275171875 0.3334421296875 0.3074075515625 0.35519155156250004 0.30817404531250003 0.35519155156250004 0.296609375
5 0.3549589125 0.3083828125 0.3336976265625 0.3080794265625 0.3333026625 0.32029600625 0.354912615625 0.320574653125 0.3549589125 0.3083828125
5 0.354680265625 0.32065538125000004 0.33348871562500004 0.3203138015625 0.33353501093750004 0.3325681421875 0.354587384375 0.333125434375 0.354680265625 0.32065538125000004
5 0.3545407984375 0.33288585 0.3336281828125 0.3327565109375 0.333256365625 0.34507725625 0.35463368125 0.344937934375 0.3545407984375 0.33288585
5 0.35463368125 0.3457122390625 0.3332795140625 0.345304253125 0.33307031249999997 0.35748567656249997 0.35426186406250004 0.35839149375 0.35463368125 0.3457122390625
1 0.3538269671875 0.3588302953125 0.333022859375 0.35838151093750004 0.3325208328125 0.40743359375 0.35374971093749996 0.408359375 0.3538269671875 0.3588302953125
1 0.35228298593749996 0.5844552953125 0.33117013906250004 0.583484375 0.3307453703125 0.6327109375 0.3513567703125 0.6336367187499999 0.35228298593749996 0.5844552953125
1 0.350430265625 0.763121528125 0.32931741875 0.7630807296875 0.329355903125 0.81126171875 0.3503532984375 0.8113776046875 0.350430265625 0.763121528125
5 0.35331915468749997 0.46015190937500006 0.33203674843750003 0.459930121875 0.33159866875 0.471805121875 0.353204571875 0.47203385468750003 0.35331915468749997 0.46015190937500006
5 0.353242765625 0.47254774375 0.331808159375 0.472192275 0.3316365734375 0.4842009546875 0.3530523734375 0.48454383749999996 0.353242765625 0.47254774375
5 0.35312847187499996 0.484726996875 0.331579571875 0.4845373265625 0.33137008125 0.4967799484375 0.3527092015625 0.49683723906250005 0.35312847187499996 0.484726996875
5 0.353090278125 0.4970481765625 0.33152227968750003 0.49679774375 0.33167476875 0.5090442703125 0.352823784375 0.5092725687499999 0.353090278125 0.4970481765625
5 0.3530523734375 0.5095412328125 0.3314079859375 0.509058159375 0.33190335625 0.5215368921875 0.3527473953125 0.521651475 0.3530523734375 0.5095412328125
5 0.352823784375 0.522051215625 0.331465278125 0.5218333328125 0.3312936921875 0.5341041671875 0.3525188078125 0.53438975625 0.352823784375 0.522051215625
5 0.3524806140625 0.534745225 0.331465278125 0.5341796875 0.33156047499999997 0.5464557296875 0.3524427078125 0.5464557296875 0.3524806140625 0.534745225
5 0.3525188078125 0.5466354171875001 0.3312366890625 0.5464405375 0.33144618124999997 0.558745659375 0.3521759265625 0.5589171000000001 0.3525188078125 0.5466354171875001
5 0.3523284140625 0.559526475 0.3312366890625 0.55938671875 0.331141203125 0.57135069375 0.3521759265625 0.5716935765625 0.3523284140625 0.559526475
5 0.35206163125 0.572093315625 0.3312366890625 0.5717330734375 0.331141203125 0.58380381875 0.3520995375 0.5838611109375 0.35206163125 0.572093315625
5 0.351337384375 0.688328125 0.3303220484375 0.6885091140624999 0.3299982640625 0.70043836875 0.351070890625 0.6998671875 0.351337384375 0.688328125
5 0.351108796875 0.7005646703124999 0.3300934609375 0.7005125875 0.3300743640625 0.7129036453125 0.351032696875 0.7127894968749999 0.351108796875 0.7005646703124999
5 0.351146990625 0.7125685765625 0.3298648734375 0.712430121875 0.3298839703125 0.7252500000000001 0.350956596875 0.7252500000000001 0.351146990625 0.7125685765625
5 0.3509945015625 0.7253138015625 0.3300934609375 0.7254622390625001 0.32980758125 0.7375954859375 0.350804109375 0.7375954859375 0.3509945015625 0.7253138015625
5 0.3506898140625 0.7376345484375 0.32975057812499997 0.7377230906250001 0.329845775 0.7503728296875 0.3507659140625 0.7499157984375 0.3506898140625 0.7376345484375
5 0.350804109375 0.7505442703125 0.3295217015625 0.7504123265625 0.3294265046875 0.7619687500000001 0.3505755203125 0.7624830734375 0.350804109375 0.7505442703125