6 0.3023333328125 0.14975 0.30533333281249997 0.14675 0.305 0.123 0.3023333328125 0.121 0.2983333328125 0.12125 0.29100000000000004 0.12325 0.2863333328125 0.127 0.2846666671875 0.13874999999999998 0.28700000000000003 0.15 0.296 0.15075 0.3023333328125 0.14975
6 0.322 0.14725 0.3233333328125 0.14650000000000002 0.32366666718750003 0.14250000000000002 0.321 0.129 0.3243333328125 0.123 0.32366666718750003 0.12175 0.3183333328125 0.11975 0.3096666671875 0.12075 0.30733333281249997 0.12275 0.3066666671875 0.12875 0.3063333328125 0.14325000000000002 0.3076666671875 0.147 0.31 0.14850000000000002 0.322 0.14725
6 0.3393333328125 0.146 0.341 0.14325000000000002 0.3396666671875 0.11925 0.33399999999999996 0.118 0.327 0.11975 0.32366666718750003 0.12275 0.3226666671875 0.12575 0.3233333328125 0.141 0.325 0.146 0.3293333328125 0.14725 0.3393333328125 0.146
6 0.3573333328125 0.14450000000000002 0.36 0.14250000000000002 0.3593333328125 0.119 0.3576666671875 0.11599999999999999 0.352 0.11525 0.3413333328125 0.11875 0.3406666671875 0.12050000000000001 0.3396666671875 0.13125 0.3416666671875 0.14450000000000002 0.3453333328125 0.14575 0.3573333328125 0.14450000000000002
6 0.3756666671875 0.11499999999999999 0.3743333328125 0.11399999999999999 0.37 0.1135 0.3616666671875 0.1155 0.3593333328125 0.1265 0.3596666671875 0.14250000000000002 0.3636666671875 0.144 0.37733333281250003 0.14250000000000002 0.3756666671875 0.11499999999999999
6 0.3886666671875 0.142 0.3923333328125 0.141 0.395 0.13874999999999998 0.3923333328125 0.124 0.3943333328125 0.11499999999999999 0.3923333328125 0.11325 0.388 0.11225 0.3806666671875 0.1135 0.378 0.1155 0.37666666718749997 0.11850000000000001 0.378 0.14025 0.3806666671875 0.14250000000000002 0.3886666671875 0.142
6 0.413 0.1385 0.41200000000000003 0.12025 0.4136666671875 0.1155 0.413 0.11125 0.40833333281249995 0.11000000000000001 0.40033333281249994 0.11074999999999999 0.3976666671875 0.11225 0.3953333328125 0.11674999999999999 0.396 0.13874999999999998 0.3996666671875 0.14075 0.40800000000000003 0.1405 0.413 0.1385
6 0.429 0.13774999999999998 0.43200000000000005 0.13474999999999998 0.43200000000000005 0.11025 0.42833333281249997 0.1075 0.4246666671875 0.1075 0.41966666718749995 0.1085 0.4146666671875 0.11125 0.413 0.11850000000000001 0.4146666671875 0.1385 0.42000000000000004 0.13925 0.429 0.13774999999999998
6 0.45066666718750004 0.1305 0.45199999999999996 0.10725 0.4476666671875 0.10600000000000001 0.43433333281250003 0.10725 0.433 0.11875 0.434 0.13574999999999998 0.43899999999999995 0.13674999999999998 0.4486666671875 0.13525 0.45066666718750004 0.1305
6 0.46666666718750005 0.134 0.46900000000000003 0.13125 0.47000000000000003 0.10725 0.46666666718750005 0.10475000000000001 0.462 0.10475000000000001 0.45499999999999996 0.10525 0.45099999999999996 0.1075 0.4503333328125 0.129 0.4516666671875 0.13425 0.4556666671875 0.1355 0.46666666718750005 0.134
6 0.4883333328125 0.12825 0.489 0.1105 0.488 0.1035 0.48266666718750006 0.10225 0.47366666718749995 0.10325 0.471 0.10700000000000001 0.46966666718749994 0.11574999999999999 0.4703333328125 0.13174999999999998 0.475 0.1335 0.487 0.131 0.4883333328125 0.12825
6 0.5026666671875 0.13075 0.5066666671875 0.127 0.507 0.10325 0.502 0.10024999999999999 0.495 0.101 0.49000000000000005 0.10325 0.489 0.1065 0.488 0.11975 0.4893333328125 0.12975 0.4926666671875 0.13125 0.5026666671875 0.13075
6 0.5253333328124999 0.12775 0.5269999999999999 0.12675 0.5266666671875 0.1 0.523 0.0985 0.5116666671875 0.09925 0.51 0.09975 0.509 0.10325 0.5086666671875 0.1275 0.5096666671875 0.12875 0.513 0.12925 0.5253333328124999 0.12775
6 0.5416666671875 0.12675 0.5436666671875 0.12450000000000001 0.5443333328125 0.12025 0.545 0.10325 0.5436666671875 0.09825 0.541 0.09625 0.529 0.0975 0.526 0.10024999999999999 0.525 0.1085 0.5269999999999999 0.12675 0.5286666671875 0.12775 0.5416666671875 0.12675
6 0.5643333328125 0.123 0.5636666671875 0.09575 0.5563333328125 0.0945 0.549 0.09575 0.5466666671875 0.09825 0.5466666671875 0.124 0.5486666671875 0.12625 0.5606666671875 0.125 0.5643333328125 0.123
6 0.5833333328125 0.11825000000000001 0.584 0.09525 0.5803333328125 0.0925 0.572 0.09325 0.5666666671875 0.09525 0.5660000000000001 0.09825 0.5660000000000001 0.123 0.568 0.12425 0.5816666671874999 0.123 0.5833333328125 0.11825000000000001
6 0.6033333328125 0.119 0.604 0.1165 0.6033333328125 0.09175 0.6 0.09075 0.5896666671874999 0.09175 0.5860000000000001 0.09525 0.5856666671874999 0.12075 0.5873333328125 0.12250000000000001 0.5996666671875001 0.121 0.6033333328125 0.119
6 0.6243333328125 0.11574999999999999 0.6246666671875001 0.091 0.623 0.0895 0.6183333328125 0.0885 0.61 0.08975 0.606 0.09175 0.6056666671875 0.119 0.612 0.12 0.6216666671875 0.11850000000000001 0.6243333328125 0.11574999999999999
6 0.643 0.11499999999999999 0.6436666671875 0.11274999999999999 0.6436666671875 0.08775 0.6386666671875 0.086 0.6346666671875 0.08625000000000001 0.628 0.08775 0.626 0.09 0.6263333328125 0.11674999999999999 0.6293333328124999 0.118 0.6386666671875 0.11699999999999999 0.643 0.11499999999999999
6 0.665 0.1115 0.6656666671875 0.08975 0.6636666671875 0.08475 0.6616666671875 0.08349999999999999 0.6566666671875 0.08375 0.6493333328124999 0.08575 0.6466666671875 0.08775 0.646 0.093 0.6463333328124999 0.11525 0.651 0.11574999999999999 0.6626666671875 0.11399999999999999 0.665 0.1115
6 0.6846666671875 0.11100000000000002 0.6849999999999999 0.1095 0.6853333328125 0.08399999999999999 0.6816666671875 0.08125 0.6719999999999999 0.08249999999999999 0.6686666671875 0.08375 0.667 0.08775 0.6663333328125 0.11174999999999999 0.6693333328125 0.11374999999999999 0.6813333328125 0.1125 0.6846666671875 0.11100000000000002
6 0.7046666671875 0.08025 0.7016666671875 0.0785 0.6966666671875 0.07875 0.6906666671874999 0.08025 0.6873333328125 0.08299999999999999 0.6873333328125 0.11100000000000002 0.7006666671875 0.11100000000000002 0.706 0.10725 0.7046666671875 0.08025
6 0.727 0.10149999999999999 0.726 0.07775 0.7246666671875001 0.0765 0.7206666671875 0.07625 0.7113333328125 0.07825 0.7086666671875 0.08 0.7070000000000001 0.08575 0.7086666671875 0.10825 0.7133333328125 0.1095 0.7253333328125 0.10725 0.727 0.10149999999999999
6 0.7483333328125 0.10400000000000001 0.749 0.10225 0.7486666671875 0.076 0.744 0.07375000000000001 0.7366666671875 0.0745 0.7316666671875 0.07575 0.73 0.079 0.7293333328125 0.10425 0.7323333328125 0.10700000000000001 0.745 0.1055 0.7483333328125 0.10400000000000001
6 0.77 0.09975 0.77 0.07825 0.7686666671875 0.0725 0.7673333328124999 0.0715 0.756 0.07225000000000001 0.7513333328125 0.076 0.751 0.1035 0.756 0.10475000000000001 0.7666666671875 0.10325 0.77 0.09975
6 0.7916666671875 0.097 0.7913333328125 0.072 0.7883333328125001 0.06925 0.7856666671875 0.06899999999999999 0.7753333328124999 0.06999999999999999 0.773 0.073 0.773 0.09975 0.775 0.10175000000000001 0.7903333328125 0.09975 0.7916666671875 0.097
6 0.8140000000000001 0.09575 0.8133333328125 0.068 0.8103333328125 0.06525 0.7986666671875 0.06725 0.7963333328125 0.0685 0.7943333328125 0.07225000000000001 0.7946666671875 0.0975 0.7969999999999999 0.0995 0.8106666671875 0.0985 0.8140000000000001 0.09575
6 0.8273333328125 0.0955 0.829 0.0915 0.8300000000000001 0.06375 0.8213333328125 0.0645 0.8183333328125 0.06625 0.8166666671874999 0.06975 0.8146666671875 0.09575 0.8183333328125 0.09725 0.8233333328124999 0.09725 0.8273333328125 0.0955
6 0.8583333328125 0.09175 0.8576666671875 0.063 0.8539999999999999 0.061250000000000006 0.8416666671874999 0.061250000000000006 0.8390000000000001 0.067 0.8386666671875 0.094 0.8403333328124999 0.0955 0.8536666671875001 0.09425 0.8583333328125 0.09175
6 0.8806666671875 0.09075 0.8826666671875 0.088 0.8823333328125 0.065827 0.8843333328125 0.0605 0.876 0.059 0.8643333328124999 0.060750000000000005 0.8623333328125 0.06325 0.8616666671875001 0.06949999999999999 0.8623333328125 0.09225 0.8643333328124999 0.09325 0.8733333328124999 0.09275 0.8806666671875 0.09075
6 0.9033333328125 0.08775 0.9046666671875 0.08425 0.9043333328125 0.06 0.8996666671875 0.056499999999999995 0.8886666671875 0.057499999999999996 0.885 0.060250000000000005 0.8843333328125 0.08825 0.8876666671875 0.08975 0.9006666671874999 0.08875 0.9033333328125 0.08775
6 0.9286666671875 0.08375 0.9269999999999999 0.05625 0.9236666671875 0.054000000000000006 0.9116666671875 0.05475 0.9066666671875 0.058499999999999996 0.907 0.08775 0.9133333328125 0.08825 0.9236666671875 0.087 0.9286666671875 0.08375
6 0.9470000000000001 0.08449999999999999 0.951 0.08175 0.952 0.0785 0.951 0.05500000000000001 0.9470000000000001 0.052000000000000005 0.9346666671875001 0.052500000000000005 0.9313333328125 0.05425 0.9296666671875 0.05675 0.93 0.08375 0.9316666671875 0.08549999999999999 0.9470000000000001 0.08449999999999999
6 0.9576666671874999 0.08375 0.9706666671875 0.08249999999999999 0.9743333328125001 0.0805 0.9756666671875 0.07725 0.9746666671875 0.052500000000000005 0.9706666671875 0.04975 0.9656666671874999 0.0495 0.9553333328125 0.05125 0.9533333328125 0.05325 0.9526666671875 0.0805 0.9536666671875 0.08275 0.9543333328125 0.08375 0.9576666671874999 0.08375
6 0.993 0.08 0.9970000000000001 0.07625 0.9963333328124999 0.05625 0.9943333328125 0.04925 0.991 0.0475 0.9783333328125 0.04875 0.9746666671875 0.05275 0.9766666671875001 0.07075000000000001 0.9753333328125 0.08 0.9776666671875001 0.08125 0.993 0.08
6 0.286 0.502 0.28300000000000003 0.49424999999999997 0.2873333328125 0.47850000000000004 0.2713333328125 0.47800000000000004 0.27 0.479 0.269 0.48525 0.2693333328125 0.5037499999999999 0.274 0.5055 0.2836666671875 0.5037499999999999 0.286 0.502
6 0.3026666671875 0.50475 0.3046666671875 0.5025000000000001 0.3026666671875 0.48875 0.305 0.48224999999999996 0.304 0.47850000000000004 0.29533333281249996 0.4765 0.2866666671875 0.47850000000000004 0.2853333328125 0.48975 0.2863333328125 0.50225 0.29100000000000004 0.505 0.3026666671875 0.50475
6 0.322 0.50525 0.3246666671875 0.5025000000000001 0.3226666671875 0.49024999999999996 0.32599999999999996 0.47824999999999995 0.315 0.47675 0.308 0.47775 0.3056666671875 0.493 0.305 0.50175 0.3063333328125 0.504 0.31066666718749997 0.50525 0.322 0.50525
6 0.32599999999999996 0.50475 0.329 0.506 0.3423333328125 0.50575 0.3436666671875 0.49974999999999997 0.343 0.48741675000000007 0.3456666671875 0.48224999999999996 0.3443333328125 0.47874999999999995 0.3333333328125 0.47625 0.3266666671875 0.47725 0.3223333328125 0.4795 0.322 0.48250000000000004 0.3243333328125 0.48550000000000004 0.3246666671875 0.502 0.32599999999999996 0.50475
6 0.363 0.50125 0.36 0.49474999999999997 0.36 0.48825 0.365 0.47850000000000004 0.3493333328125 0.4765 0.3453333328125 0.47850000000000004 0.3443333328125 0.48624999999999996 0.344 0.50175 0.3453333328125 0.5045 0.3613333328125 0.50575 0.363 0.50125
6 0.3826666671875 0.5025000000000001 0.383 0.49924999999999997 0.37966666718750003 0.49050000000000005 0.3843333328125 0.48250000000000004 0.3823333328125 0.47850000000000004 0.3743333328125 0.47625 0.36833333281249997 0.47625 0.3643333328125 0.47850000000000004 0.364 0.50325 0.3673333328125 0.50525 0.38 0.50475 0.3826666671875 0.5025000000000001
6 0.3826666671875 0.502 0.385 0.50475 0.40033333281249994 0.5055 0.4026666671875 0.5015 0.404 0.49424999999999997 0.403 0.48825 0.40499999999999997 0.47800000000000004 0.403 0.47675 0.3886666671875 0.47575 0.38366666718750003 0.47850000000000004 0.385 0.48405 0.3846666671875 0.48949999999999994 0.3823333328125 0.49400000000000005 0.3826666671875 0.502
6 0.4216666671875 0.5035000000000001 0.4226666671875 0.5015 0.42400000000000004 0.47824999999999995 0.42133333281249996 0.47625 0.4176666671875 0.4755 0.4073333328125 0.4755 0.40433333281249995 0.47824999999999995 0.4033333328125 0.503 0.4056666671875 0.50475 0.41733333281249996 0.50575 0.4216666671875 0.5035000000000001
6 0.45366666718750004 0.5002500000000001 0.45533333281250005 0.48224999999999996 0.4543333328125 0.476 0.4523333328125 0.47474999999999995 0.438 0.47474999999999995 0.43600000000000005 0.47725 0.43533333281250003 0.48624999999999996 0.43533333281250003 0.50275 0.4386666671875 0.50475 0.45133333281250004 0.5042500000000001 0.45366666718750004 0.5002500000000001
6 0.4743333328125 0.50175 0.4723333328125 0.48550000000000004 0.47533333281249995 0.47850000000000004 0.47466666718750006 0.47675 0.4703333328125 0.475 0.45999999999999996 0.47450000000000003 0.4566666671875 0.477 0.4543333328125 0.502 0.4583333328125 0.5045 0.471 0.50475 0.4743333328125 0.50175
6 0.49533333281249997 0.50225 0.49533333281249997 0.49018174999999997 0.49766666718749997 0.47850000000000004 0.4966666671875 0.47625 0.49400000000000005 0.47424999999999995 0.4806666671875 0.47424999999999995 0.47800000000000004 0.47474999999999995 0.477 0.47800000000000004 0.476 0.5025000000000001 0.4783333328125 0.5042500000000001 0.49400000000000005 0.504 0.49533333281249997 0.50225
6 0.5136666671875 0.5037499999999999 0.5153333328125 0.50225 0.516 0.47450000000000003 0.499 0.47424999999999995 0.49733333281250003 0.477 0.497 0.4845 0.49633333281249997 0.50175 0.49733333281250003 0.50325 0.5016666671875 0.5042500000000001 0.5136666671875 0.5037499999999999
6 0.536 0.502 0.538 0.47474999999999995 0.5286666671875 0.47325 0.5213333328124999 0.47325 0.5173333328124999 0.47450000000000003 0.516 0.502 0.5206666671875 0.5042500000000001 0.5333333328125 0.5042500000000001 0.536 0.502
6 0.558 0.47775 0.5563333328125 0.47400000000000003 0.5433333328125001 0.47325 0.5396666671875 0.47450000000000003 0.5386666671875 0.493 0.5383333328125001 0.502 0.5396666671875 0.50325 0.5566666671875 0.5035000000000001 0.558 0.47775
6 0.5866666671874999 0.502 0.588 0.47450000000000003 0.584 0.4725 0.5780000000000001 0.47225 0.5716666671875 0.47225 0.5656666671874999 0.47450000000000003 0.5653333328125 0.502 0.5683333328125 0.504 0.584 0.5037499999999999 0.5866666671874999 0.502
6 0.6086666671875001 0.502 0.6096666671875 0.47400000000000003 0.607 0.472 0.593 0.472 0.5900000000000001 0.47375 0.5893333328125 0.477 0.5883333328125 0.50175 0.5913333328125 0.5035000000000001 0.6073333328125 0.503 0.6086666671875001 0.502
6 0.6306666671875 0.50175 0.6306666671875 0.47400000000000003 0.6216666671875 0.4715 0.6143333328125 0.47175 0.6103333328125 0.47424999999999995 0.6096666671875 0.50175 0.615 0.5037499999999999 0.628 0.50325 0.6306666671875 0.50175
6 0.653 0.50225 0.653 0.47300000000000003 0.6476666671875 0.47125000000000006 0.6363333328125 0.47125000000000006 0.634 0.472 0.6326666671875001 0.47450000000000003 0.632 0.50175 0.6346666671875 0.50325 0.649 0.50325 0.653 0.50225
6 0.675 0.5015 0.6746666671875 0.4725 0.6706666671875 0.47074999999999995 0.661 0.471 0.6563333328125001 0.47325 0.6559999999999999 0.50175 0.662 0.5035000000000001 0.6733333328125 0.50275 0.675 0.5015
6 0.6990000000000001 0.4795 0.6976666671875 0.472 0.6933333328125 0.47050000000000003 0.6806666671875 0.47074999999999995 0.6783333328125 0.47275 0.6773333328125 0.47750000000000004 0.6769999999999999 0.50175 0.6813333328125 0.50325 0.6976666671875 0.50225 0.6990000000000001 0.4795
6 0.722 0.49824999999999997 0.7213333328125 0.471 0.7043333328125 0.47024999999999995 0.702 0.47175 0.7016666671875 0.50175 0.7046666671875 0.503 0.7206666671875 0.50275 0.722 0.49824999999999997
6 0.7486666671875 0.502 0.7483333328125 0.47074999999999995 0.744 0.46975 0.7313333328125 0.46975 0.7283333328125 0.47050000000000003 0.7273333328125 0.4725 0.728 0.50175 0.7313333328125 0.503 0.7443333328125 0.503 0.7486666671875 0.502
6 0.7713333328124999 0.46975 0.7676666671875 0.46875 0.7553333328125 0.46925 0.752 0.47050000000000003 0.751 0.4725 0.7513333328125 0.5015 0.7556666671875 0.503 0.7713333328124999 0.50225 0.7713333328124999 0.46975
6 0.798 0.49974999999999997 0.798 0.47050000000000003 0.792 0.46825 0.779 0.46825 0.7769999999999999 0.46950000000000003 0.7766666671875 0.50175 0.779 0.50275 0.7963333328125 0.502 0.798 0.49974999999999997
6 0.8443333328125 0.49850000000000005 0.8446666671875 0.47375 0.842 0.46875 0.8256666671874999 0.46799999999999997 0.8230000000000001 0.46925 0.8213333328125 0.48674999999999996 0.8210000000000001 0.49775 0.8253333328125001 0.50175 0.8423333328125 0.5015 0.8443333328125 0.49850000000000005
6 0.8693333328125 0.47050000000000003 0.8653333328124999 0.46825 0.857 0.46799999999999997 0.8503333328125 0.46825 0.8476666671875 0.47024999999999995 0.8476666671875 0.50125 0.8673333328125 0.50175 0.8703333328125 0.49850000000000005 0.8693333328125 0.47050000000000003
6 0.8949999999999999 0.49824999999999997 0.8946666671875001 0.47050000000000003 0.8886666671875 0.46725000000000005 0.8763333328125 0.46725000000000005 0.8723333328124999 0.46975 0.874 0.49924999999999997 0.877 0.50125 0.8923333328125 0.5002500000000001 0.8949999999999999 0.49824999999999997
6 0.9193333328125 0.5 0.9206666671875 0.49850000000000005 0.9196666671875 0.46849999999999997 0.916 0.46699999999999997 0.9056666671875 0.46699999999999997 0.9 0.46749999999999997 0.8973333328124999 0.46925 0.897 0.48724999999999996 0.899 0.5002500000000001 0.9156666671875 0.501 0.9193333328125 0.5
6 0.9456666671875 0.49800000000000005 0.9436666671875 0.46675000000000005 0.9283333328125 0.4665 0.9223333328125 0.46799999999999997 0.9233333328125 0.5002500000000001 0.9393333328125 0.50125 0.9433333328125 0.5005 0.9456666671875 0.49800000000000005
6 0.9706666671875 0.50075 0.9743333328125001 0.49800000000000005 0.9730000000000001 0.46675000000000005 0.9683333328125 0.4655 0.959 0.46525 0.9490000000000001 0.4665 0.9483333328124999 0.47725 0.95 0.49800000000000005 0.9546666671875 0.5005 0.9706666671875 0.50075
6 0.9996666671875 0.4655 0.9816666671875 0.4655 0.9766666671875001 0.4665 0.9753333328125 0.46825 0.9776666671875001 0.499 0.9783333328125 0.49974999999999997 0.9996666671875 0.499 0.9996666671875 0.4655
6 0.23700000000000002 0.93025 0.24133333281249997 0.9 0.24 0.89875 0.225 0.8977499999999999 0.22200000000000003 0.9 0.2213333328125 0.9037499999999999 0.2196666671875 0.92975 0.225 0.932 0.23566666718749998 0.932 0.23700000000000002 0.93025
6 0.23700000000000002 0.93025 0.24133333281249997 0.9 0.24 0.89875 0.225 0.8977499999999999 0.22200000000000003 0.9 0.2213333328125 0.9037499999999999 0.2196666671875 0.92975 0.225 0.932 0.23566666718749998 0.932 0.23700000000000002 0.93025
6 0.25833333281250004 0.932 0.26233333281250004 0.9047499999999999 0.2606666671875 0.90025 0.248 0.8985 0.24300000000000002 0.89975 0.2403333328125 0.917 0.2403333328125 0.9317500000000001 0.24733333281249997 0.9337500000000001 0.25633333281250004 0.9339999999999999 0.25833333281250004 0.932
6 0.27599999999999997 0.93625 0.27799999999999997 0.9317500000000001 0.2783333328125 0.9125 0.2836666671875 0.9035 0.2803333328125 0.90175 0.2673333328125 0.90025 0.2636666671875 0.901 0.2613333328125 0.9175000000000001 0.261 0.932 0.26233333281250004 0.9345000000000001 0.26433333281250004 0.93575 0.27599999999999997 0.93625
6 0.2906666671875 0.9390000000000001 0.29700000000000004 0.93825 0.29900000000000004 0.9359999999999999 0.2983333328125 0.9238125 0.3003333328125 0.913 0.303 0.9085000000000001 0.3016666671875 0.90425 0.29100000000000004 0.9027499999999999 0.2846666671875 0.9035 0.2806666671875 0.922 0.2803333328125 0.93225 0.2823333328125 0.9359999999999999 0.2863333328125 0.93825 0.2906666671875 0.9390000000000001
6 0.322 0.9412499999999999 0.32366666718750003 0.9395 0.322 0.9342499999999999 0.3223333328125 0.91525 0.3253333328125 0.908 0.31266666718749997 0.90425 0.306 0.90425 0.3016666671875 0.91625 0.3016666671875 0.9355 0.30333333281249997 0.9390000000000001 0.31033333281250003 0.9410000000000001 0.322 0.9412499999999999
6 0.3416666671875 0.9417500000000001 0.3463333328125 0.9119999999999999 0.343 0.90825 0.3346666671875 0.9067500000000001 0.3293333328125 0.9067500000000001 0.32599999999999996 0.90825 0.324 0.9257500000000001 0.32366666718750003 0.9395 0.32566666718750004 0.942 0.339 0.94275 0.3416666671875 0.9417500000000001
6 0.3613333328125 0.94675 0.36666666718749996 0.9432499999999999 0.37266666718749997 0.9359999999999999 0.373 0.92325 0.37 0.91175 0.3656666671875 0.9092499999999999 0.3496666671875 0.9087500000000001 0.3473333328125 0.9119999999999999 0.3466666671875 0.921 0.346 0.9395 0.3473333328125 0.943 0.3493333328125 0.94475 0.3613333328125 0.94675
6 0.43533333281250003 0.95475 0.437 0.9512499999999999 0.4363333328125 0.93125 0.441 0.91975 0.43933333281250003 0.9179999999999999 0.4246666671875 0.9164999999999999 0.42133333281249996 0.9177500000000001 0.4186666671875 0.9369999999999999 0.418 0.94825 0.4193333328125 0.9512499999999999 0.4266666671875 0.95425 0.43533333281250003 0.95475
6 0.458 0.9564999999999999 0.4603333328125 0.9550000000000001 0.4623333328125 0.9435 0.46266666718750005 0.9199999999999999 0.44699999999999995 0.9179999999999999 0.442 0.91975 0.4413333328125 0.9225 0.44000000000000006 0.9390000000000001 0.441 0.953 0.44333333281250004 0.9550000000000001 0.458 0.9564999999999999
6 0.48600000000000004 0.9237500000000001 0.47866666718750006 0.92075 0.4663333328125 0.921 0.4643333328125 0.9332499999999999 0.4636666671875 0.9550000000000001 0.47000000000000003 0.9577500000000001 0.4823333328125 0.95875 0.48600000000000004 0.9237500000000001
6 0.5056666671875 0.961 0.5103333328125 0.9332499999999999 0.51 0.9269999999999999 0.505 0.924 0.49766666718749997 0.9225 0.49000000000000005 0.92275 0.4883333328125 0.92425 0.48733333281249996 0.92925 0.4863333328125 0.95625 0.489 0.95875 0.49533333281249997 0.96125 0.5056666671875 0.961
6 0.529 0.96275 0.533 0.9272500000000001 0.5286666671875 0.9255000000000001 0.519 0.92425 0.5126666671875 0.9257500000000001 0.5113333328125 0.9289999999999999 0.5106666671875 0.94525 0.5103333328125 0.95875 0.5116666671875 0.961 0.5176666671875 0.96275 0.529 0.96275
6 0.5509999999999999 0.9662499999999999 0.5536666671875 0.96325 0.5546666671875 0.9550000000000001 0.5566666671875 0.9512499999999999 0.5576666671875 0.931 0.5516666671875 0.9275 0.537 0.92675 0.5346666671875 0.93 0.534 0.9349999999999999 0.5326666671875 0.95875 0.534 0.9625 0.5446666671875 0.966 0.5509999999999999 0.9662499999999999
6 0.5816666671874999 0.96675 0.5826666671875 0.9425000000000001 0.5846666671875 0.93125 0.5823333328125 0.93 0.5676666671875 0.92875 0.5643333328125 0.9289999999999999 0.5623333328125 0.9315 0.5593333328125001 0.9635 0.564 0.9675 0.5763333328125 0.97 0.5816666671874999 0.96675
6 0.6046666671875001 0.97075 0.6073333328125 0.9695 0.6083333328125 0.96675 0.61 0.93475 0.6076666671875001 0.9324999999999999 0.592 0.93025 0.5876666671875 0.931 0.5860000000000001 0.9342499999999999 0.5853333328125 0.9682499999999999 0.5883333328125 0.97 0.595 0.9712500000000001 0.6046666671875001 0.97075
6 0.6313333328125 0.9737500000000001 0.636 0.9595 0.635 0.93675 0.6336666671875 0.9352499999999999 0.6243333328125 0.9337500000000001 0.615 0.9332499999999999 0.6113333328125 0.9349999999999999 0.6116666671875 0.97075 0.6153333328125 0.97325 0.627 0.97625 0.6313333328125 0.9737500000000001
6 0.7673333328124999 0.9865 0.769 0.98275 0.7706666671875 0.95075 0.7676666671875 0.9477499999999999 0.755 0.94625 0.7503333328124999 0.9470000000000001 0.7503333328124999 0.98225 0.7516666671875 0.985 0.764 0.9880000000000001 0.7673333328124999 0.9865
6 0.8 0.9807499999999999 0.8006666671874999 0.9555 0.7983333328125 0.9512499999999999 0.787 0.9494999999999999 0.7836666671875 0.95075 0.7796666671875 0.97325 0.78 0.9884999999999999 0.79 0.99075 0.7983333328125 0.9904999999999999 0.8 0.9807499999999999
6 0.826 0.9925 0.8273333328125 0.9824999999999999 0.827 0.9550000000000001 0.8233333328124999 0.9535 0.8063333328125 0.9512499999999999 0.8033333328125 0.9545 0.8029999999999999 0.962 0.8019999999999999 0.98675 0.8039999999999999 0.99 0.8086666671874999 0.99225 0.826 0.9925
6 0.8553333328124999 0.994 0.8539999999999999 0.9574999999999999 0.8533333328125 0.9564999999999999 0.842 0.954 0.834 0.95375 0.8316666671874999 0.9550000000000001 0.8333333328125001 0.99275 0.8413333328125001 0.9952500000000001 0.8533333328125 0.9962500000000001 0.8553333328124999 0.994
6 0.9026666671875001 0.98575 0.901 0.962 0.897 0.96 0.8886666671875 0.95875 0.8816666671875 0.9595 0.8796666671875 0.961 0.8806666671875 0.9960000000000001 0.8896666671875 0.99975 0.9019999999999999 0.99975 0.9026666671875001 0.98575
6 0.9283333328125 0.9625 0.9269999999999999 0.9615 0.9133333328125 0.96 0.9039999999999999 0.961 0.906 0.99975 0.9303333328125 0.99975 0.9296666671875 0.9664999999999999 0.9283333328125 0.9625
6 0.9573333328125001 0.9890000000000001 0.9553333328125 0.9654999999999999 0.9536666671875 0.96425 0.9423333328125001 0.962 0.9353333328125 0.96125 0.9326666671874999 0.96275 0.9323333328125001 0.9875 0.9336666671874999 0.99975 0.9563333328124999 0.99975 0.9573333328125001 0.9890000000000001
0 0.9455876671875 0.300827 0.9159430000000001 0.30263425 0.9188543328125001 0.351615 0.9492933328125 0.35042475 0.9455876671875 0.300827
5 0.34031466718750003 0.31902949999999997 0.26160733281250004 0.32279274999999996 0.25461133281250004 0.380645 0.34031466718750003 0.3763375 0.34031466718750003 0.31902949999999997
5 0.3850403328125 0.31547125 0.3418136671875 0.31801425 0.34206366718750003 0.3768995 0.3865393328125 0.37708675 0.3850403328125 0.31547125
5 0.4317646671875 0.31284925 0.38529 0.31492225 0.3867893328125 0.37483925 0.429516 0.3716555 0.4317646671875 0.31284925
5 0.47748999999999997 0.3104145 0.43251433281249996 0.31295449999999997 0.43001566718750006 0.37184275 0.47574066718749997 0.37071925 0.47748999999999997 0.3104145
5 0.5227153328125 0.3083545 0.4786143328125 0.31098675 0.47649033281250003 0.3709065 0.5222153328125 0.36940825 0.5227153328125 0.3083545
5 0.5711886671874999 0.3053385 0.52284 0.3073325 0.5227153328125 0.369763 0.5701893328125001 0.369014 0.5711886671874999 0.3053385
5 0.6211616671875 0.302342 0.5726880000000001 0.30480275 0.5701893328125001 0.3667665 0.6214113328125 0.364332 0.6211616671875 0.302342
5 0.6712593328125 0.2987835 0.622161 0.3014295 0.618538 0.365643 0.6707596671875 0.3639575 0.6712593328125 0.2987835
5 0.7234806671875 0.29597425 0.671634 0.29805625 0.6707596671875 0.36283375 0.7219816671875 0.3613355 0.7234806671875 0.29597425
5 0.7777013328125 0.293165 0.7241053328125 0.2952455 0.7234806671875 0.360961 0.7749526671875 0.3600245 0.7777013328125 0.293165
5 0.8286733328125001 0.289607 0.7777013328125 0.2929965 0.7777013328125 0.35759025 0.827924 0.354219 0.8286733328125001 0.289607
5 0.875648 0.31002074999999996 0.8339206671875001 0.31098675 0.8334210000000001 0.3538445 0.8793960000000001 0.350848 0.875648 0.31002074999999996
5 0.31611633281249996 0.71343375 0.22602733281249998 0.709653 0.2179836671875 0.77613525 0.3096813328125 0.78136025 0.31611633281249996 0.71343375
5 0.3649146671875 0.7154432500000001 0.31611633281249996 0.71266925 0.3075363328125 0.783772 0.354726 0.7857815 0.3649146671875 0.7154432500000001
5 0.4110316671875 0.717453 0.365987 0.71568575 0.3584796671875 0.7857815 0.4056693328125 0.78819325 0.4110316671875 0.717453
5 0.46197499999999997 0.7198645 0.4110316671875 0.71809875 0.40888666718750005 0.7877912499999999 0.45553999999999994 0.79020275 0.46197499999999997 0.7198645
5 0.5118456671875 0.72187425 0.46331566718749995 0.71990875 0.4592936671875 0.7922125 0.5070193328125 0.795428 0.5118456671875 0.72187425
5 0.5643976671875001 0.7230800000000001 0.5139906671875 0.72111525 0.5070193328125 0.794624 0.5574263328125 0.79623175 0.5643976671875001 0.7230800000000001
5 0.6169496671875 0.72468775 0.56547 0.72232175 0.5601076671875 0.7986435000000001 0.6105146671874999 0.8030647500000001 0.6169496671875 0.72468775
5 0.6716466671875 0.72790325 0.6185583328125001 0.72473475 0.617486 0.8010550000000001 0.6689653328125 0.8030647500000001 0.6716466671875 0.72790325
5 0.7306336671875 0.729109 0.6716466671875 0.727148 0.672183 0.80628025 0.725271 0.807084 0.7306336671875 0.729109
5 0.7928379999999999 0.73312825 0.7327786671875 0.729561 0.731706 0.8082897499999999 0.7896203328125 0.8111035 0.7928379999999999 0.73312825
5 0.8464623328125 0.73634375 0.7963236671875 0.7355937499999999 0.7917653328125 0.8098974999999999 0.8464623328125 0.8175342499999999 0.8464623328125 0.73634375
5 0.9097393328125 0.7367457500000001 0.8486073328125 0.7349905 0.8459263328125 0.81552475 0.9070579999999999 0.8219555 0.9097393328125 0.7367457500000001
5 0.9751613328125 0.740765 0.9097393328125 0.7374035 0.9118843328124999 0.8199460000000001 0.9714076671875 0.8251709999999999 0.9751613328125 0.740765
0 0.3794996671875 0.9107649999999999 0.3776826671875 0.9464625 0.41402033281249995 0.949867 0.417654 0.91650275 0.3794996671875 0.9107649999999999
0 0.6452173328125 0.93682575 0.6479426671875 0.974039 0.6969983328125 0.9808479999999999 0.6965443328124999 0.9427175 0.6452173328125 0.93682575
0 0.706537 0.9434687500000001 0.7074453328125 0.98016725 0.743783 0.9842525 0.743783 0.949867 0.706537 0.9434687500000001