2 0.157473525 0.4221067703125 0.22194357656250002 0.4217825515625 0.2191315109375 0.416755859375 0.2236744796875 0.40718880156250004 0.22216015625000002 0.3989189453125 0.228434028125 0.3771904296875 0.1629748265625 0.376994465625 0.1566080734375 0.3979459640625 0.1581228296875 0.40767512968749997 0.15444487812500002 0.41399902343750006 0.157473525 0.4221067703125
6 0.2124826390625 0.3674348953125 0.20449652812500002 0.3674348953125 0.20449652812500002 0.3687239578125 0.2124826390625 0.3687239578125 0.2124826390625 0.3674348953125
2 0.1865234375 0.3496845703125 0.24825434062500001 0.3498430984375 0.24571744843749999 0.34524772187499997 0.249734375 0.33605729218749997 0.2474088546875 0.329243815625 0.2524826390625 0.3100709640625 0.192963975 0.3092265625 0.1858893234375 0.32718391874999997 0.18821484375 0.3373251953125 0.1825065109375 0.3425540359375 0.1865234375 0.3496845703125
5 0.251536025 0.35146875 0.265488715625 0.351310546875 0.2627404515625 0.3463984375 0.26527734375 0.3397431640625 0.2640091140625 0.330236003125 0.270773871875 0.31042903593750004 0.255953125 0.31132845 0.2517473953125 0.329126628125 0.253015625 0.340060221875 0.249421875 0.347666015625 0.251536025 0.35146875
5 0.27986458281250004 0.3313450515625 0.28789800312499997 0.3113798828125 0.270351128125 0.3115384109375 0.2644318578125 0.329126628125 0.26591145781250003 0.3386341140625 0.2629518234375 0.3460813796875 0.267683159375 0.35198828125000003 0.2796532125 0.3521025390625 0.2785959203125 0.3463984375 0.2811328125 0.3386341140625 0.27986458281250004 0.3313450515625
5 0.3050221359375 0.3099537765625 0.288109375 0.3101123046875 0.2796532125 0.3308697921875 0.2817673609375 0.3386341140625 0.2785959203125 0.34623990937500004 0.2804986984375 0.352419596875 0.29780165 0.3534147140625 0.2942404515625 0.3473489578125 0.296565971875 0.3386341140625 0.29635416718749996 0.3311865234375 0.3050221359375 0.3099537765625
5 0.317706596875 0.31185514375 0.3026966140625 0.312330403125 0.296988715625 0.329443684375 0.2986796875 0.33657421875 0.2959314234375 0.3470322265625 0.298891059375 0.35289485625 0.3142873265625 0.352701496875 0.3100959203125 0.3471904296875 0.3141124125 0.33689095 0.3115755203125 0.3311865234375 0.317706596875 0.31185514375
5 0.3331393234375 0.3115384109375 0.317495225 0.312013671875 0.3134782984375 0.3310283203125 0.31580381874999996 0.339109375 0.3117873265625 0.3471904296875 0.31453559062499997 0.352419596875 0.3295052078125 0.35198828125000003 0.326585503125 0.3475074875 0.328699653125 0.338950846875 0.3272200515625 0.3307112625 0.3331393234375 0.3115384109375
5 0.3506861984375 0.31074609375 0.33250520781250004 0.312013671875 0.3278541671875 0.33039453124999996 0.32848828124999996 0.339109375 0.3272200515625 0.3471904296875 0.33060243125 0.352578125 0.3453567703125 0.352701496875 0.342230034375 0.3473489578125 0.3456124125 0.338950846875 0.3434982640625 0.3299189453125 0.3506861984375 0.31074609375
5 0.3642161453125 0.31169661406250004 0.349629340625 0.3115384109375 0.3447669265625 0.3311865234375 0.345823784375 0.3395846359375 0.34244140624999997 0.34655664062499997 0.3454010421875 0.352578125 0.36089149374999996 0.352939128125 0.3570282125 0.3473489578125 0.359776909375 0.3397431640625 0.3591423609375 0.330236003125 0.3642161453125 0.31169661406250004
5 0.3785920140625 0.31074609375 0.364004775 0.310904296875 0.3593537328125 0.3318203125 0.359776909375 0.338950846875 0.35660546875 0.34671516874999997 0.36083376718750004 0.352419596875 0.37769444375 0.352939128125 0.3745750875 0.3473489578125 0.3769006078125 0.338950846875 0.376055121875 0.331978840625 0.3785920140625 0.31074609375
5 0.39103819375 0.33166210937499996 0.3942092015625 0.31169661406250004 0.37919921875 0.3121722 0.37687369843749996 0.3322958984375 0.3783537328125 0.33942643281249996 0.375816840625 0.3473489578125 0.3798337671875 0.35289485625 0.3923064234375 0.352578125 0.39082682343749997 0.3475074875 0.39188368125 0.33942643281249996 0.39103819375 0.33166210937499996
5 0.799332465625 0.34449674531249996 0.8006011281250001 0.3495673828125 0.8003893234375001 0.3543209640625 0.81666796875 0.3543209640625 0.81666796875 0.3506764328125 0.8124396703125001 0.3430706375 0.81455381875 0.3322958984375 0.811171440625 0.3124889328125 0.8001779515624999 0.3124889328125 0.8001779515624999 0.33292968749999996 0.799332465625 0.34449674531249996
5 0.816879340625 0.35115201875 0.8170907125 0.3546380203125 0.8318893234375 0.3554303390625 0.8318893234375 0.3497259109375 0.82723828125 0.34291243437499996 0.8312552078125 0.3322958984375 0.8256649312500001 0.3129928390625 0.8113828125 0.3128059890625 0.8141310765625001 0.33292968749999996 0.8128624125 0.34386295625 0.816879340625 0.35115201875
5 0.8316779515625001 0.3482998046875 0.8316779515625001 0.35447949218749997 0.8490134546875 0.354954753125 0.8485907125000001 0.35004264375 0.8445737843750001 0.3430706375 0.8479561625 0.3324544265625 0.840980034375 0.313122721875 0.8259700515624999 0.313122721875 0.8310438375 0.3322958984375 0.8285069437500001 0.3430706375 0.8316779515625001 0.3482998046875
5 0.8488020828125 0.35004264375 0.84837890625 0.354162434375 0.8621206593749999 0.353845703125 0.8621206593749999 0.3495673828125 0.8595837671875 0.34322916718749996 0.86444618125 0.33419726562499996 0.857258246875 0.31328125 0.8437356765624999 0.3129928390625 0.8477447921874999 0.3318203125 0.8443624125 0.3422783203125 0.8488020828125 0.35004264375
5 0.226703125 0.4219446609375 0.247472221875 0.4216204421875 0.24509244843750003 0.416755859375 0.2461740453125 0.40945898437499995 0.2437942703125 0.3981080734375 0.24920312500000003 0.3763795578125 0.23175520781249997 0.3772376296875 0.22562152812499997 0.3981080734375 0.22886675312500002 0.40881022187499994 0.2251888015625 0.41659375 0.226703125 0.4219446609375
5 0.2665104171875 0.37783886718750004 0.24855381875 0.3771904296875 0.24401085 0.3981080734375 0.24660677031249997 0.40962109375000005 0.24574131875 0.41659375 0.24833767343750002 0.42243098906250004 0.265496528125 0.42200976562500003 0.2623997390625 0.41724218750000003 0.2630490453125 0.40945898437499995 0.2602365453125 0.3994052734375 0.2665104171875 0.37783886718750004
5 0.26153472187500004 0.41691796875 0.2634817703125 0.4214583328125 0.27992361093749996 0.4216204421875 0.2779765625 0.41659375 0.279058159375 0.40962109375000005 0.2781931421875 0.3979459640625 0.28496267343750004 0.3779677734375 0.26672656250000004 0.3781630859375 0.2613181421875 0.39956738281250004 0.263914496875 0.410107421875 0.26153472187500004 0.41691796875
5 0.2788420140625 0.41610709687499997 0.2807890625 0.42129622343750006 0.29614930625 0.4211337890625 0.29333680625 0.41691796875 0.29485112812500003 0.40945898437499995 0.29333680625 0.3987568359375 0.300043403125 0.37702799531250003 0.2836015625 0.37702799531250003 0.2775438375 0.3981080734375 0.279707465625 0.40978320312500005 0.2788420140625 0.41610709687499997
5 0.2946349828125 0.416755859375 0.2967986109375 0.4219446609375 0.3125915796875 0.4221067703125 0.31064453125 0.417728840625 0.3132404515625 0.41091829375 0.312807725 0.3987568359375 0.31675737812500004 0.37748112031250003 0.29896180625 0.3776767578125 0.2946349828125 0.3990810546875 0.2957165796875 0.40929655 0.2946349828125 0.416755859375
5 0.3115095484375 0.41659375 0.3125915796875 0.4217825515625 0.33184592031250004 0.4217825515625 0.32946614531249996 0.417080078125 0.330331596875 0.410594075 0.329682725 0.3979459640625 0.33330381875000004 0.3779677734375 0.31691840312499997 0.3780009765625 0.31302430625 0.3985944015625 0.31302430625 0.40978320312500005 0.3115095484375 0.41659375
5 0.876410590625 0.38400065156249996 0.8587630203125001 0.38400065156249996 0.8587630203125001 0.42833658906250005 0.876410590625 0.42833658906250005 0.876410590625 0.38400065156249996
5 0.8979201390625 0.40540494843749997 0.8922951390625 0.3838385421875 0.8741223953124999 0.3838385421875 0.8806124125 0.403296875 0.8777999124999999 0.41367480468749995 0.8806124125 0.423403971875 0.8809513890625 0.4288229171875 0.8972708328125 0.4287552078125 0.898136284375 0.4232418625 0.893593315625 0.41383691406249995 0.8979201390625 0.40540494843749997
2 0.677250434375 0.42713346406249997 0.7412877609375 0.4287552078125 0.74150390625 0.42259342499999997 0.7382591140625 0.41464778593749996 0.7412877609375 0.40313476562500006 0.7339322921875 0.381892578125 0.6713658859375 0.3821041671875 0.67551953125 0.40297265624999995 0.6742213546875 0.4125397140625 0.6768177078125001 0.4221067703125 0.677250434375 0.42713346406249997
0 0.12647048593750002 0.4858756515625 0.12220572968750001 0.49706315156249997 0.1302018234375 0.518638671875 0.16218663125 0.518439128125 0.15525651093749998 0.499060871875 0.15898828125 0.48747363281249995 0.15765538125 0.47948274687500003 0.164585503125 0.4553098953125 0.1675173609375 0.4489169921875 0.1368337671875 0.44947363281249997 0.136332465625 0.45371158906250003 0.12940234374999998 0.45371158906250003 0.12273914999999999 0.4768857421875 0.12647048593750002 0.4858756515625
0 0.19283854218750002 0.4788834640625 0.20376649375000003 0.44931673125 0.1688498265625 0.44911686250000005 0.15818836875 0.47948274687500003 0.16165364531249998 0.4860751953125 0.1563229171875 0.500259440625 0.1632526046875 0.518638671875 0.19758984375 0.5199225265625 0.19310503437499998 0.49966015625000004 0.1949704859375 0.4866748046875 0.19283854218750002 0.4788834640625
0 0.1981692703125 0.48707421875 0.1957704 0.49966015625000004 0.201367621875 0.5202369796874999 0.23548437500000002 0.52063639375 0.2463546 0.471357746875 0.238682725 0.4505153 0.2042994796875 0.4497161453125 0.19417100625 0.47828417968750003 0.1981692703125 0.48707421875
6 0.27518880156250003 0.10230338593749999 0.27686415000000003 0.105080403125 0.2841740453125 0.10436002656250001 0.2870677078125 0.0953333328125 0.27777777812500004 0.094990559375 0.27518880156250003 0.10230338593749999
6 0.2835646703125 0.10481705781249999 0.2933111984375 0.105080403125 0.2959001734375 0.095447590625 0.2873719625 0.0953333328125 0.2835646703125 0.10481705781249999
6 0.2972708328125 0.10504557343750001 0.3067890625 0.105251628125 0.3089973953125 0.09567610625 0.300621528125 0.09567610625 0.2972708328125 0.10504557343750001
6 0.3083880203125 0.10515983124999999 0.3172209203125 0.10515983124999999 0.3202669265625 0.0955618484375 0.311891059375 0.09567610625 0.3083880203125 0.10515983124999999
6 0.3199622390625 0.10515983124999999 0.32894748281249997 0.105251628125 0.3298611109375 0.0960188796875 0.322246528125 0.095904621875 0.3199622390625 0.10515983124999999
6 0.3307747390625 0.1045885421875 0.340140625 0.1047376296875 0.3412829859375 0.09659016875000001 0.333211371875 0.09659016875000001 0.3307747390625 0.1045885421875
6 0.34234895781249997 0.10436002656250001 0.3513342015625 0.10456640625 0.3522478296875 0.096361653125 0.344480903125 0.096361653125 0.34234895781249997 0.10436002656250001
6 0.3525525171875 0.1045885421875 0.362070746875 0.10456640625 0.36321267343749997 0.0962473953125 0.355598090625 0.0960188796875 0.3525525171875 0.1045885421875
6 0.367172309375 0.10447428437499999 0.377832465625 0.10490917968749999 0.377984809375 0.0962473953125 0.369608940625 0.0961331375 0.367172309375 0.10447428437499999
6 0.379203125 0.10481705781249999 0.38910199687499997 0.10515983124999999 0.38894965312499996 0.0960188796875 0.3798125 0.0957903640625 0.379203125 0.10481705781249999
6 0.39016796875000004 0.10481705781249999 0.401133246875 0.10515983124999999 0.398848525 0.09681868437499999 0.390625 0.09647591093749999 0.39016796875000004 0.10481705781249999
6 0.4014375 0.1055029296875 0.4114127609375 0.1054231765625 0.4096614578125 0.0962473953125 0.40158984374999995 0.096361653125 0.4014375 0.1055029296875
6 0.41164105937500006 0.10557617187499999 0.42214930624999997 0.1061083984375 0.42123524375 0.096549153125 0.41285937500000003 0.0962063796875 0.41164105937500006 0.10557617187499999
6 0.42351953125 0.10591894531249998 0.43334244843749997 0.1055944015625 0.4320481765625 0.0966634109375 0.42382421875 0.096549153125 0.42351953125 0.10591894531249998
6 0.4334188375 0.10591894531249998 0.44255598906250004 0.10626171874999998 0.44255598906250004 0.096549153125 0.43539843749999996 0.0963206375 0.4334188375 0.10591894531249998
6 0.44484027812500004 0.10614746093750001 0.4542825515625 0.10626171874999998 0.45413020781249996 0.0964348953125 0.44651562499999997 0.0963206375 0.44484027812500004 0.10614746093750001
6 0.46067881875000005 0.106033203125 0.470120659375 0.106490234375 0.46890234375000006 0.0964348953125 0.4623537328125 0.096549153125 0.46067881875000005 0.106033203125
6 0.47042534687500004 0.10591894531249998 0.48131380156250003 0.106279621875 0.47834418437500004 0.09677766875 0.47149131874999994 0.09677766875 0.47042534687500004 0.10591894531249998
6 0.48276085 0.10660449218750001 0.49342100625 0.10696484375 0.48976605937500006 0.09677766875 0.48276085 0.0964348953125 0.48276085 0.10660449218750001
6 0.49494401093749996 0.107404296875 0.5050711812500001 0.1073076171875 0.500578559375 0.0972347 0.49387803750000003 0.0971204421875 0.49494401093749996 0.107404296875
6 0.6371831593749999 0.197576496875 0.6480720484375 0.1981106765625 0.645559028125 0.1862643234375 0.6352035593750001 0.186150065625 0.6371831593749999 0.197576496875
6 0.6248476562499999 0.18637858125 0.625913628125 0.19708300781250002 0.635051215625 0.1978050125 0.6330716140625 0.1868356125 0.6248476562499999 0.18637858125
6 0.61403515625 0.197939453125 0.624391059375 0.1981477859375 0.623172309375 0.1860358078125 0.612359809375 0.1855787765625 0.61403515625 0.197939453125
6 0.60017665 0.1851217453125 0.6016996531250001 0.1972337234375 0.61114149375 0.1976907546875 0.6100755203125 0.185236003125 0.60017665 0.1851217453125
6 0.5878411453125 0.1853502609375 0.590277778125 0.19708300781250002 0.6004813375 0.1974622390625 0.5975876734375001 0.185693034375 0.5878411453125 0.1853502609375
6 0.5869275171874999 0.18637858125 0.578703559375 0.1862643234375 0.5802265625 0.1960550125 0.58068359375 0.1976907546875 0.589973090625 0.19734798125 0.5869275171874999 0.18637858125
6 0.5624084203125 0.1970091140625 0.5736779515625 0.1974661453125 0.57215538125 0.18581152343750001 0.5614947921875 0.1853544921875 0.5624084203125 0.1970091140625
6 0.54900694375 0.19472395781250001 0.5511393234375 0.1963235671875 0.5594388015625 0.1965690109375 0.5590581593749999 0.187068359375 0.556316840625 0.1846686203125 0.5491592875 0.18489746093749998 0.54900694375 0.19472395781250001
6 0.5337782125 0.193924153125 0.5360625 0.1967805984375 0.544286025 0.1970091140625 0.5427630203125 0.1846686203125 0.5337782125 0.1846686203125 0.5337782125 0.193924153125
6 0.5217469625 0.1842115890625 0.5211380203125 0.19369563750000002 0.523422309375 0.197580403125 0.5322552078125 0.19742545625000002 0.5305798609375 0.193924153125 0.5302751734375 0.184325846875 0.5217469625 0.1842115890625
6 0.5092591140625 0.18489746093749998 0.5084978296875 0.19380989531249998 0.511848090625 0.196666340625 0.5205286453125 0.196666340625 0.5203763015625 0.187068359375 0.5185490453125 0.18489746093749998 0.5092591140625 0.18489746093749998
6 0.4967712671875 0.184782878125 0.4957052953125 0.1935813796875 0.49821831562499996 0.196740234375 0.5071271703125 0.19689485625 0.5080407984375 0.187296875 0.5056041671875 0.18489746093749998 0.4967712671875 0.184782878125
6 0.4836744796875 0.1839830734375 0.4832174484375 0.19369563750000002 0.48474045156249995 0.196740234375 0.49418272500000004 0.196666340625 0.4943346359375 0.1862685546875 0.492050346875 0.18409733125 0.4836744796875 0.1839830734375
6 0.47210026093749996 0.18455436249999999 0.47149131874999994 0.19335286406250002 0.4733185765625 0.1963974609375 0.48276085 0.1967805984375 0.48291319374999997 0.1871826171875 0.48123784687500004 0.1842115890625 0.47210026093749996 0.18455436249999999
6 0.45976475624999996 0.1853544921875 0.459003471875 0.19346712187499998 0.46006944375 0.1965690109375 0.470273003125 0.1963235671875 0.47118663125 0.1869541015625 0.46859765624999994 0.1844401046875 0.45976475624999996 0.1853544921875
6 0.44697265625 0.183411784375 0.44697265625 0.19198177031250002 0.44910459999999996 0.19622623749999998 0.4579375 0.1963235671875 0.458546440625 0.18546875000000002 0.45595746562499995 0.1835260421875 0.44697265625 0.183411784375
6 0.4413376734375 0.187123046875 0.4393580734375 0.1838092453125 0.4300681421875 0.1838092453125 0.4285451390625 0.1931787109375 0.43098177031249996 0.196721028125 0.43951041718750006 0.1965690109375 0.4399670140625 0.19786360625 0.4402717015625 0.197635090625 0.4413376734375 0.187123046875
6 0.4273268234375 0.183466471875 0.41834201406249993 0.1836949875 0.41590538125 0.1920361328125 0.4184943578125 0.1960550125 0.4282408859375 0.1964925125 0.4288498265625 0.18689453125 0.4273268234375 0.183466471875
6 0.40524479218750004 0.18415201875 0.40417881875 0.1928359375 0.406387153125 0.1963974609375 0.414838975 0.1961497390625 0.4166666671875 0.18609440156249998 0.414077690625 0.1842662765625 0.40524479218750004 0.18415201875
6 0.39336631875 0.1840377609375 0.39184331562499997 0.19352180937500002 0.3942799484375 0.1963974609375 0.40402647500000005 0.196263996875 0.40463585 0.186208659375 0.402655815625 0.1840377609375 0.39336631875 0.1840377609375
6 0.380421440625 0.1840377609375 0.37905078125 0.193750325 0.381030815625 0.1963974609375 0.390016059375 0.1961497390625 0.391690971875 0.186437175 0.389863715625 0.18415201875 0.380421440625 0.1840377609375
6 0.3775282125 0.1833522140625 0.36915190937500003 0.183466471875 0.367476996875 0.1924931640625 0.369608940625 0.1965690109375 0.37844184062499997 0.196263996875 0.37935546875 0.1865514328125 0.3775282125 0.1833522140625
6 0.356512153125 0.1842662765625 0.35483680624999997 0.19352180937500002 0.35712109375 0.1966067703125 0.3654969625 0.1966067703125 0.367476996875 0.18689453125 0.36534461875 0.184380534375 0.356512153125 0.1842662765625
6 0.344480903125 0.1836949875 0.34234895781249997 0.192607421875 0.34402430625 0.19622623749999998 0.35285677031249996 0.1963782546875 0.35514149375000004 0.186665690625 0.35285677031249996 0.183466471875 0.344480903125 0.1836949875
6 0.3274244796875 0.1836949875 0.325292534375 0.1934075515625 0.3281857640625 0.196263996875 0.336409721875 0.19603548125 0.33869401093749996 0.187123046875 0.336257378125 0.183466471875 0.3274244796875 0.1836949875
6 0.32468315937500003 0.1831236984375 0.3153936625 0.1831236984375 0.3125 0.192150390625 0.31493663125000004 0.1963782546875 0.32376953125 0.195806965625 0.3262061625 0.18598014375 0.32468315937500003 0.1831236984375
6 0.311738715625 0.183466471875 0.302601128125 0.183466471875 0.299859809375 0.1934075515625 0.30321006875 0.1963782546875 0.31128168437500003 0.196263996875 0.31417534687500004 0.1865514328125 0.311738715625 0.183466471875
6 0.29818489531250003 0.1839189453125 0.2905703125 0.184033203125 0.288286025 0.193174153125 0.289504340625 0.1969449875 0.2990221359375 0.1965690109375 0.300012153125 0.19774479218750002 0.30123046875 0.1868896484375 0.29818489531250003 0.1839189453125
6 0.289504340625 0.18631835937500002 0.2873719625 0.18334765625 0.27960546875 0.1832333984375 0.27617881875 0.1939990234375 0.278234809375 0.19637369843750002 0.2869153640625 0.19637369843750002 0.289504340625 0.18631835937500002
6 0.2745798609375 0.1832333984375 0.266660590625 0.1832333984375 0.26346267343749996 0.1928313796875 0.265442275 0.19622623749999998 0.2745798609375 0.19637369843750002 0.27655946249999996 0.187232421875 0.2745798609375 0.1832333984375
6 0.2622443578125 0.1841474609375 0.25386805625000003 0.1841474609375 0.2511271703125 0.1923743484375 0.2535638015625 0.1965690109375 0.26346267343749996 0.19614518281249999 0.26498524375 0.18791796875 0.2622443578125 0.1841474609375
6 0.24305555625 0.18334765625 0.23985763906250002 0.1912317703125 0.2421419265625 0.196030925 0.2503654515625 0.19580240937499999 0.2528020828125 0.1868896484375 0.2496041671875 0.18334765625 0.24305555625 0.18334765625
6 0.2250091140625 0.23132096406249997 0.21952647500000003 0.242484375 0.229730034375 0.24343294218749997 0.23308072968750002 0.23143522187499999 0.2250091140625 0.23132096406249997
6 0.2321666671875 0.24320442656250002 0.24252256874999997 0.24320442656250002 0.2460251734375 0.23223535156250003 0.2361263015625 0.23212109375 0.2321666671875 0.24320442656250002
6 0.24846180625 0.2308639328125 0.2437408859375 0.2426331375 0.2551627609375 0.24251887968750002 0.2553151046875 0.2426331375 0.2579040796875 0.2308639328125 0.24846180625 0.2308639328125
6 0.25866536406249996 0.24206184843749998 0.2679548609375 0.24183333281250002 0.27191449687499997 0.23109244843750001 0.263081596875 0.230978190625 0.25866536406249996 0.24206184843749998
6 0.2702395828125 0.24183333281250002 0.283031684375 0.2416279296875 0.285773003125 0.230749675 0.27496050312500003 0.230978190625 0.2702395828125 0.24183333281250002
7 0 0.8367695312500001 0.0171197921875 0.8375927734375 0.031105468749999997 0.8589407546875 0.033034287499999995 0.8394016921875 0.078848525 0.842658203125 0.0928337671875 0.7862122390625 0.16227821250000002 0.78657389375 0.1719231765625 0.7446012375 0.0359279515625 0.7398971359375001 0.026282985937499996 0.774271484375 0.01085069375 0.7728242187500001 0 0.8147968750000001 0 0.8367695312500001
7 0.261140190625 0.7442392578125 0.17385243125 0.7431536453125 0.1627604171875 0.7879414062500001 0.2071276046875 0.7883831375 0.20423437500000002 0.8119023437499999 0.25197743125 0.8133496093750001 0.261140190625 0.7442392578125
7 0.257523003125 0.8031321609375001 0.3474635421875 0.8043037109375 0.3537326390625 0.7453248703125 0.263551215625 0.74641015625 0.257523003125 0.8031321609375001
7 0.34818663125 0.8027262374999999 0.4470486109375 0.804759765625 0.44897743125 0.7477272140625 0.35590277812500004 0.745556315625 0.34818663125 0.8027262374999999
7 0.5420525171875 0.7498984375 0.449942275 0.7480891921875 0.4470602546875 0.8045317437499999 0.540605903125 0.8041735031250001 0.5420525171875 0.7498984375
7 0.5420525171875 0.8034498703124999 0.6380208328125 0.8036748046875 0.63319835 0.748812825 0.5410881078124999 0.7495364578125 0.5420525171875 0.8034498703124999
7 0.6380208328125 0.8059827468749999 0.7364006078124999 0.8058450515625 0.72820225625 0.7495364578125 0.6336805562500001 0.7491748046875 0.6380208328125 0.8059827468749999
7 0.7373650171875 0.792239909375 0.829957465625 0.7918779296875 0.8207947046875 0.748096028125 0.727237846875 0.749181640625 0.7373650171875 0.792239909375
7 0.8289930562500001 0.7900690109374999 0.9237556421875001 0.7911966140625 0.914351996875 0.749181640625 0.8222413187500001 0.7477343750000001 0.8289930562500001 0.7900690109374999
11 0.1265915796875 0.643001953125 0.112605903125 0.675205403125 0.10971267343749999 0.699810221875 0.1620368921875 0.7005930984375001 0.16227821250000002 0.6762906906249999 0.174816840625 0.6426402999999999 0.1265915796875 0.643001953125
11 0.0634162328125 0.6415546875 0.0508776046875 0.6715869140625 0.046055121875 0.6983626296875001 0.0925924484375 0.7011357421875 0.101996528125 0.67773828125 0.1121236984375 0.6419166671875 0.0634162328125 0.6415546875
5 0.3471189234375 0.3990361328125 0.352905815625 0.37748112031250003 0.334098090625 0.37748112031250003 0.32934461875 0.397640625 0.332237846875 0.41035644531250004 0.329964409375 0.41686946562499994 0.33203125 0.42183170625 0.3469123265625 0.42232454375 0.34753211875 0.41764485625000003 0.3491857640625 0.4098912765625 0.3471189234375 0.3990361328125
5 0.36303342031249997 0.39965657499999996 0.3696471359375 0.37748112031250003 0.350838975 0.3771712234375 0.34732552031249997 0.3982607421875 0.3495989578125 0.4092708328125 0.34525868125 0.41733463593750003 0.34753211875 0.4227623703125 0.3636532125 0.4227897140625 0.361586371875 0.41733463593750003 0.3648932296875 0.41020149687499996 0.36303342031249997 0.39965657499999996
5 0.38080772500000004 0.3995013015625 0.384527778125 0.37655078125 0.36675347187499996 0.37701595 0.3632400171875 0.3990361328125 0.3634466140625 0.41020149687499996 0.36117317656250003 0.41779980468750005 0.3634466140625 0.42214192656250005 0.38194444375000003 0.422092121875 0.379980903125 0.41764485625000003 0.3818411453125 0.40958105468749995 0.38080772500000004 0.3995013015625
5 0.39858203125 0.39919140625 0.403542534375 0.37763639375 0.3841145828125 0.3771712234375 0.37956770781250004 0.39919140625 0.3812209203125 0.41051139374999995 0.3793611109375 0.417955078125 0.3814279515625 0.4224521484375 0.39899565937500003 0.42325455781250004 0.39692881875 0.417955078125 0.39899565937500003 0.41097688750000005 0.39858203125 0.39919140625
5 0.4155299484375 0.4016725265625 0.42173046875000003 0.3759303390625 0.40209592031249997 0.3759303390625 0.3979622390625 0.40027669218749995 0.39920225625 0.41113183593749997 0.39692881875 0.4182653 0.3987890625 0.4229173171875 0.4166666671875 0.42348697968750004 0.4140833328125 0.41764485625000003 0.41739019062500005 0.41113183593749997 0.4155299484375 0.4016725265625
5 0.4339244796875 0.4008971359375 0.4368181421875 0.376240559375 0.419043403125 0.3763958328125 0.4155299484375 0.40027669218749995 0.41718315937500006 0.4106666671875 0.4140833328125 0.4181100265625 0.41615017343750005 0.4236927078125 0.43247786406250005 0.4240029296875 0.4316510421875 0.4191956375 0.43454427031250004 0.41144205781250004 0.4339244796875 0.4008971359375
5 0.4508723953125 0.4013623046875 0.45335243125 0.377326171875 0.435577690625 0.377326171875 0.43371788125000005 0.400431965625 0.43309765625 0.41113183593749997 0.4316510421875 0.4182653 0.43247786406250005 0.424312825 0.4504587671875 0.424312825 0.449012153125 0.4182653 0.45128559062500007 0.4106666671875 0.4508723953125 0.4013623046875
5 0.467819878125 0.40105208281250004 0.47009331562499995 0.377326171875 0.45252560781250006 0.3767057296875 0.45107899375000005 0.4008971359375 0.4504587671875 0.4108216140625 0.449012153125 0.41842024687499996 0.4506653640625 0.424312825 0.46875 0.42418457031249995 0.4665798609375 0.41966080781250004 0.46885329843749995 0.4115970046875 0.467819878125 0.40105208281250004
5 0.46740668437500005 0.41051139374999995 0.4657530375 0.41950585937499996 0.469680121875 0.424623046875 0.4845446875 0.4239665640625 0.4843541671875 0.419971028125 0.4845611984375 0.41097688750000005 0.48766102499999997 0.3782565109375 0.46988671875000004 0.3779462890625 0.4684401046875 0.4005869140625 0.46740668437500005 0.41051139374999995
5 0.4071592875 0.3317760421875 0.40881293437500005 0.31037630156249996 0.395171875 0.310221028125 0.3918650171875 0.33162109375000004 0.39289843750000003 0.3384443359375 0.391245225 0.3463528640625 0.39248524375 0.3518723953125 0.4086063375 0.3517802734375 0.40633246562499997 0.34712825468749997 0.40777951406249996 0.3392197265625 0.4071592875 0.3317760421875
5 0.409226128125 0.310841471875 0.406952690625 0.3317760421875 0.40901953124999996 0.3381341140625 0.40674609375 0.346818034375 0.40881293437500005 0.35147037812500004 0.42410720468749996 0.3507099609375 0.4243138015625 0.3330166015625 0.42638064218749994 0.3106861984375 0.409226128125 0.310841471875
5 0.4427083328125 0.310221028125 0.4286540796875 0.3099111328125 0.428757378125 0.3518723953125 0.44580859375 0.35147037812500004 0.4445685765625 0.33983984375 0.44436197968749996 0.3294501953125 0.4427083328125 0.310221028125
5 0.46275607656249995 0.3404602859375 0.4633763015625 0.3310006515625 0.459242621875 0.309755859375 0.443121528125 0.309755859375 0.44394835 0.331310871875 0.44436197968749996 0.3404602859375 0.446015190625 0.3466630859375 0.44560199687499996 0.35116015625 0.45965625 0.35116015625 0.4608962671875 0.35271093750000004 0.462136284375 0.347593425 0.46275607656249995 0.3404602859375
5 0.47743055625 0.33069075468750003 0.47453689218750006 0.31006608125 0.459862846875 0.310221028125 0.46130946249999993 0.331155925 0.46006944375 0.3392197265625 0.46151605937499995 0.34774837187499996 0.46130946249999993 0.35116015625 0.47557031250000004 0.3511751296875 0.4766037328125 0.3469733078125 0.47619053750000007 0.339064453125 0.47743055625 0.33069075468750003
5 0.4947916671875 0.32960514375 0.4912782125 0.31037630156249996 0.47433029531250004 0.31037630156249996 0.47598394062500005 0.3302252609375 0.47515711875 0.3407701828125 0.47619053750000007 0.34712825468749997 0.47577690937500006 0.3506949875 0.49324175312499996 0.3509423828125 0.494378471875 0.346818034375 0.4933450515625 0.339529621875 0.4947916671875 0.32960514375
5 0.50967274375 0.33038053437500003 0.5100859375 0.3299153640625 0.507605903125 0.31037630156249996 0.49107161406250005 0.31037630156249996 0.4933450515625 0.329760090625 0.49231163125000005 0.339064453125 0.494378471875 0.347593425 0.49355165 0.3510048828125 0.5109127609375 0.351625325 0.5113259546875 0.3469733078125 0.5078125 0.3396848953125 0.50967274375 0.33038053437500003
5 0.52558680625 0.33053548125 0.52331336875 0.310221028125 0.5063658859375 0.310221028125 0.5090525171875 0.33038053437500003 0.50822569375 0.340615234375 0.5123593750000001 0.346818034375 0.5117395828125 0.3510048828125 0.5251736109375 0.3509423828125 0.526413628125 0.34774837187499996 0.5245533859375 0.3407701828125 0.52558680625 0.33053548125
5 0.542121528125 0.3314658203125 0.537367621875 0.310841471875 0.5218667531250001 0.30960091093750003 0.5249670140625 0.331310871875 0.5241401906250001 0.3404602859375 0.52682725625 0.347593425 0.526620225 0.3513151046875 0.5412947046875 0.35140755156250003 0.542534721875 0.3474384765625 0.5408810765625 0.3403050125 0.542121528125 0.3314658203125
5 0.5567955734375001 0.3404602859375 0.5596892359375001 0.3291399734375 0.555762153125 0.310841471875 0.537367621875 0.310221028125 0.5410881078124999 0.3310006515625 0.5406744796875 0.3404602859375 0.5435681421874999 0.348368815625 0.542121528125 0.3517802734375 0.5582421875 0.3517802734375 0.5594826390625001 0.35317610625 0.56010243125 0.347593425 0.5567955734375001 0.3404602859375
5 0.5731232640624999 0.340150065625 0.5749835062499999 0.33069075468750003 0.5718832468749999 0.31037630156249996 0.5545221359375 0.31006608125 0.5584492187500001 0.3300703125 0.5555555562500001 0.3403050125 0.5596892359375001 0.346818034375 0.560309028125 0.3517802734375 0.574156684375 0.35163997343750003 0.5758103296875 0.351935546875 0.576223525 0.347593425 0.5731232640624999 0.340150065625
5 0.5904843750000001 0.339529621875 0.5921380203125 0.3299153640625 0.5871775171875 0.31099641875 0.57043663125 0.3106861984375 0.5743632812499999 0.3302252609375 0.5733298609374999 0.340615234375 0.57663671875 0.347593425 0.57663671875 0.3510048828125 0.5890377609375 0.35163997343750003 0.5917243921875001 0.35209049531250003 0.5917243921875001 0.3474384765625 0.5904843750000001 0.339529621875
5 0.6057786453125 0.33092578125 0.6039188375 0.3099912109375 0.5867643234375 0.310146159375 0.590690971875 0.3299954421875 0.5890377609375 0.3397649734375 0.5917243921875001 0.3468984375 0.5904843750000001 0.352325846875 0.6057786453125 0.3525699875 0.6070186625 0.34875911406250004 0.604125434375 0.341005534375 0.6057786453125 0.33092578125
5 0.6237599828125 0.3306158859375 0.6204531249999999 0.3104563796875 0.6026783859375 0.310146159375 0.606192275 0.33077083281249997 0.604538628125 0.3408505859375 0.6074322921875 0.3479837234375 0.6070186625 0.35294628906250003 0.624379775 0.3525699875 0.6237599828125 0.34844889375 0.6204531249999999 0.341470703125 0.6237599828125 0.3306158859375
5 0.6400876734375001 0.331236003125 0.6359539937500001 0.3110768234375 0.620039496875 0.31092155 0.6229331593749999 0.3304606125 0.6216931421874999 0.341005534375 0.6235533859375 0.347673828125 0.6235533859375 0.3518606765625 0.63926085 0.35210514375 0.6396744796875 0.348138996875 0.6371940109375 0.3413157546875 0.6400876734375001 0.331236003125
5 0.6564153640625 0.33077083281249997 0.6516618921874999 0.31138671875 0.6359539937500001 0.31138671875 0.6394674484375 0.3323216140625 0.6365742187500001 0.341005534375 0.6402942703125001 0.34937955781249996 0.6394674484375 0.352015625 0.6532118062500001 0.3525699875 0.654555121875 0.34736360624999996 0.6531085062499999 0.3405403640625 0.6564153640625 0.33077083281249997
5 0.6723298609375 0.3318564453125 0.6673693578125001 0.311696940625 0.6510416671875 0.31138671875 0.65476171875 0.3313912765625 0.6531085062499999 0.3411608078125 0.654555121875 0.3470533859375 0.6541419265624999 0.352015625 0.6702630203125 0.3521708984375 0.6710894093750001 0.3478287765625 0.6686093750000001 0.341005534375 0.6723298609375 0.3318564453125
5 0.6886575515625 0.3318564453125 0.68307725625 0.3118522140625 0.6671627609375 0.3112317703125 0.6719162328125 0.3324765625 0.6698493921875001 0.3408505859375 0.6708828125 0.3478287765625 0.6708828125 0.35294628906250003 0.6851436625 0.35248079374999997 0.6859704859375 0.348138996875 0.68473046875 0.341005534375 0.6886575515625 0.3318564453125
5 0.7047786453125 0.331701171875 0.7000247390625 0.312627278125 0.68245703125 0.312162109375 0.687417534375 0.3313912765625 0.6857638890625 0.341005534375 0.687210503125 0.3479837234375 0.6861770828125 0.352791015625 0.7018849828125 0.35303515625 0.703745225 0.34844889375 0.7020915796875 0.3413157546875 0.7047786453125 0.331701171875
5 0.72151953125 0.34953450468749997 0.7180060765625 0.3416259765625 0.7194526906250001 0.3315462234375 0.7161458328125 0.31138671875 0.6991979171875 0.3107666015625 0.7045716140625 0.3318564453125 0.7018849828125 0.34069531249999996 0.7047786453125 0.347673828125 0.702918403125 0.352325846875 0.7223463546875 0.352802734375 0.7202795140625 0.3526360671875 0.7200729171875 0.35248079374999997 0.72151953125 0.34953450468749997
5 0.7364006078124999 0.3324765625 0.7306132812499999 0.3115419921875 0.7146992187500001 0.3112317703125 0.719039496875 0.3323216140625 0.719039496875 0.34193587187499996 0.72151953125 0.3489143875 0.72089930625 0.3526360671875 0.737226996875 0.353267578125 0.7370204 0.3489143875 0.7343337671875 0.34193587187499996 0.7364006078124999 0.3324765625
5 0.75148828125 0.3306158859375 0.7459075515625 0.3112317703125 0.730406684375 0.3110768234375 0.7353671875 0.3318564453125 0.7343337671875 0.341780925 0.7366072046875 0.34844889375 0.737226996875 0.35356640625 0.7533480906250001 0.35350000000000004 0.7529348953125 0.349224284375 0.7490078125 0.342556315625 0.75148828125 0.3306158859375
5 0.7686423609374999 0.3326318359375 0.762648871875 0.311696940625 0.7457009546875 0.3118522140625 0.7498346359375 0.3326318359375 0.7481814234375 0.342556315625 0.7531414937500001 0.349689778125 0.7531414937500001 0.3526360671875 0.7688493921874999 0.35396516875 0.7700894093749999 0.35046484375000003 0.7663689234375 0.341780925 0.7686423609374999 0.3326318359375
5 0.78538368125 0.3318564453125 0.7777365453125 0.31247233125 0.7616154515625 0.3123173828125 0.7665755203125 0.3334072265625 0.7661623265624999 0.34224609375 0.7688493921874999 0.349689778125 0.7688493921874999 0.35356640625 0.783730034375 0.353732746875 0.78393663125 0.349224284375 0.7822834203125 0.3420911453125 0.78538368125 0.3318564453125
5 0.8008845484375 0.3338723953125 0.7953042531250001 0.3120071609375 0.7791831593749999 0.3120071609375 0.7826966140625 0.333717121875 0.78125 0.342556315625 0.78311024375 0.3498447265625 0.7835234375 0.353256184375 0.7992313375 0.35350000000000004 0.8012981765625 0.3501549484375 0.799437934375 0.34224609375 0.8008845484375 0.3338723953125