2 0.160172453125 0.3522310890625 0.15906014375 0.36038801875000004 0.15572321875 0.36632033124999996 0.1596162984375 0.378926496875 0.152942446875 0.3878249671875 0.14904936562499999 0.4234188453125 0.1623970703125 0.45159733125 0.1640655328125 0.4679111921875 0.1640655328125 0.475326584375 0.161840915625 0.48348351562499997 0.15183013750000002 0.515369696875 0.19187325 0.5850743765625 0.32646260312500003 0.583591296875 0.32868722031250003 0.557637428125 0.33647338125 0.557637428125 0.3414787703125 0.5242681671875 0.342034925 0.515369696875 0.346484159375 0.4538219484375 0.340922615625 0.4249019234375 0.3425910796875 0.380409575 0.3398103078125 0.36187109687499996 0.3437033875 0.34333261875 0.348708778125 0.29809873124999997 0.357607246875 0.29216641875 0.35871955624999996 0.2758525578125 0.188536325 0.278077175 0.187424015625 0.30032334843749997 0.1707393859375 0.301806428125 0.163509378125 0.341849540625 0.160172453125 0.3522310890625
8 0.3893080453125 0.42712654062500005 0.39208881562500003 0.38856650625 0.3893080453125 0.3722526453125 0.38763958125000003 0.3611295578125 0.3915326625 0.35371416718750004 0.3954257421875 0.339624921875 0.3965380515625 0.296615653125 0.40154344062499997 0.2929079578125 0.40209959531250006 0.2721448609375 0.35871955624999996 0.273627940625 0.35816340156250004 0.29587411406249997 0.35093339375 0.3010648890625 0.346484159375 0.341849540625 0.346484159375 0.3514895484375 0.3425910796875 0.3566803234375 0.33814184375 0.36409571406249996 0.346484159375 0.3811511140625 0.3414787703125 0.4249019234375 0.34926493125 0.4478896359375 0.3403664625 0.515369696875 0.342034925 0.526492784375 0.394313434375 0.5257512453125 0.390420353125 0.5161112359375 0.394313434375 0.447148096875 0.3893080453125 0.42712654062500005
8 0.4365811640625 0.4249019234375 0.4404742453125 0.375960340625 0.43880578124999997 0.36854494843749996 0.43713731874999995 0.363354175 0.43713731874999995 0.35593878437500004 0.43880578124999997 0.3514895484375 0.4404742453125 0.3344341484375 0.44158655312499995 0.295132575 0.447148096875 0.2943910359375 0.447148096875 0.271403321875 0.40209959531250006 0.2721448609375 0.4037680578125 0.2929079578125 0.395981896875 0.2973571921875 0.3954257421875 0.3411080015625 0.393201125 0.3514895484375 0.388751890625 0.3514895484375 0.388751890625 0.3574218609375 0.393201125 0.3796680359375 0.388751890625 0.4278680796875 0.395981896875 0.4493727140625 0.3909765078125 0.51388661875 0.3954257421875 0.526492784375 0.4426988625 0.526492784375 0.43880578124999997 0.5116620015625 0.44158655312499995 0.4493727140625 0.4365811640625 0.4249019234375
8 0.48663505625000003 0.42860961875000003 0.48719121093749995 0.37151110625 0.48719121093749995 0.295132575 0.49052813593750005 0.2943910359375 0.49164044531249995 0.27066178281250003 0.447148096875 0.273627940625 0.448816559375 0.2929079578125 0.4426988625 0.2988402703125 0.44214270781250004 0.35445570625 0.438249628125 0.3470403140625 0.438249628125 0.3566803234375 0.439918090625 0.3737357234375 0.438249628125 0.42267730625000005 0.444367325 0.4464065578125 0.438249628125 0.5109204625 0.4449234796875 0.5279758625000001 0.49108429062500003 0.5257512453125 0.48830351875 0.5072127671875 0.48997198124999997 0.4464065578125 0.48663505625000003 0.42860961875000003
8 0.5344643296875 0.3574218609375 0.5355766390625 0.3403664609375 0.535020484375 0.295132575 0.53613279375 0.29216641875 0.53613279375 0.2728864015625 0.49219660000000004 0.2728864015625 0.49108429062500003 0.290683340625 0.4888596734375 0.296615653125 0.4888596734375 0.34926493125 0.4877473640625 0.350748009375 0.48552274687499997 0.3574218609375 0.4888596734375 0.3722526453125 0.48719121093749995 0.4234188453125 0.4888596734375 0.44566501875000003 0.4888596734375 0.509437384375 0.49164044531249995 0.52500970625 0.5389135656249999 0.5235266281250001 0.5372451015624999 0.5057296890625 0.535020484375 0.36632033124999996 0.5344643296875 0.3574218609375
8 0.584518221875 0.3744772625 0.5834059125 0.33740030625 0.5828497593749999 0.2929079578125 0.580625140625 0.26992024375 0.536688946875 0.271403321875 0.536688946875 0.2943910359375 0.5389135656249999 0.5235266281250001 0.5867428390625 0.5235266281250001 0.5856305296875 0.506471228125 0.585074375 0.4464065578125 0.584518221875 0.3744772625
8 0.6351282671875 0.4197111484375 0.630122878125 0.2943910359375 0.6251174890625 0.28771718281249997 0.6245613343749999 0.26843716562500003 0.5811812953125 0.2691787046875 0.587855146875 0.5227850890625 0.63679673125 0.5220435484375 0.639021346875 0.5027635328125 0.6334598046875 0.43973270624999994 0.6351282671875 0.4197111484375
7 0.081910509375 0.1196706734375 0.0583830234375 0.2253991328125 0.21871848906250002 0.22191357968749997 0.239631809375 0.11153771562499999 0.081910509375 0.1196706734375
7 0.2222040421875 0.22307543124999998 0.3912533921875 0.21610432343750002 0.3990958875 0.105728459375 0.2344034796875 0.10689031093750001 0.2222040421875 0.22307543124999998
7 0.389510615625 0.21610432343750002 0.56291690625 0.214942471875 0.559431353125 0.10340475625000001 0.3990958875 0.1045666078125 0.389510615625 0.21610432343750002
7 0.558559965625 0.21145691875 0.7267379265625 0.2068095140625 0.722380984375 0.099919203125 0.558559965625 0.099919203125 0.558559965625 0.21145691875
7 0.8091010187500001 0.099490496875 0.799108803125 0.036088353125 0.71950326875 0.0355192796875 0.735824796875 0.2047380625 0.911878096875 0.2117123375 0.8918936640625 0.09505235468749999 0.8091010187500001 0.099490496875