6 0.5143229171875 0.1871744796875 0.5164930562500001 0.1904296875 0.835503471875 0.1822916671875 0.8289930562500001 0.1253255203125 0.5078125 0.1302083328125 0.5143229171875 0.1871744796875
6 0.83984375 0.068359375 0.6163194437499999 0.05696614531250001 0.5989583328125 0.06998697968749999 0.5099826390625 0.07649739531250001 0.5164930562500001 0.1302083328125 0.6184895828125 0.1220703125 0.8311631937499999 0.1236979171875 0.83984375 0.068359375
5 0.8383562796874999 0.067354703125 0.8352745296874999 0.004219146875 0.4993636421875 0 0.50860889375 0.067354703125 0.5979797484375 0.06966454062500001 0.6144156890625 0.0542656453125 0.8383562796874999 0.067354703125
6 0.5131238265625 0.2484562484375 0.8359407390625 0.24105542343750003 0.8387601 0.18396335 0.507485103125 0.189249653125 0.5131238265625 0.2484562484375
6 0.51453350625 0.30766284375 0.8359407390625 0.294975715625 0.8331213765625 0.2399981625 0.507485103125 0.252685290625 0.51453350625 0.30766284375
6 0.7866019093750001 0.73162435625 0.8133858453125 0.728452575 0.8176148875000001 0.6903911921875 0.788011590625 0.6903911921875 0.7795535046875 0.72105175 0.62589829375 0.7358533984375 0.60193371875 0.7199944890625 0.5427271234375 0.7252807921875 0.5103044640625 0.7073073625 0.5103044640625 0.7337388781249999 0.5427271234375 0.7696857390625 0.6047530812499999 0.7622849140625 0.6301273359375 0.78131560625 0.77391478125 0.7654566968750001 0.7866019093750001 0.73162435625
6 0.7823728671875 0.6903911921875 0.8176148875000001 0.6882766703125001 0.8232536109374999 0.641757203125 0.7866019093750001 0.6428144640625 0.7837825484375001 0.6755895421875 0.634356378125 0.68933393125 0.6047530812499999 0.6692459796875 0.54131744375 0.6755895421875 0.51876255 0.6586733734375 0.5117141453125 0.7041355796875 0.5370884 0.7252807921875 0.6061627625 0.7168227078125 0.6287176546875 0.7337388781249999 0.7809631859375 0.7189372281249999 0.7823728671875 0.6903911921875
6 0.788011590625 0.6459862453125 0.8204342499999999 0.6406999421874999 0.8246632921874999 0.5984095171875 0.7894212703125 0.6015812984375 0.788011590625 0.6248410328125 0.6287176546875 0.6354136390625 0.6033434 0.6216692515625 0.5370884 0.6227265109375 0.51876255 0.6153256875 0.5229915921875 0.66078789375 0.5399077625 0.6734750218750001 0.6047530812499999 0.666074196875 0.62589829375 0.684047628125 0.7837825484375001 0.6734750218750001 0.788011590625 0.6459862453125
6 0.7866019093750001 0.6206119906249999 0.788011590625 0.5984095171875 0.8232536109374999 0.59735225625 0.828892334375 0.5518900484375 0.7908309515624999 0.557176353125 0.796469675 0.578321565625 0.6315370171875 0.5857223890625 0.6061627625 0.574092521875 0.5342690390625 0.5751497828125001 0.5215819109375001 0.5666916984375 0.527220634375 0.61849746875 0.5342690390625 0.6269555546875 0.6061627625 0.6206119906249999 0.6315370171875 0.6375281609375001 0.7866019093750001 0.6206119906249999
6 0.7894212703125 0.5751497828125001 0.7894212703125 0.5518900484375 0.8246632921874999 0.5487182671874999 0.8260729734375 0.5043133203125 0.7908309515624999 0.5021988000000001 0.7922406328125 0.5233440125000001 0.62589829375 0.53391661875 0.6033434 0.5191149703125 0.5258109531249999 0.52651579375 0.5244012734375 0.5148859265625 0.52017223125 0.567748959375 0.5356787203125 0.5772643046875 0.6047530812499999 0.570920740625 0.6287176546875 0.5846651296875 0.7894212703125 0.5751497828125001
6 0.7894212703125 0.5043133203125 0.8246632921874999 0.5021988000000001 0.828892334375 0.45567933125 0.7908309515624999 0.45567933125 0.79505999375 0.47259550156249996 0.627307975 0.48105358750000005 0.60193371875 0.471538240625 0.51876255 0.47259550156249996 0.528630315625 0.5233440125000001 0.6047530812499999 0.52017223125 0.6287176546875 0.531802096875 0.788011590625 0.521229490625 0.7894212703125 0.5043133203125
6 0.7936503140625 0.454622071875 0.830302015625 0.454622071875 0.830302015625 0.4017590390625 0.79505999375 0.4028163 0.796469675 0.41550342812499996 0.627307975 0.42713329531250005 0.6005240374999999 0.4218469921875 0.51876255 0.4218469921875 0.528630315625 0.475767284375 0.6005240374999999 0.47048098125 0.62589829375 0.4768245453125 0.7936503140625 0.47048098125 0.7936503140625 0.454622071875
6 0.79505999375 0.4017590390625 0.828892334375 0.4007017796875 0.8331213765625 0.34889600781249996 0.79787935625 0.34995326875 0.79787935625 0.358411353125 0.62589829375 0.36686943906249997 0.60193371875 0.365812178125 0.51876255 0.36686943906249997 0.5215819109375001 0.429247815625 0.594885315625 0.426076034375 0.62307893125 0.42501877343750005 0.79787935625 0.41550342812499996 0.79505999375 0.4017590390625
6 0.79505999375 0.3510105296875 0.828892334375 0.34995326875 0.831711696875 0.2970902375 0.627307975 0.30026201874999997 0.60193371875 0.3044910609375 0.5131238265625 0.3087201046875 0.51876255 0.36686943906249997 0.5991143578125 0.362640396875 0.62307893125 0.3679267 0.7894212703125 0.358411353125 0.79505999375 0.3510105296875
6 0.08740021249999999 0.7834301265625 0.1367390421875 0.779201084375 0.2100424453125 0.7665139578125 0.2086327640625 0.7411397015625 0.2748877640625 0.7326816171874999 0.27206840312499997 0.6777040640625 0.1903069140625 0.6872194109375 0.1973553171875 0.7147081859375 0.00140968125 0.736910659375 0.008458084375 0.7897736906249999 0.066255 0.7844873875 0.08458085 0.7929454734375 0.08740021249999999 0.7834301265625
6 0.054977553125 0.7326816171874999 0.0803518078125 0.73162435625 0.19453595625 0.7136509249999999 0.186077871875 0.6882766703125001 0.270658721875 0.6777040640625 0.26783935937500003 0.634356378125 0.181848828125 0.6385854203125 0.183258509375 0.6639596765625 0.0042290421875 0.68193310625 0 0.7337388781249999 0.026783935937499996 0.73162435625 0.054977553125 0.7326816171874999
6 0.0028193609375000003 0.68616215 0.184668190625 0.6576161125 0.184668190625 0.63964268125 0.2650199984375 0.629070075 0.25797159375 0.5772643046875 0.1719810625 0.5825506078125 0.17339074375000002 0.602638559375 0 0.6216692515625 0.0028193609375000003 0.68616215
6 0.00140968125 0.6248410328125 0.17480042499999998 0.599466778125 0.17480042499999998 0.581493346875 0.25233287031249996 0.57620704375 0.248103828125 0.521229490625 0.162113296875 0.528630315625 0.16916170156250002 0.5487182671874999 0 0.5635199156249999 0.00140968125 0.6248410328125
6 0.00140968125 0.5656344375 0.1677520203125 0.54766100625 0.1663423390625 0.5244012734375 0.249513509375 0.5180577093750001 0.246694146875 0.46625193749999994 0.1578842546875 0.47259550156249996 0.1578842546875 0.48845441093749997 0.0042290421875 0.49902701718750003 0.00140968125 0.5656344375
6 0.00140968125 0.500084278125 0.029603298437499998 0.4979697578125 0.160703615625 0.48528262968749997 0.160703615625 0.47048098125 0.24387478593749998 0.46519467812500004 0.23400701875 0.40598808281250004 0.1437874453125 0.41338890624999997 0.1451971265625 0.4229042515625 0.0028193609375000003 0.436648640625 0.00140968125 0.500084278125
6 0.0028193609375000003 0.43453411875 0.1437874453125 0.42078973125 0.1480164890625 0.41021712499999996 0.23400701875 0.40704534218750005 0.22554893437499998 0.341495184375 0.138148721875 0.3541823109375 0.1353293609375 0.35946861406249997 0 0.3700412203125 0.0028193609375000003 0.43453411875
6 0.00140968125 0.36686943906249997 0.1367390421875 0.3562968328125 0.139558403125 0.34889600781249996 0.22554893437499998 0.3404379234375 0.2213198921875 0.28651763125 0.1296906375 0.2896894125 0.1240519140625 0.2981474984375 0.00140968125 0.2981474984375 0.00140968125 0.36686943906249997
6 0.2185005296875 0.21885295 0 0.23048281718750002 0.0028193609375000003 0.3034338015625 0.2213198921875 0.28651763125 0.2185005296875 0.21885295
6 0.20722308437499998 0.157531834375 0.00140968125 0.160703615625 0.00140968125 0.2336546 0.21568116874999999 0.22096747187500002 0.20722308437499998 0.157531834375
6 0 0.1617608765625 0.20722308437499998 0.15330279062500002 0.19453595625 0.091981675 0 0.08880989218749999 0 0.1617608765625
6 0.19453595625 0.023259734375 0.0042290421875 0.029603296875 0.0042290421875 0.08669537187500001 0.1987649984375 0.0877526328125 0.19453595625 0.023259734375
6 0.1959456375 0.0274887765625 0.19453595625 0 0.0042290421875 0.0031717812499999997 0.00140968125 0.0306605578125 0.1959456375 0.0274887765625