2 0.7276186671875 0.58189 0.6883523328125001 0.5813947500000001 0.6877833328125 0.6467240000000001 0.726025 0.64911275 0.7276186671875 0.58189
6 0.155 0.122 0.1563333328125 0.12 0.1563333328125 0.0995 0.154 0.09775 0.1503333328125 0.09725 0.1463333328125 0.09775 0.1436666671875 0.0995 0.1443333328125 0.11950000000000001 0.14666666718750002 0.12250000000000001 0.151 0.12350000000000001 0.155 0.122
6 0.17133333281250002 0.119 0.17133333281250002 0.09875 0.1696666671875 0.097 0.1653333328125 0.09625 0.16 0.0965 0.156 0.0985 0.1556666671875 0.11274999999999999 0.1573333328125 0.12275 0.1696666671875 0.122 0.17133333281250002 0.119
6 0.1856666671875 0.119 0.186 0.11625 0.1843333328125 0.096 0.173 0.0955 0.17099999999999999 0.0975 0.17133333281250002 0.11925 0.17366666718749998 0.12150000000000001 0.1826666671875 0.12050000000000001 0.1856666671875 0.119
6 0.209 0.11950000000000001 0.2126666671875 0.118 0.21433333281250003 0.1155 0.21400000000000002 0.09525 0.21233333281250003 0.0935 0.2096666671875 0.093 0.2006666671875 0.0945 0.19866666718749998 0.0955 0.2 0.11525 0.20233333281250002 0.119 0.209 0.11950000000000001
6 0.198 0.119 0.199 0.11599999999999999 0.1983333328125 0.0955 0.1946666671875 0.0945 0.1843333328125 0.0955 0.1846666671875 0.11599999999999999 0.1873333328125 0.12 0.1933333328125 0.12050000000000001 0.198 0.119
6 0.2273333328125 0.11499999999999999 0.2266666671875 0.09175 0.22000000000000003 0.09125 0.2133333328125 0.094 0.21433333281250003 0.11625 0.2173333328125 0.118 0.22433333281249998 0.118 0.2273333328125 0.11499999999999999
6 0.2396666671875 0.1165 0.24100000000000002 0.10974999999999999 0.23866666718750001 0.101 0.23933333281250002 0.09175 0.23333333281250002 0.09175 0.22833333281249998 0.09975 0.22799999999999998 0.11000000000000001 0.2296666671875 0.11474999999999999 0.2323333328125 0.1165 0.2396666671875 0.1165
6 0.2573333328125 0.11499999999999999 0.256 0.092 0.25166666718749997 0.089 0.244 0.09 0.24133333281249997 0.09175 0.24300000000000002 0.1145 0.24466666718750002 0.1165 0.25166666718749997 0.11725000000000001 0.2573333328125 0.11499999999999999
6 0.2743333328125 0.11474999999999999 0.2796666671875 0.1115 0.2786666671875 0.091 0.2766666671875 0.08875 0.273 0.088 0.2673333328125 0.08875 0.2653333328125 0.09025 0.2646666671875 0.10400000000000001 0.266 0.11399999999999999 0.267 0.11525 0.2743333328125 0.11474999999999999
6 0.2943333328125 0.11125 0.2926666671875 0.09675 0.294 0.08775 0.2903333328125 0.087 0.2803333328125 0.08775 0.2786666671875 0.0925 0.2793333328125 0.1115 0.2823333328125 0.1135 0.29100000000000004 0.11299999999999999 0.2943333328125 0.11125
6 0.3083333328125 0.11125 0.3086666671875 0.08775 0.3063333328125 0.086 0.29900000000000004 0.08575 0.2946666671875 0.087 0.2936666671875 0.08925 0.29333333281249996 0.10725 0.2946666671875 0.11125 0.2983333328125 0.11274999999999999 0.3083333328125 0.11125
6 0.3206666671875 0.11125 0.323 0.10800000000000001 0.3226666671875 0.08725000000000001 0.318 0.08399999999999999 0.3113333328125 0.08499999999999999 0.3083333328125 0.08725000000000001 0.3083333328125 0.10425 0.3096666671875 0.11025 0.31433333281250003 0.11174999999999999 0.3206666671875 0.11125
6 0.33366666718750004 0.11074999999999999 0.337 0.10874999999999999 0.33799999999999997 0.10725 0.337 0.08399999999999999 0.33399999999999996 0.08299999999999999 0.32566666718750004 0.08325 0.32366666718750003 0.08425 0.3223333328125 0.0875 0.3223333328125 0.1085 0.324 0.10974999999999999 0.327 0.1105 0.33366666718750004 0.11074999999999999
6 0.3496666671875 0.10974999999999999 0.3546666671875 0.10725 0.354 0.08375 0.3486666671875 0.081 0.3413333328125 0.08175 0.3376666671875 0.08399999999999999 0.3333333328125 0.08775 0.337 0.10774999999999998 0.3406666671875 0.1095 0.3496666671875 0.10974999999999999
6 0.374 0.10375000000000001 0.3743333328125 0.08325 0.37266666718749997 0.08 0.3696666671875 0.07925 0.3613333328125 0.07975 0.3593333328125 0.08175 0.3593333328125 0.10500000000000001 0.3613333328125 0.1075 0.3693333328125 0.10725 0.374 0.10375000000000001
6 0.3896666671875 0.1035 0.3896666671875 0.07975 0.3876666671875 0.07825 0.3806666671875 0.078 0.374 0.08 0.37333333281250003 0.10325 0.378 0.10575000000000001 0.388 0.10500000000000001 0.3896666671875 0.1035
6 0.40533333281250006 0.10024999999999999 0.4046666671875 0.0775 0.3956666671875 0.077 0.3923333328125 0.0775 0.3903333328125 0.07925 0.3903333328125 0.1035 0.3943333328125 0.10475000000000001 0.404 0.10375000000000001 0.40533333281250006 0.10024999999999999
6 0.41966666718749995 0.10124999999999999 0.4206666671875 0.099 0.4206666671875 0.076 0.40800000000000003 0.07575 0.4056666671875 0.078 0.4063333328125 0.10175000000000001 0.40766666718750005 0.1035 0.4153333328125 0.10325 0.41966666718749995 0.10124999999999999
6 0.4376666671875 0.0995 0.4376666671875 0.07575 0.43600000000000005 0.0745 0.4306666671875 0.0745 0.422 0.07625 0.422 0.10024999999999999 0.4246666671875 0.10225 0.43499999999999994 0.10175000000000001 0.4376666671875 0.0995
6 0.4523333328125 0.0995 0.453 0.07475000000000001 0.45099999999999996 0.07325000000000001 0.4463333328125 0.07325000000000001 0.44000000000000006 0.07375000000000001 0.43666666718749997 0.0755 0.4373333328125 0.0995 0.43966666718749997 0.10124999999999999 0.45 0.10049999999999999 0.4523333328125 0.0995
6 0.46900000000000003 0.09575 0.47066666718750005 0.07525 0.4683333328125 0.07225000000000001 0.46333333281250005 0.0715 0.4566666671875 0.07225000000000001 0.454 0.07425000000000001 0.4543333328125 0.09925 0.4623333328125 0.10024999999999999 0.4663333328125 0.0995 0.46900000000000003 0.09575
6 0.48566666718749996 0.094 0.4853333328125 0.072 0.48200000000000004 0.06999999999999999 0.4743333328125 0.07075000000000001 0.4716666671875 0.07225000000000001 0.47133333281249995 0.096 0.4743333328125 0.0985 0.48266666718750006 0.098 0.48566666718749996 0.094
6 0.503 0.094 0.5036666671875001 0.06949999999999999 0.5016666671875 0.06825 0.495 0.06825 0.4903333328125 0.06925 0.4876666671875 0.07125000000000001 0.4876666671875 0.0955 0.48966666718749996 0.097 0.5013333328125 0.09625 0.503 0.094
6 0.514 0.08725000000000001 0.516 0.0715 0.5133333328125 0.06675 0.506 0.068 0.505 0.07025 0.5046666671875 0.092 0.506 0.09425 0.5096666671875 0.09425 0.514 0.08725000000000001
6 0.5356666671875 0.09025 0.5363333328125 0.068 0.533 0.06575 0.5223333328125 0.06725 0.5206666671875 0.0765 0.5213333328124999 0.09375 0.5256666671875 0.09475 0.533 0.0935 0.5356666671875 0.09025
6 0.5519999999999999 0.0915 0.553 0.089 0.5526666671875 0.0655 0.5493333328125 0.064 0.542 0.06425 0.5393333328125001 0.065 0.5373333328125 0.0675 0.5373333328125 0.0915 0.5403333328125 0.09325 0.5486666671875 0.093 0.5519999999999999 0.0915
6 0.568 0.09 0.5696666671874999 0.06425 0.5683333328125 0.06275 0.5596666671875 0.06275 0.5546666671875 0.06425 0.554 0.067 0.5543333328125 0.0905 0.5556666671875 0.09175 0.5583333328125 0.09175 0.568 0.09
6 0.584 0.08925 0.5863333328125 0.08775 0.587 0.08425 0.588 0.063 0.5853333328125 0.061 0.5796666671875 0.060750000000000005 0.5740000000000001 0.062 0.571 0.0645 0.5703333328125 0.08775 0.5723333328125 0.0895 0.5756666671875 0.09 0.584 0.08925
6 0.6036666671875001 0.08425 0.6043333328125 0.0605 0.601 0.0595 0.5916666671875 0.06 0.5896666671874999 0.060750000000000005 0.5883333328125 0.06325 0.588 0.08775 0.591 0.08875 0.5996666671875001 0.0885 0.6036666671875001 0.08425
6 0.6213333328124999 0.08399999999999999 0.6233333328125 0.06 0.6203333328125 0.058499999999999996 0.6143333328125 0.057999999999999996 0.6076666671875001 0.059 0.6053333328125 0.0605 0.6053333328125 0.08625000000000001 0.607 0.08775 0.619 0.0865 0.6213333328124999 0.08399999999999999
6 0.6383333328125 0.08375 0.6393333328125 0.08025 0.6403333328125 0.060750000000000005 0.6393333328125 0.05775 0.6353333328125 0.05625 0.6266666671875 0.05725 0.6236666671875 0.0595 0.623 0.06275 0.623 0.08349999999999999 0.627 0.08625000000000001 0.635 0.08575 0.6383333328125 0.08375
6 0.658 0.08 0.6586666671875 0.056499999999999995 0.655 0.05475 0.6456666671875 0.05525 0.6426666671875 0.056499999999999995 0.6413333328124999 0.0605 0.6416666671875 0.08325 0.6463333328124999 0.08449999999999999 0.6536666671875 0.08325 0.658 0.08
6 0.6736666671875 0.08075 0.6743333328125 0.07825 0.6753333328125 0.05475 0.6736666671875 0.05325 0.6663333328125 0.053000000000000005 0.662 0.05375 0.659 0.056499999999999995 0.6586666671875 0.08025 0.6616666671875 0.08249999999999999 0.6716666671875 0.08149999999999999 0.6736666671875 0.08075
6 0.692 0.07675 0.6933333328125 0.052500000000000005 0.6893333328125 0.050249999999999996 0.6816666671875 0.051000000000000004 0.678 0.05275 0.6763333328125001 0.05625 0.6759999999999999 0.08 0.6893333328125 0.08075 0.6910000000000001 0.08 0.692 0.07675
6 0.71 0.0765 0.7113333328125 0.061 0.7110000000000001 0.04975 0.7093333328125 0.0485 0.7003333328125 0.04925 0.6973333328125 0.05 0.6950000000000001 0.05225 0.6950000000000001 0.0785 0.6966666671875 0.07975 0.7086666671875 0.07875 0.71 0.0765
6 0.7273333328125 0.076 0.7293333328125 0.0685 0.73 0.04875 0.725 0.047 0.7163333328125 0.048 0.7126666671875 0.052500000000000005 0.7123333328125 0.076 0.7163333328125 0.07775 0.7246666671875001 0.0775 0.7273333328125 0.076
6 0.7476666671875 0.07225000000000001 0.7486666671875 0.053000000000000005 0.7476666671875 0.04625 0.7456666671875001 0.04475 0.736 0.04525 0.7313333328125 0.0485 0.731 0.05125 0.731 0.075 0.7323333328125 0.07625 0.7443333328125 0.07525 0.7476666671875 0.07225000000000001
6 0.7653333328125 0.07225000000000001 0.7663333328124999 0.06899999999999999 0.7666666671875 0.04475 0.764 0.043 0.7533333328125 0.044 0.7506666671875 0.045 0.7496666671875001 0.04875 0.749 0.07225000000000001 0.7513333328125 0.07425000000000001 0.7633333328125 0.0735 0.7653333328125 0.07225000000000001
6 0.7866666671875 0.06625 0.7866666671875 0.04375 0.7846666671875 0.040999999999999995 0.7743333328124999 0.041749999999999995 0.7693333328125 0.04475 0.7686666671875 0.059 0.7686666671875 0.07225000000000001 0.7809999999999999 0.07175000000000001 0.7853333328125001 0.06949999999999999 0.7866666671875 0.06625
6 0.8039999999999999 0.06675 0.8053333328125 0.040999999999999995 0.8026666671875 0.039 0.791 0.0405 0.7876666671875 0.04425 0.787 0.06825 0.7906666671875 0.0705 0.8026666671875 0.06925 0.8039999999999999 0.06675
6 0.8226666671875 0.0645 0.8253333328125001 0.040749999999999995 0.8220000000000001 0.0385 0.8136666671875 0.0385 0.808 0.0405 0.8066666671875 0.04375 0.8063333328125 0.06775 0.8103333328125 0.06899999999999999 0.8193333328125 0.06825 0.8226666671875 0.0645
6 0.8433333328125 0.06325 0.8436666671875 0.03725 0.8393333328124999 0.03575 0.8296666671875 0.03675 0.826 0.040749999999999995 0.8240000000000001 0.066 0.826 0.0675 0.8386666671875 0.06675 0.8433333328125 0.06325
6 0.8476666671875 0.06575 0.858 0.06525 0.8606666671875001 0.06425 0.8626666671875001 0.0605 0.8640000000000001 0.03675 0.8606666671875001 0.034749999999999996 0.8536666671875001 0.034749999999999996 0.8470000000000001 0.03725 0.8460000000000001 0.040749999999999995 0.8463333328125 0.05625 0.8456666671875 0.061 0.843 0.06425 0.8476666671875 0.06575
6 0.8833333328125 0.03725 0.8823333328125 0.034 0.8806666671875 0.03275 0.869 0.0335 0.866 0.036 0.8643333328124999 0.04025 0.8636666671875 0.06425 0.8766666671875001 0.064 0.882 0.060250000000000005 0.8833333328125 0.03725
6 0.9023333328125 0.05325 0.9023333328125 0.033 0.9 0.03125 0.8883333328124999 0.03275 0.885 0.03675 0.8843333328125 0.0605 0.8876666671875 0.062 0.9 0.061 0.9023333328125 0.05325
6 0.9223333328125 0.056499999999999995 0.923 0.0385 0.9216666671875 0.02975 0.9199999999999999 0.028999999999999998 0.908 0.02975 0.9026666671875001 0.033 0.9033333328125 0.059750000000000004 0.9109999999999999 0.0605 0.9206666671875 0.059250000000000004 0.9223333328125 0.056499999999999995
6 0.9393333328125 0.056999999999999995 0.9406666671874999 0.05275 0.9416666671874999 0.03125 0.9396666671875 0.029249999999999998 0.9343333328125001 0.028749999999999998 0.9279999999999999 0.02975 0.9253333328125001 0.032 0.923 0.05675 0.9263333328125001 0.058499999999999996 0.9363333328125 0.05825 0.9393333328125 0.056999999999999995
6 0.1536666671875 0.41974999999999996 0.1543333328125 0.40774999999999995 0.1563333328125 0.4035 0.154 0.40025000000000005 0.146 0.4 0.1436666671875 0.40175 0.1433333328125 0.42000000000000004 0.146 0.42125 0.1506666671875 0.42125 0.1536666671875 0.41974999999999996
6 0.16799999999999998 0.41875 0.16799999999999998 0.40875000000000006 0.17033333281250002 0.40425000000000005 0.16999999999999998 0.40025000000000005 0.158 0.4 0.1563333328125 0.403 0.1566666671875 0.41950000000000004 0.1583333328125 0.42125 0.16599999999999998 0.421 0.16799999999999998 0.41875
6 0.182 0.41900000000000004 0.184 0.40049999999999997 0.17266666718749998 0.40049999999999997 0.17033333281250002 0.40700000000000003 0.1706666671875 0.41875 0.17366666718749998 0.42175 0.1786666671875 0.42175 0.182 0.41900000000000004
6 0.1953333328125 0.4165 0.1946666671875 0.40750000000000003 0.1963333328125 0.40449999999999997 0.1953333328125 0.40025000000000005 0.1833333328125 0.40025000000000005 0.183 0.41974999999999996 0.189 0.4215 0.1933333328125 0.421 0.1953333328125 0.4165
6 0.2093333328125 0.42000000000000004 0.21000000000000002 0.40025000000000005 0.1973333328125 0.4 0.1953333328125 0.4025 0.196 0.42024999999999996 0.20099999999999998 0.422 0.2076666671875 0.42125 0.2093333328125 0.42000000000000004
6 0.2166666671875 0.42175 0.22400000000000003 0.41925 0.225 0.40774999999999995 0.2216666671875 0.40099999999999997 0.217 0.39975 0.21033333281250002 0.40025000000000005 0.2093333328125 0.41624999999999995 0.211 0.42024999999999996 0.2126666671875 0.4215 0.2166666671875 0.42175
6 0.236 0.42225 0.24066666718750002 0.41974999999999996 0.2403333328125 0.41525 0.2423333328125 0.41200000000000003 0.242 0.40700000000000003 0.2436666671875 0.404 0.24 0.4 0.22599999999999998 0.4 0.2246666671875 0.40099999999999997 0.2266666671875 0.41974999999999996 0.22833333281249998 0.4215 0.236 0.42225
6 0.28300000000000003 0.41174999999999995 0.2853333328125 0.4025 0.28300000000000003 0.40049999999999997 0.275 0.39975 0.273 0.40049999999999997 0.272 0.4035 0.2723333328125 0.4185 0.275 0.4205 0.28300000000000003 0.42024999999999996 0.28300000000000003 0.41174999999999995
6 0.298 0.41974999999999996 0.2986666671875 0.403 0.29533333281249996 0.40099999999999997 0.2876666671875 0.39975 0.28500000000000003 0.40025000000000005 0.2846666671875 0.40149999999999997 0.2856666671875 0.41974999999999996 0.2873333328125 0.4215 0.2946666671875 0.42175 0.298 0.41974999999999996
6 0.31033333281250003 0.422 0.3133333328125 0.42000000000000004 0.31266666718749997 0.4035 0.31066666718749997 0.40125 0.3023333328125 0.39975 0.301 0.40025000000000005 0.301 0.41974999999999996 0.3026666671875 0.4215 0.31033333281250003 0.422
6 0.32599999999999996 0.4215 0.3283333328125 0.41974999999999996 0.32766666718750004 0.4025 0.32599999999999996 0.40099999999999997 0.3183333328125 0.3995 0.3153333328125 0.40025000000000005 0.31466666718749997 0.40199999999999997 0.316 0.40725 0.3156666671875 0.41974999999999996 0.318 0.4215 0.32599999999999996 0.4215
6 0.3436666671875 0.42000000000000004 0.3446666671875 0.40374999999999994 0.34199999999999997 0.40025000000000005 0.3343333328125 0.39925 0.32999999999999996 0.4 0.32999999999999996 0.42024999999999996 0.333 0.42175 0.3416666671875 0.422 0.3436666671875 0.42000000000000004
6 0.3596666671875 0.42000000000000004 0.361 0.41224999999999995 0.36066666718749996 0.40025000000000005 0.3496666671875 0.39875 0.34500000000000003 0.40025000000000005 0.3446666671875 0.42000000000000004 0.348 0.42175 0.3573333328125 0.42225 0.3596666671875 0.42000000000000004
6 0.3756666671875 0.42000000000000004 0.376 0.40075000000000005 0.373 0.399 0.365 0.39875 0.363 0.39975 0.36266666718749996 0.42024999999999996 0.365 0.42225 0.37333333281250003 0.422 0.3756666671875 0.42000000000000004
6 0.3916666671875 0.42000000000000004 0.3916666671875 0.40025000000000005 0.389 0.399 0.3806666671875 0.39849999999999997 0.377 0.4 0.377 0.41974999999999996 0.3803333328125 0.422 0.3886666671875 0.422 0.3916666671875 0.42000000000000004
6 0.4103333328125 0.40449999999999997 0.409 0.40025000000000005 0.40433333281249995 0.39875 0.396 0.39875 0.3933333328125 0.40025000000000005 0.3936666671875 0.42125 0.396 0.4225 0.40800000000000003 0.422 0.4103333328125 0.40449999999999997
6 0.49400000000000005 0.41974999999999996 0.495 0.4 0.49000000000000005 0.39825 0.48166666718749995 0.398 0.479 0.4 0.4783333328125 0.4035 0.4783333328125 0.42125 0.4823333328125 0.42275 0.491 0.42175 0.49400000000000005 0.41974999999999996
6 0.51 0.42000000000000004 0.5116666671875 0.40025000000000005 0.5086666671875 0.39825 0.5 0.39775 0.497 0.398 0.495 0.39975 0.4943333328125 0.42000000000000004 0.497 0.422 0.506 0.422 0.51 0.42000000000000004
6 0.5276666671875 0.40025000000000005 0.5253333328124999 0.39825 0.523 0.398 0.5146666671875 0.39825 0.512 0.4 0.511 0.41974999999999996 0.5133333328125 0.4215 0.525 0.4215 0.5276666671875 0.40025000000000005
6 0.544 0.40025000000000005 0.542 0.39825 0.538 0.3975 0.532 0.3975 0.5283333328125 0.39975 0.5283333328125 0.421 0.5406666671875 0.42275 0.5429999999999999 0.41974999999999996 0.544 0.40025000000000005
6 0.5700000000000001 0.41925 0.5723333328125 0.40425000000000005 0.571 0.39775 0.5686666671875 0.39649999999999996 0.5586666671875 0.3975 0.5563333328125 0.40049999999999997 0.5559999999999999 0.40800000000000003 0.5563333328125 0.421 0.5599999999999999 0.422 0.568 0.4215 0.5700000000000001 0.41925
6 0.5836666671875 0.42125 0.5860000000000001 0.41825 0.5876666671875 0.41200000000000003 0.5866666671874999 0.398 0.5843333328125 0.39625 0.5740000000000001 0.39649999999999996 0.5713333328125 0.4 0.5703333328125 0.41550000000000004 0.5713333328125 0.41974999999999996 0.575 0.42125 0.5836666671875 0.42125
6 0.6033333328125 0.42074999999999996 0.6063333328125 0.41600000000000004 0.6033333328125 0.3975 0.6003333328125 0.39625 0.5916666671875 0.396 0.5893333328125 0.397 0.5883333328125 0.39975 0.588 0.41974999999999996 0.591 0.42125 0.5993333328125 0.422 0.6033333328125 0.42074999999999996
6 0.64 0.39649999999999996 0.6363333328125 0.3955 0.6263333328125 0.3955 0.624 0.39649999999999996 0.6233333328125 0.39925 0.6223333328125 0.42024999999999996 0.6346666671875 0.4215 0.6386666671875 0.4185 0.64 0.39649999999999996
6 0.6559999999999999 0.4135 0.6563333328125001 0.39625 0.654 0.395 0.6483333328125 0.39475 0.6423333328124999 0.395 0.6406666671875 0.39625 0.6406666671875 0.41974999999999996 0.654 0.42074999999999996 0.6553333328125001 0.41974999999999996 0.6559999999999999 0.4135
6 0.6733333328125 0.41224999999999995 0.6736666671875 0.39625 0.6696666671875 0.39475 0.6606666671875 0.395 0.6573333328125 0.39625 0.657 0.41974999999999996 0.67 0.42125 0.6719999999999999 0.41974999999999996 0.6733333328125 0.41224999999999995
6 0.687 0.42074999999999996 0.6893333328125 0.41974999999999996 0.6910000000000001 0.39649999999999996 0.6856666671875 0.39475 0.6773333328125 0.395 0.675 0.39649999999999996 0.6736666671875 0.41574999999999995 0.6746666671875 0.41900000000000004 0.6776666671875 0.42074999999999996 0.687 0.42074999999999996
6 0.7086666671875 0.396 0.7053333328125 0.39475 0.696 0.39475 0.6936666671875 0.39625 0.693 0.403 0.6933333328125 0.41950000000000004 0.705 0.42074999999999996 0.709 0.41675000000000006 0.7086666671875 0.396
6 0.7873333328125 0.3955 0.7826666671875 0.39275000000000004 0.7723333328125 0.39375 0.7703333328124999 0.396 0.7706666671875 0.41925 0.7843333328125001 0.41974999999999996 0.7873333328125 0.41600000000000004 0.7873333328125 0.3955
6 0.8053333328125 0.414 0.8056666671875 0.39449999999999996 0.8029999999999999 0.393 0.7936666671875 0.393 0.7906666671875 0.39375 0.7889999999999999 0.396 0.7886666671875 0.41675000000000006 0.791 0.41900000000000004 0.8026666671875 0.41950000000000004 0.8053333328125 0.414
6 0.8243333328125001 0.4125 0.8243333328125001 0.39525 0.8220000000000001 0.39325 0.8103333328125 0.39249999999999996 0.8073333328125001 0.396 0.8066666671875 0.4165 0.8096666671875001 0.4185 0.8220000000000001 0.41900000000000004 0.8243333328125001 0.4125
6 0.843 0.4135 0.8426666671874999 0.39425 0.8396666671874999 0.39275000000000004 0.8286666671875 0.39275000000000004 0.8266666671875 0.394 0.826 0.397 0.8263333328125 0.4175 0.8286666671875 0.41875 0.8413333328125001 0.41900000000000004 0.843 0.4135
6 0.861 0.41775 0.8623333328125 0.4125 0.8616666671875001 0.39449999999999996 0.8583333328125 0.393 0.8493333328125001 0.393 0.8463333328125 0.39575 0.8456666671875 0.417 0.849 0.41875 0.859 0.41875 0.861 0.41775
6 0.1533333328125 0.58 0.15 0.5782499999999999 0.1463333328125 0.5780000000000001 0.1436666671875 0.58275 0.1433333328125 0.59575 0.14566666718750002 0.59825 0.1503333328125 0.599 0.1533333328125 0.58
6 0.182 0.5815 0.1776666671875 0.57975 0.1716666671875 0.581 0.1696666671875 0.5865 0.17033333281250002 0.6005 0.17366666718749998 0.60275 0.1813333328125 0.60075 0.182 0.5815
6 0.1663333328125 0.599 0.16699999999999998 0.5815 0.162 0.57975 0.158 0.58025 0.156 0.587 0.1563333328125 0.599 0.1586666671875 0.60075 0.1623333328125 0.601 0.1663333328125 0.599
6 0.1926666671875 0.6014999999999999 0.194 0.59975 0.1943333328125 0.5885 0.193 0.583 0.1853333328125 0.58125 0.1826666671875 0.5934999999999999 0.1823333328125 0.5995 0.1836666671875 0.6012500000000001 0.1853333328125 0.60225 0.1926666671875 0.6014999999999999
6 0.2106666671875 0.58375 0.209 0.5825 0.20099999999999998 0.58125 0.1966666671875 0.584 0.1963333328125 0.6002500000000001 0.2006666671875 0.603 0.20866666718750002 0.6035 0.2106666671875 0.58375
6 0.22200000000000003 0.60075 0.22400000000000003 0.58375 0.2166666671875 0.5815 0.21233333281250003 0.5835 0.211 0.6025 0.2126666671875 0.6042500000000001 0.22033333281249998 0.6035 0.22200000000000003 0.60075
6 0.2346666671875 0.58375 0.2323333328125 0.583 0.2276666671875 0.58375 0.22400000000000003 0.59475 0.22433333281249998 0.6042500000000001 0.233 0.6035 0.23533333281250002 0.58975 0.2346666671875 0.58375
6 0.2483333328125 0.60375 0.24900000000000003 0.584 0.24 0.58375 0.23733333281250002 0.5875 0.23733333281250002 0.60325 0.24 0.6054999999999999 0.2456666671875 0.6052500000000001 0.2483333328125 0.60375
6 0.26233333281250004 0.60375 0.2636666671875 0.58525 0.255 0.5845 0.25166666718749997 0.58575 0.251 0.58775 0.25033333281250003 0.60375 0.2526666671875 0.60625 0.25866666718750003 0.60625 0.26233333281250004 0.60375
6 0.2766666671875 0.6035 0.2763333328125 0.596 0.2796666671875 0.58875 0.279 0.585 0.2673333328125 0.5855 0.2653333328125 0.595 0.2656666671875 0.6054999999999999 0.2673333328125 0.60675 0.2743333328125 0.60625 0.2766666671875 0.6035
6 0.2906666671875 0.6075 0.294 0.58675 0.2893333328125 0.58525 0.284 0.58575 0.27999999999999997 0.59525 0.279 0.60375 0.2803333328125 0.60625 0.2826666671875 0.6075 0.2906666671875 0.6075
6 0.303 0.609 0.3066666671875 0.60775 0.3083333328125 0.58775 0.3056666671875 0.5862499999999999 0.2986666671875 0.5862499999999999 0.29533333281249996 0.58775 0.2936666671875 0.59575 0.294 0.6065 0.2966666671875 0.6085 0.303 0.609
6 0.319 0.60775 0.3186666671875 0.5980000000000001 0.322 0.58775 0.31033333281250003 0.58575 0.3076666671875 0.591 0.307 0.60725 0.31033333281250003 0.60975 0.3173333328125 0.6094999999999999 0.319 0.60775
6 0.33399999999999996 0.60725 0.3323333328125 0.59075 0.32599999999999996 0.5872499999999999 0.32166666718750003 0.5915 0.321 0.6075 0.3253333328125 0.61025 0.33199999999999996 0.60975 0.33399999999999996 0.60725
6 0.34900000000000003 0.60875 0.3506666671875 0.59175 0.3493333328125 0.589 0.3406666671875 0.58925 0.3376666671875 0.5915 0.3366666671875 0.5955 0.3363333328125 0.608 0.3413333328125 0.6105 0.3476666671875 0.61025 0.34900000000000003 0.60875
6 0.36266666718749996 0.6092500000000001 0.3643333328125 0.5915 0.36266666718749996 0.5902499999999999 0.3556666671875 0.58925 0.3533333328125 0.58975 0.351 0.59425 0.351 0.6092500000000001 0.353 0.61125 0.3613333328125 0.611 0.36266666718749996 0.6092500000000001
6 0.378 0.59775 0.38 0.5915 0.37666666718749997 0.5894999999999999 0.369 0.5894999999999999 0.3653333328125 0.59525 0.366 0.6105 0.36866666718749996 0.61275 0.37666666718749997 0.6125 0.378 0.59775
6 0.3923333328125 0.6115 0.393 0.59175 0.3886666671875 0.5894999999999999 0.3843333328125 0.5894999999999999 0.38166666718750003 0.5912499999999999 0.3806666671875 0.59525 0.3806666671875 0.612 0.3846666671875 0.6134999999999999 0.391 0.61275 0.3923333328125 0.6115
6 0.40766666718750005 0.6125 0.40833333281249995 0.61075 0.40700000000000003 0.5925 0.404 0.5900000000000001 0.3956666671875 0.59175 0.396 0.61275 0.399 0.61425 0.4046666671875 0.614 0.40766666718750005 0.6125
6 0.4233333328125 0.61125 0.422 0.59525 0.41966666718749995 0.593 0.41500000000000004 0.59225 0.41200000000000003 0.59375 0.4113333328125 0.5955 0.4113333328125 0.613 0.413 0.61425 0.42000000000000004 0.6144999999999999 0.4233333328125 0.61125
6 0.45533333281250005 0.608 0.4543333328125 0.59525 0.45133333281250004 0.593 0.44333333281250004 0.59325 0.44166666718750003 0.596 0.4413333328125 0.61425 0.44333333281250004 0.61675 0.454 0.615 0.45533333281250005 0.608
6 0.4693333328125 0.5925 0.45866666718750004 0.59275 0.4566666671875 0.5955 0.45599999999999996 0.603 0.4566666671875 0.61475 0.46699999999999997 0.6172500000000001 0.47066666718750005 0.615 0.4693333328125 0.5925
6 0.48600000000000004 0.6155 0.485 0.59375 0.48166666718749995 0.5925 0.4743333328125 0.5925 0.4716666671875 0.60075 0.4716666671875 0.61525 0.4743333328125 0.61825 0.4823333328125 0.6184999999999999 0.48600000000000004 0.6155
6 0.5016666671875 0.61525 0.501 0.59525 0.49833333281250003 0.5934999999999999 0.49000000000000005 0.593 0.48733333281249996 0.599 0.48733333281249996 0.616 0.49000000000000005 0.618 0.49800000000000005 0.6184999999999999 0.5016666671875 0.61525
6 0.517 0.616 0.518 0.5955 0.5146666671875 0.59375 0.5056666671875 0.5940000000000001 0.503 0.60175 0.5036666671875001 0.6172500000000001 0.5056666671875 0.6184999999999999 0.515 0.61825 0.517 0.616
6 0.533 0.61675 0.5336666671875 0.5955 0.5303333328125001 0.59425 0.5213333328124999 0.5940000000000001 0.5186666671875 0.60325 0.5193333328125 0.618 0.5213333328124999 0.61925 0.5313333328125001 0.61875 0.533 0.61675
6 0.5486666671875 0.6195 0.5486666671875 0.5962500000000001 0.545 0.59475 0.537 0.59475 0.5356666671875 0.596 0.5349999999999999 0.61825 0.537 0.62025 0.5456666671875 0.621 0.5486666671875 0.6195
6 0.5656666671874999 0.612 0.5653333328125 0.59675 0.5633333328125001 0.59575 0.5536666671875 0.59575 0.5513333328125001 0.59875 0.5516666671875 0.61925 0.5559999999999999 0.6212500000000001 0.5636666671875 0.6207499999999999 0.5656666671874999 0.612
6 0.583 0.61125 0.583 0.5974999999999999 0.581 0.5962500000000001 0.5686666671875 0.5962500000000001 0.5673333328125 0.59925 0.567 0.619 0.5686666671875 0.621 0.58 0.623 0.583 0.61125
6 0.5983333328125 0.62 0.5996666671875001 0.61125 0.5993333328125 0.597 0.5876666671875 0.5965 0.5853333328125 0.59775 0.5843333328125 0.6012500000000001 0.584 0.6207499999999999 0.5866666671874999 0.6224999999999999 0.5956666671875 0.62325 0.5983333328125 0.62
6 0.6146666671875 0.6207499999999999 0.6163333328125 0.59925 0.6143333328125 0.5972500000000001 0.609 0.597 0.6033333328125 0.5972500000000001 0.6006666671875001 0.5995 0.6006666671875001 0.6212500000000001 0.603 0.623 0.6116666671875 0.6235 0.6146666671875 0.6207499999999999
6 0.6306666671875 0.623 0.631 0.621 0.6323333328125 0.5995 0.6306666671875 0.59825 0.619 0.59825 0.6173333328124999 0.6014999999999999 0.618 0.62275 0.623 0.62425 0.629 0.62375 0.6306666671875 0.623
6 0.649 0.6235 0.6506666671875 0.6132500000000001 0.6496666671875 0.6 0.647 0.5985 0.6376666671875 0.5985 0.635 0.5995 0.6343333328125 0.60225 0.634 0.62275 0.6386666671875 0.626 0.6466666671875 0.6252500000000001 0.649 0.6235
6 0.6839999999999999 0.603 0.6813333328125 0.60075 0.6736666671875 0.6 0.6696666671875 0.60275 0.6693333328125 0.6075 0.669 0.62425 0.6813333328125 0.6287499999999999 0.683 0.627 0.6839999999999999 0.603
6 0.666 0.62375 0.667 0.61525 0.6673333328125 0.60275 0.666 0.5995 0.654 0.5995 0.6519999999999999 0.6014999999999999 0.6513333328125 0.60625 0.651 0.623 0.6546666671875 0.62575 0.6639999999999999 0.626 0.666 0.62375
0 0.7327943328125001 0.26584825 0.6921160000000001 0.2672805 0.6922333328125 0.30626675 0.7325596671875 0.30521224999999996 0.7327943328125001 0.26584825
0 0.7832023328125 0.2637395 0.7417036671874999 0.26543425 0.7412346671875001 0.3045095 0.7822646671875 0.303455 0.7832023328125 0.2637395
0 0.8357206671874999 0.260752 0.792698 0.26253275 0.7918773328125 0.30240075 0.832907 0.30099475 0.8357206671874999 0.260752
0 0.8496706671875 0.26991825 0.848147 0.302225 0.88566 0.3004675 0.8865976671875 0.269187 0.8496706671875 0.26991825
0 0.41971499999999995 0.40085249999999994 0.41948933281249995 0.42163475000000006 0.45298533281250003 0.42171925000000005 0.45298533281250003 0.40024800000000005 0.41971499999999995 0.40085249999999994
0 0.24918999999999997 0.40161375 0.24918999999999997 0.42205750000000003 0.27242299999999997 0.42163475000000006 0.27185899999999996 0.40143125 0.24918999999999997 0.40161375
5 0.1345176671875 0.27703825000000004 0.1294516671875 0.323301 0.1932613328125 0.3212005 0.19412366718750002 0.27498900000000004 0.1345176671875 0.27703825000000004
5 0.1946623328125 0.27437049999999996 0.19433899999999998 0.32136200000000004 0.22581266718749998 0.32023100000000004 0.2268906671875 0.27305 0.1946623328125 0.27437049999999996
5 0.2583643328125 0.27159575 0.22699833281249998 0.2729155 0.2268906671875 0.32039249999999997 0.2581486671875 0.31974625 0.2583643328125 0.27159575
5 0.2909156671875 0.26998 0.259011 0.27146024999999996 0.25858 0.31958475000000003 0.2900533328125 0.318292 0.2909156671875 0.26998
5 0.32476066718749996 0.26836424999999997 0.2919936671875 0.26976275 0.29242466718750004 0.318292 0.32519200000000004 0.31748425 0.32476066718749996 0.26836424999999997
5 0.359468 0.26691 0.32529966718750003 0.26830750000000003 0.3258386671875 0.31716099999999997 0.359468 0.31603 0.359468 0.26691
5 0.3940673328125 0.2651325 0.359899 0.26661 0.3610846671875 0.31635325000000003 0.394283 0.3150605 0.3940673328125 0.2651325
5 0.4297446671875 0.26368175 0.394822 0.26515475 0.3950376671875 0.3144175 0.4303916671875 0.3144175 0.4297446671875 0.26368175
5 0.46596099999999996 0.26190425 0.4303916671875 0.26321475 0.430607 0.31393275 0.4672546671875 0.31377125 0.46596099999999996 0.26190425
5 0.5026086671875001 0.26044999999999996 0.4666076671875 0.26175950000000003 0.46876366718750007 0.312317 0.5041176671875001 0.31167075 0.5026086671875001 0.26044999999999996
5 0.541304 0.25939999999999996 0.503794 0.26103200000000004 0.50595 0.31126675000000004 0.542166 0.310459 0.541304 0.25939999999999996
5 0.5792446671875 0.257461 0.5419506671875001 0.25884925000000003 0.5430283328125001 0.31013575000000004 0.579676 0.30997425 0.5792446671875 0.257461
5 0.6206346671875 0.25568375 0.580107 0.25763674999999997 0.5824783328125 0.30997425 0.619988 0.30884325 0.6206346671875 0.25568375
5 0.6231136671875 0.2738855 0.6227903328125 0.30803525 0.652755 0.30674275 0.6525396671875 0.27426525 0.6231136671875 0.2738855
5 0.6889713328125 0.27135675 0.6544796671875 0.27194525 0.654264 0.30577325 0.6885403328125 0.30399575 0.6889713328125 0.27135675