2 0.7759046671875 0.07060625000000001 0.7174986671875 0.0735405 0.7102513328125 0.1834045 0.7652466671875 0.182446 0.7759046671875 0.07060625000000001
6 0 0.14350000000000002 0.006 0.14325000000000002 0.011 0.14150000000000001 0.012 0.13999999999999999 0.0126666671875 0.1345 0.009333332812500001 0.11499999999999999 0.0056666671875 0.11274999999999999 0 0.11399999999999999 0 0.14350000000000002
6 0.028999999999999998 0.1405 0.0293333328125 0.13725 0.0286666671875 0.1305 0.025 0.122 0.025333332812499998 0.11499999999999999 0.0216666671875 0.11274999999999999 0.0176666671875 0.11225 0.0136666671875 0.11499999999999999 0.0146666671875 0.13899999999999998 0.0176666671875 0.14150000000000001 0.0273333328125 0.142 0.028999999999999998 0.1405
6 0.049 0.13075 0.0476666671875 0.11499999999999999 0.046 0.11125 0.044 0.1105 0.0323333328125 0.11200000000000002 0.030333332812500002 0.1135 0.031333332812499996 0.14250000000000002 0.0453333328125 0.143 0.048333332812500004 0.13999999999999999 0.049 0.13075
6 0.071 0.1385 0.065 0.11525 0.0606666671875 0.11100000000000002 0.0523333328125 0.11100000000000002 0.0506666671875 0.1135 0.053000000000000005 0.13899999999999998 0.0566666671875 0.142 0.06833333281250001 0.14250000000000002 0.071 0.1385
6 0.0873333328125 0.14150000000000001 0.0886666671875 0.13874999999999998 0.0876666671875 0.13 0.0886666671875 0.12675 0.0856666671875 0.1155 0.0803333328125 0.11125 0.0716666671875 0.11100000000000002 0.06999999999999999 0.11299999999999999 0.073 0.13999999999999999 0.076 0.14175 0.08499999999999999 0.14275 0.0873333328125 0.14150000000000001
6 0.10933333281249999 0.1305 0.10500000000000001 0.12050000000000001 0.10500000000000001 0.11499999999999999 0.10266666718749999 0.11225 0.0996666671875 0.11125 0.0916666671875 0.1105 0.09 0.11200000000000002 0.0933333328125 0.14150000000000001 0.1076666671875 0.14250000000000002 0.1096666671875 0.13874999999999998 0.10933333281249999 0.1305
6 0.13 0.14225000000000002 0.131 0.13774999999999998 0.1296666671875 0.12675 0.1256666671875 0.1193125 0.1246666671875 0.1115 0.12166666718750001 0.11025 0.1146666671875 0.11025 0.11133333281249999 0.11074999999999999 0.1096666671875 0.11299999999999999 0.1096666671875 0.12450000000000001 0.11299999999999999 0.14125000000000001 0.1156666671875 0.14225000000000002 0.13 0.14225000000000002
6 0.1443333328125 0.14325000000000002 0.1493333328125 0.14275 0.1513333328125 0.14075 0.1523333328125 0.13474999999999998 0.1513333328125 0.12675 0.14566666718750002 0.11125 0.1423333328125 0.1095 0.13133333281249998 0.1105 0.13033333281249998 0.11625 0.1336666671875 0.14125000000000001 0.1346666671875 0.14225000000000002 0.1443333328125 0.14325000000000002
6 0.1716666671875 0.1385 0.17099999999999999 0.1305 0.1666666671875 0.1216 0.16699999999999998 0.11499999999999999 0.1656666671875 0.11225 0.1623333328125 0.11000000000000001 0.1543333328125 0.10925 0.1493333328125 0.11174999999999999 0.1496666671875 0.12325 0.154 0.14225000000000002 0.16999999999999998 0.14250000000000002 0.1716666671875 0.1385
6 0.1903333328125 0.14275 0.192 0.14125000000000001 0.1923333328125 0.13774999999999998 0.188 0.11125 0.1856666671875 0.11000000000000001 0.1793333328125 0.1095 0.17366666718749998 0.10974999999999999 0.17233333281250002 0.11074999999999999 0.17233333281250002 0.12450000000000001 0.175 0.14075 0.178 0.14225000000000002 0.1903333328125 0.14275
6 0.2133333328125 0.13899999999999998 0.2126666671875 0.11174999999999999 0.2076666671875 0.10925 0.197 0.10900000000000001 0.1943333328125 0.1105 0.1953333328125 0.14225000000000002 0.2093333328125 0.14350000000000002 0.21200000000000002 0.14225000000000002 0.2133333328125 0.13899999999999998
6 0.2346666671875 0.14250000000000002 0.2343333328125 0.13025 0.2316666671875 0.12450000000000001 0.2296666671875 0.1115 0.2166666671875 0.10900000000000001 0.2146666671875 0.11074999999999999 0.21433333281250003 0.11374999999999999 0.2136666671875 0.123 0.2153333328125 0.14225000000000002 0.22033333281249998 0.14350000000000002 0.2346666671875 0.14250000000000002
6 0.25866666718750003 0.13825 0.25666666718750003 0.1105 0.252 0.10925 0.2396666671875 0.10925 0.2363333328125 0.11225 0.23866666718750001 0.14125000000000001 0.2513333328125 0.14350000000000002 0.2576666671875 0.14225000000000002 0.25866666718750003 0.13825
6 0.266 0.14225000000000002 0.2713333328125 0.14250000000000002 0.2766666671875 0.13899999999999998 0.272 0.11025 0.2713333328125 0.10925 0.2596666671875 0.10925 0.25866666718750003 0.11074999999999999 0.2596666671875 0.13925 0.2633333328125 0.14325000000000002 0.266 0.14225000000000002
6 0.2986666671875 0.13874999999999998 0.29533333281249996 0.10974999999999999 0.2923333328125 0.10774999999999998 0.28300000000000003 0.10774999999999998 0.281 0.10974999999999999 0.282 0.13999999999999999 0.28300000000000003 0.142 0.29500000000000004 0.14250000000000002 0.2986666671875 0.13874999999999998
6 0.3443333328125 0.1395 0.3443333328125 0.127 0.3416666671875 0.10725 0.32599999999999996 0.1055 0.324 0.12175 0.32366666718750003 0.1385 0.32599999999999996 0.14225000000000002 0.343 0.141 0.3443333328125 0.1395
6 0.3696666671875 0.127 0.369 0.10725 0.3653333328125 0.1055 0.358 0.10575000000000001 0.3496666671875 0.10774999999999998 0.3483333328125 0.11125 0.3476666671875 0.12775 0.3493333328125 0.14025 0.36833333281249997 0.1405 0.3696666671875 0.127
6 0.38933333281250004 0.13899999999999998 0.39 0.136 0.39 0.12675 0.38733333281250004 0.12325 0.38733333281250004 0.11316675000000001 0.391 0.10725 0.3886666671875 0.10575000000000001 0.385 0.1065 0.373 0.10575000000000001 0.37033333281249997 0.11125 0.37 0.127 0.3723333328125 0.14250000000000002 0.387 0.14025 0.38933333281250004 0.13899999999999998
6 0.4096666671875 0.14150000000000001 0.41233333281249995 0.1385 0.41100000000000003 0.10725 0.40533333281250006 0.10575000000000001 0.396 0.10575000000000001 0.393 0.10725 0.393 0.136 0.3943333328125 0.1405 0.3963333328125 0.14225000000000002 0.4096666671875 0.14150000000000001
6 0.437 0.13174999999999998 0.4373333328125 0.1065 0.43533333281250003 0.10425 0.41966666718749995 0.10475000000000001 0.41633333281249996 0.10674999999999998 0.41566666718749995 0.10900000000000001 0.41566666718749995 0.1385 0.41966666718749995 0.14275 0.43533333281250003 0.141 0.437 0.13174999999999998
6 0.45866666718750004 0.13999999999999999 0.4573333328125 0.10674999999999998 0.45499999999999996 0.10475000000000001 0.44299999999999995 0.1045 0.44000000000000006 0.10674999999999998 0.43966666718749997 0.11225 0.43899999999999995 0.12725 0.4403333328125 0.1385 0.44299999999999995 0.1405 0.45866666718750004 0.13999999999999999
6 0.48200000000000004 0.1385 0.4836666671875 0.10575000000000001 0.48200000000000004 0.10400000000000001 0.466 0.10375000000000001 0.46333333281250005 0.10674999999999998 0.4636666671875 0.1385 0.46666666718750005 0.141 0.4738333328125 0.13874999999999998 0.48200000000000004 0.1385
6 0.49733333281250003 0.1385 0.505 0.13925 0.507 0.1365 0.509 0.11525 0.506 0.1035 0.5016666671875 0.10225 0.48966666718749996 0.10325 0.48666666718749996 0.1065 0.48566666718749996 0.12775 0.487 0.13825 0.49000000000000005 0.14025 0.49733333281250003 0.1385
6 0.529 0.13825 0.5309999999999999 0.13525 0.534 0.1075 0.5323333328125 0.1035 0.5263333328125 0.10124999999999999 0.5123333328124999 0.1025 0.5106666671875 0.1165 0.5103333328125 0.135 0.5116666671875 0.1385 0.514 0.14025 0.529 0.13825
6 0.5453333328125 0.13799999999999998 0.5563333328125 0.1385 0.5576666671875 0.11499999999999999 0.5603333328125 0.10325 0.5513333328125001 0.10075 0.5406666671875 0.101 0.5363333328125 0.10300000000000001 0.5356666671875 0.1055 0.5346666671875 0.135 0.536 0.13825 0.537 0.13899999999999998 0.5453333328125 0.13799999999999998
6 0.58 0.13874999999999998 0.5816666671874999 0.13525 0.5843333328125 0.11125 0.5823333328125 0.1035 0.5733333328125 0.10049999999999999 0.564 0.10075 0.561 0.10325 0.5603333328125 0.13825 0.562 0.13725 0.571 0.13674999999999998 0.58 0.13874999999999998
6 0.606 0.134 0.6086666671875001 0.1035 0.6033333328125 0.1 0.5996666671875001 0.09925 0.5883333328125 0.09975 0.5846666671875 0.10300000000000001 0.5843333328125 0.13625 0.5866666671874999 0.1375 0.6033333328125 0.13825 0.606 0.134
6 0.6976666671875 0.134 0.705 0.13674999999999998 0.7076666671875 0.1345 0.7073333328125 0.12250000000000001 0.709 0.11925 0.71 0.10425 0.7096666671875 0.09875 0.7053333328125 0.0945 0.6933333328125 0.09525 0.6896666671875 0.097 0.687 0.11725000000000001 0.6863333328125 0.13125 0.6876666671875 0.1345 0.6900000000000001 0.13574999999999998 0.6976666671875 0.134
6 0.682 0.13174999999999998 0.6856666671875 0.1035 0.6846666671875 0.09975 0.678 0.09725 0.6656666671875 0.097 0.6633333328125001 0.09875 0.6616666671875 0.10300000000000001 0.661 0.13474999999999998 0.662 0.136 0.6776666671875 0.136 0.682 0.13174999999999998
6 0.658 0.123 0.659 0.10275000000000001 0.6576666671875 0.09975 0.6513333328125 0.098 0.6383333328125 0.0995 0.6356666671875 0.11525 0.6346666671875 0.1365 0.6386666671875 0.13725 0.6543333328125 0.13625 0.658 0.123
6 0.627 0.13874999999999998 0.6306666671875 0.13825 0.6343333328125 0.1075 0.6333333328124999 0.1025 0.6266666671875 0.09925 0.6113333328125 0.0995 0.61 0.10300000000000001 0.6093333328125 0.119 0.609 0.13474999999999998 0.6106666671875 0.1375 0.618 0.137 0.627 0.13874999999999998