5 0.607826875 0.106105 0.604560625 0.1009583328125 0.609014375 0.08828916718749999 0.60426375 0.0787866671875 0.58555625 0.0764116671875 0.58318125 0.08591333281249999 0.57902375 0.0835375 0.5894168750000001 0.1405491671875 0.60545125 0.142925 0.608420625 0.1346108328125 0.60663875 0.114815 0.607826875 0.106105
5 0.6256425 0.1065008328125 0.628611875 0.0934358328125 0.62386125 0.08235 0.605154375 0.07997499999999999 0.610201875 0.0914558328125 0.6072325000000001 0.10135416718750001 0.608420625 0.1080841671875 0.60545125 0.114815 0.608420625 0.1338191671875 0.60545125 0.1425291671875 0.62386125 0.1445083328125 0.62772125 0.1330266671875 0.6256425 0.114815 0.6256425 0.1065008328125
5 0.6440525 0.10768833281250001 0.645834375 0.095415 0.641380625 0.0847258328125 0.624158125 0.0827458328125 0.62920625 0.0938316671875 0.625345625 0.10570916718750001 0.626236875 0.1171908328125 0.626830625 0.1350066671875 0.624158125 0.1453 0.6422712500000001 0.14767583281250002 0.645240625 0.1361941671875 0.64435 0.1195658328125 0.6440525 0.10768833281250001
5 0.665135 0.09818666718749999 0.6588993750000001 0.086705 0.64078625 0.08393333281250001 0.646428125 0.0946233328125 0.6446468750000001 0.1080841671875 0.645240625 0.11917 0.6455375 0.1361941671875 0.643161875 0.14609250000000001 0.660384375 0.1484675 0.6639475 0.1421333328125 0.66186875 0.1231291671875 0.66186875 0.11046 0.665135 0.09818666718749999
5 0.676715625 0.08828916718749999 0.658305625 0.08630916718750001 0.66602625 0.1001658328125 0.66186875 0.11125166718749999 0.662165625 0.12273333281250001 0.6639475 0.1401533328125 0.660978125 0.1492591671875 0.67760625 0.1512391671875 0.681466875 0.14332083281250002 0.6784975 0.1231291671875 0.682060625 0.10135416718750001 0.676715625 0.08828916718749999
5 0.698095 0.114815 0.69958 0.1037291671875 0.694531875 0.0914558328125 0.67760625 0.088685 0.68176375 0.1021458328125 0.68027875 0.1144191671875 0.679388125 0.12431666718750001 0.681466875 0.14173750000000002 0.677903125 0.1508433328125 0.695719375 0.1536141671875 0.6989856249999999 0.14173750000000002 0.69750125 0.12431666718750001 0.698095 0.114815
5 0.71175375 0.0946233328125 0.694531875 0.09106 0.699876875 0.104125 0.697204375 0.11679416718749999 0.697204375 0.1259008328125 0.6989856249999999 0.1405491671875 0.696610625 0.1548025 0.714129375 0.15559416718750002 0.716801875 0.14609250000000001 0.713535625 0.1290675 0.7203649999999999 0.10848 0.71175375 0.0946233328125
5 0.734618125 0.1092725 0.729866875 0.09818666718749999 0.71323875 0.0958108328125 0.716801875 0.1053133328125 0.715614375 0.11679416718749999 0.7138325 0.1286716671875 0.717395625 0.14728000000000002 0.715020625 0.15599000000000002 0.731055 0.1583658328125 0.735211875 0.1488633328125 0.732539375 0.13065166718750001 0.732539375 0.1215458328125 0.734618125 0.1092725
5 0.749465 0.12392083281249999 0.751840625 0.11164750000000001 0.746495625 0.1001658328125 0.729273125 0.09779083281249999 0.73432125 0.1092725 0.733430625 0.1187741671875 0.731945625 0.1302558328125 0.7355087499999999 0.1488633328125 0.731055 0.1571775 0.74887125 0.1595533328125 0.751840625 0.1496558328125 0.749465 0.13263083281250002 0.749465 0.12392083281249999
5 0.76698375 0.123525 0.7690625 0.1144191671875 0.76253 0.1021458328125 0.7467925 0.1001658328125 0.751543125 0.11164750000000001 0.749761875 0.12194166718749999 0.75005875 0.13263083281250002 0.751543125 0.1512391671875 0.749465 0.16034500000000002 0.766093125 0.162325 0.769359375 0.1536141671875 0.766686875 0.1357983328125 0.76698375 0.123525
5 0.783315625 0.1381741671875 0.7836125 0.12788 0.786285 0.11679416718749999 0.7782675 0.1049175 0.761639375 0.10175000000000001 0.768765625 0.11600250000000001 0.76728125 0.1247125 0.766686875 0.13777833281250002 0.769359375 0.1528225 0.765499375 0.1631166671875 0.7821275 0.16588750000000002 0.781830625 0.16430416718750002 0.7847999999999999 0.1536141671875 0.783315625 0.1381741671875
5 0.800240625 0.13065166718750001 0.80261625 0.11917 0.7966775 0.10689666718749999 0.779158125 0.104125 0.786285 0.11837833281250001 0.78420625 0.1294641671875 0.78301875 0.13777833281250002 0.784503125 0.1544066671875 0.78094 0.1650958328125 0.797865 0.1674716671875 0.8023193750000001 0.15638583281250001 0.79994375 0.1405491671875 0.800240625 0.13065166718750001
5 0.81716625 0.1346108328125 0.815384375 0.12115000000000001 0.812711875 0.1108558328125 0.797568125 0.1080841671875 0.8035068750000001 0.1187741671875 0.8017256250000001 0.1294641671875 0.79994375 0.1401533328125 0.80321 0.15757333281250002 0.799053125 0.16865916718750001 0.815384375 0.1714308328125 0.820729375 0.15994916718750002 0.81716625 0.142925 0.81716625 0.1346108328125
5 0.834685 0.12194166718749999 0.831121875 0.1203575 0.8296374999999999 0.11283583281250001 0.811524375 0.1092725 0.8150875 0.1195658328125 0.81716625 0.134215 0.8168693749999999 0.14490416718750002 0.8204325000000001 0.16034500000000002 0.817463125 0.171035 0.8334975 0.17341 0.8361700000000001 0.1607408328125 0.83290375 0.14490416718750002 0.834685 0.12194166718749999
5 0.8504231250000001 0.125505 0.845375 0.114815 0.83023125 0.11283583281250001 0.835873125 0.1231291671875 0.8334975 0.14569666718750002 0.8373575000000001 0.1627208328125 0.83409125 0.1730141671875 0.8489381249999999 0.17539 0.8513137499999999 0.1635125 0.84864125 0.1468841671875 0.8504231250000001 0.125505
5 0.864675625 0.1425291671875 0.8682387500000001 0.1274841671875 0.862894375 0.1175866671875 0.845375 0.114815 0.8507199999999999 0.12392083281249999 0.8489381249999999 0.1492591671875 0.8519075 0.16588750000000002 0.8489381249999999 0.1757858328125 0.8652693749999999 0.177765 0.8676450000000001 0.1674716671875 0.86437875 0.1524266671875 0.864675625 0.1425291671875
1 0.9283037500000001 0.1532566671875 0.924695625 0.1340141671875 0.9226337499999999 0.12508 0.8654206249999999 0.1195816671875 0.8664512500000001 0.1347008328125 0.8654206249999999 0.151195 0.8679975000000001 0.1676891671875 0.8669668749999999 0.18074666718750002 0.929335 0.1883066671875 0.931911875 0.1766233328125 0.924695625 0.1670016671875 0.9272731249999999 0.1608166671875 0.9283037500000001 0.1532566671875
7 0.016501250000000002 0.7325216671875 0.009953125 0.8294341671875 0.12258187499999999 0.8241958328125 0.12782 0.7307750000000001 0.016501250000000002 0.7325216671875
7 0.125200625 0.8241958328125 0.23193625 0.8241958328125 0.23193625 0.7316483328125 0.127165625 0.7290291671875 0.125200625 0.8241958328125
7 0.23324562499999998 0.8215766671875 0.336706875 0.8224500000000001 0.336706875 0.7307750000000001 0.232590625 0.7316483328125 0.23324562499999998 0.8215766671875
7 0.33736125 0.8172108328125001 0.43689375 0.815465 0.431655 0.7272833328125 0.33736125 0.7299025 0.33736125 0.8172108328125001
7 0.532496875 0.8137191671874999 0.527258125 0.72641 0.431655 0.7307750000000001 0.43623874999999995 0.8128458328124999 0.532496875 0.8137191671874999
7 0.53577125 0.8137191671874999 0.6241712500000001 0.8067341671875001 0.616968125 0.7229175 0.5285681249999999 0.7246633328125001 0.53577125 0.8137191671874999
7 0.6281 0.8102266671875 0.71257125 0.804115 0.70340375 0.7229175 0.6195875 0.7246633328125001 0.6281 0.8102266671875
7 0.71781 0.8014958328124999 0.79245875 0.7980033328125 0.785910625 0.7185525 0.706023125 0.7220441671875 0.71781 0.8014958328124999
7 0.8657987500000001 0.7159325 0.8723468750000001 0.7875258328125 0.9502700000000001 0.7831608328125 0.952234375 0.790145 0.93651875 0.7133133328125 0.8657987500000001 0.7159325
7 0.864833125 0.7142441671875 0.82591625 0.7154666671875 0.8196749999999999 0.6636108328125 0.79636125 0.6445316671875 0.77213 0.645265 0.77173125 0.6597183328125 0.784061875 0.6709483328125 0.7941581249999999 0.7954533328125 0.8729106249999999 0.7900716671875 0.864833125 0.7142441671875
1 0.464375 0.0933333328125 0.464375 0.0791666671875 0.465 0.0633333328125 0.385 0.05500000000000001 0.38375 0.0758333328125 0.384375 0.1058333328125 0.383125 0.1166666671875 0.46624999999999994 0.1275 0.465 0.1183333328125 0.465 0.1075 0.464375 0.0933333328125
5 0.3835525 0.0855266671875 0.3835525 0.0745616671875 0.38421062500000003 0.0635966671875 0.382236875 0.0504383328125 0.363486875 0.0491225 0.36480250000000003 0.0587716671875 0.363486875 0.0706141671875 0.363158125 0.082895 0.36480250000000003 0.10307 0.3625 0.11447333281250001 0.382236875 0.1166666671875 0.3835525 0.10701750000000002 0.3835525 0.0855266671875
5 0.363158125 0.082895 0.3625 0.0714908328125 0.36381562500000003 0.055701667187500005 0.36381562500000003 0.0478066671875 0.34243437499999996 0.0451758328125 0.34342125 0.0535091671875 0.34342125 0.0684208328125 0.34342125 0.082895 0.343091875 0.10219333281250001 0.34243437499999996 0.1131575 0.3625 0.1149125 0.364145 0.1057016671875 0.363158125 0.082895
5 0.34407875 0.08333333281250001 0.34407875 0.0706141671875 0.34375 0.0543858328125 0.342105 0.0447366671875 0.32171062500000003 0.0416666671875 0.32302624999999996 0.055263332812499996 0.322368125 0.0679825 0.32171062500000003 0.0793858328125 0.322039375 0.0986841671875 0.32138187500000004 0.1105266671875 0.34243437499999996 0.1131575 0.344736875 0.10175416718750001 0.34407875 0.08333333281250001
5 0.32171062500000003 0.0793858328125 0.322039375 0.067105 0.322039375 0.0543858328125 0.32138187500000004 0.0434208328125 0.30230250000000003 0.040789167187499996 0.30230250000000003 0.0482458328125 0.30131562500000003 0.06535083281250001 0.30131562500000003 0.0793858328125 0.300658125 0.10921083281249999 0.32138187500000004 0.11096500000000001 0.322368125 0.0991225 0.32171062500000003 0.0793858328125
5 0.300658125 0.0767541671875 0.300658125 0.0666666671875 0.30197375000000004 0.0513158328125 0.301645 0.040789167187499996 0.279605 0.0377191671875 0.28157875 0.0478066671875 0.280591875 0.0622808328125 0.280591875 0.0776316671875 0.280591875 0.09649083281250001 0.279605 0.1065791671875 0.300986875 0.107895 0.300986875 0.0991225 0.300658125 0.0767541671875
5 0.28092125 0.0771933328125 0.28092125 0.0622808328125 0.28125 0.0478066671875 0.27927625 0.0385966671875 0.260855 0.035965000000000004 0.260855 0.0456141671875 0.26019749999999997 0.0596491671875 0.2585525 0.0723683328125 0.259868125 0.0929825 0.25822375000000003 0.10307 0.27993437499999996 0.1052633328125 0.28092125 0.09693 0.28092125 0.0771933328125
7 0.100625 0.2008333328125 0.09625 0.26916666718750004 0.14375 0.2683333328125 0.13999999999999999 0.31916666718750003 0.18812500000000001 0.3233333328125 0.190625 0.2058333328125 0.100625 0.2008333328125
7 0.191875 0.2766666671875 0.28625 0.2808333328125 0.28625 0.215 0.195 0.2066666671875 0.191875 0.2766666671875
7 0.285625 0.2833333328125 0.375625 0.2875 0.37374999999999997 0.21916666718750002 0.286875 0.2133333328125 0.285625 0.2833333328125
7 0.374375 0.2875 0.46375 0.29333333281249996 0.46125 0.22833333281249998 0.374375 0.2208333328125 0.374375 0.2875
7 0.464375 0.29333333281249996 0.5493750000000001 0.2991666671875 0.5425 0.2325 0.46125 0.22833333281249998 0.464375 0.29333333281249996