6 0.3533333328125 0.26325 0.358 0.26125 0.36066666718749996 0.256 0.359 0.24710725 0.3596666671875 0.23625 0.3566666671875 0.23399999999999999 0.3493333328125 0.23399999999999999 0.3436666671875 0.236 0.34500000000000003 0.257 0.3473333328125 0.262 0.3496666671875 0.26325 0.3533333328125 0.26325
6 0.37 0.261 0.3736666671875 0.25975000000000004 0.376 0.25575000000000003 0.374 0.23349999999999999 0.37333333281250003 0.23224999999999998 0.37066666718749997 0.23224999999999998 0.36466666718749996 0.23275 0.3616666671875 0.23424999999999999 0.3603333328125 0.2375 0.362 0.25675 0.36466666718749996 0.26025 0.37 0.261
6 0.3886666671875 0.2595 0.3926666671875 0.256 0.3923333328125 0.23224999999999998 0.3886666671875 0.23025 0.3806666671875 0.23075 0.3763333328125 0.23224999999999998 0.3763333328125 0.2485 0.378 0.259 0.3806666671875 0.26025 0.3886666671875 0.2595
6 0.40433333281249995 0.258 0.4086666671875 0.25575000000000003 0.41100000000000003 0.252 0.40933333281250006 0.24674999999999997 0.4086666671875 0.22974999999999998 0.40800000000000003 0.2285 0.40433333281249995 0.22825 0.3963333328125 0.22949999999999998 0.3936666671875 0.23149999999999998 0.3936666671875 0.24825 0.3953333328125 0.2555 0.3963333328125 0.25775000000000003 0.40433333281249995 0.258
6 0.42400000000000004 0.23808325 0.42400000000000004 0.229 0.4186666671875 0.22725 0.41166666718749995 0.22799999999999998 0.41 0.22999999999999998 0.41200000000000003 0.255 0.42366666718749996 0.2555 0.42699999999999994 0.252 0.42400000000000004 0.23808325
6 0.46266666718750005 0.2535 0.46566666718749994 0.25175000000000003 0.4646666671875 0.24474999999999997 0.4683333328125 0.23625 0.4663333328125 0.22825 0.45933333281250005 0.22374999999999998 0.44699999999999995 0.22400000000000003 0.4436666671875 0.22749999999999998 0.44566666718750003 0.252 0.44699999999999995 0.25325000000000003 0.4543333328125 0.254 0.46266666718750005 0.2535
6 0.43933333281250003 0.25575000000000003 0.4453333328125 0.2525 0.44333333281250004 0.24425 0.4436666671875 0.22625 0.43933333281250003 0.22475 0.43099999999999994 0.22549999999999998 0.42800000000000005 0.227 0.4263333328125 0.22974999999999998 0.4273333328125 0.25175000000000003 0.4313333328125 0.25475 0.4336666671875 0.25425 0.43933333281250003 0.25575000000000003
6 0.522 0.21825 0.5096666671875 0.21800000000000003 0.5046666671875 0.22025 0.5056666671875 0.24575 0.518 0.24700000000000003 0.5216666671875 0.24425 0.522 0.21825
6 0.5406666671875 0.244 0.5416666671875 0.2405 0.5413333328125 0.22174999999999997 0.544 0.21675 0.5363333328125 0.21525 0.525 0.21749999999999997 0.5233333328125 0.21925 0.524 0.2455 0.5253333328124999 0.2475 0.537 0.24575 0.5406666671875 0.244
6 0.5603333328125 0.2425 0.5623333328125 0.21325 0.5593333328125001 0.2125 0.5516666671875 0.21349999999999997 0.545 0.2145 0.5426666671875 0.21600000000000003 0.5423333328125 0.23700000000000002 0.5436666671875 0.244 0.5526666671875 0.2445 0.5603333328125 0.2425
6 0.579 0.2415 0.5803333328125 0.2405 0.5813333328125 0.2125 0.5793333328125 0.211 0.576 0.21075 0.5643333328125 0.21225 0.5626666671875 0.21425 0.5616666671874999 0.22000000000000003 0.5626666671875 0.24100000000000002 0.5660000000000001 0.24325000000000002 0.579 0.2415
6 0.5996666671875001 0.23875000000000002 0.6006666671875001 0.23450000000000001 0.6003333328125 0.20950000000000002 0.5993333328125 0.2085 0.5900000000000001 0.209 0.5843333328125 0.21025 0.5820000000000001 0.21200000000000002 0.583 0.24 0.584 0.24125000000000002 0.5976666671875 0.24 0.5996666671875001 0.23875000000000002
6 0.622 0.23625 0.6233333328125 0.22725 0.6243333328125 0.21275 0.6233333328125 0.20750000000000002 0.619 0.20625 0.6036666671875001 0.20825 0.6016666671875 0.21275 0.6016666671875 0.2375 0.6053333328125 0.23975 0.619 0.24 0.622 0.23625
6 0.6443333328125 0.23625 0.645 0.23325 0.6463333328124999 0.20475 0.639 0.20400000000000001 0.627 0.205 0.6256666671875 0.20775000000000002 0.6246666671875001 0.23625 0.6306666671875 0.2385 0.6423333328124999 0.23700000000000002 0.6443333328125 0.23625
6 0.6679999999999999 0.21225 0.6676666671875 0.20425 0.6656666671875 0.20224999999999999 0.65 0.20274999999999999 0.647 0.20475 0.6456666671875 0.22200000000000003 0.645 0.23625 0.662 0.236 0.666 0.23325 0.6679999999999999 0.21225
6 0.688 0.23199999999999998 0.689 0.22974999999999998 0.6903333328125 0.22174999999999997 0.6910000000000001 0.2045 0.6896666671875 0.2015 0.688 0.2 0.6836666671875 0.19924999999999998 0.673 0.20024999999999998 0.6706666671875 0.20099999999999998 0.6696666671875 0.20299999999999999 0.6693333328125 0.23224999999999998 0.6733333328125 0.23424999999999999 0.6853333328125 0.23349999999999999 0.688 0.23199999999999998
6 0.8150000000000001 0.21725 0.817 0.19 0.8160000000000001 0.1855 0.8089999999999999 0.185 0.7976666671875 0.18725 0.794 0.20600000000000002 0.792 0.2205 0.794 0.22275 0.8103333328125 0.22000000000000003 0.8150000000000001 0.21725
6 0.826 0.21875 0.8396666671874999 0.21625 0.842 0.21349999999999997 0.844 0.1855 0.8426666671874999 0.18175 0.8323333328125001 0.182 0.8220000000000001 0.184 0.8196666671875 0.18625 0.819 0.1955 0.8186666671875 0.20950000000000002 0.8206666671875 0.21775000000000003 0.8220000000000001 0.21875 0.826 0.21875
6 0.867 0.209 0.8673333328125 0.18025 0.8653333328124999 0.17875000000000002 0.849 0.18 0.8456666671875 0.1815 0.845 0.1845 0.8453333328125 0.21425 0.8496666671875 0.215 0.865 0.21325 0.867 0.209
6 0.892 0.21075 0.8933333328125 0.20925 0.8939999999999999 0.199 0.8936666671875001 0.17775000000000002 0.8896666671875 0.176 0.874 0.1775 0.8716666671875 0.18075000000000002 0.8710000000000001 0.1895 0.8716666671875 0.21275 0.873 0.21349999999999997 0.8766666671875001 0.21200000000000002 0.892 0.21075
6 0.9933333328125 0.2 0.9963333328124999 0.1965 0.9973333328124999 0.16575 0.9906666671875 0.16399999999999998 0.975 0.16575 0.9720000000000001 0.16975 0.9716666671875 0.191 0.9733333328124999 0.20249999999999999 0.9796666671875001 0.20274999999999999 0.9933333328125 0.2
6 0.968 0.20125 0.97 0.1685 0.9653333328124999 0.16675 0.9453333328125 0.16975 0.9433333328125 0.17325 0.9426666671874999 0.18075000000000002 0.9423333328125001 0.205 0.9480000000000001 0.2065 0.9636666671875 0.20475 0.968 0.20125
6 0.9390000000000001 0.2065 0.9413333328125001 0.20175 0.9413333328125001 0.1715 0.9390000000000001 0.17024999999999998 0.9216666671875 0.172 0.9183333328125001 0.17375000000000002 0.9176666671874999 0.1795 0.9176666671874999 0.20875 0.9199999999999999 0.21000000000000002 0.9293333328125 0.20725 0.9390000000000001 0.2065
6 0.365 0.48624999999999996 0.366 0.48175 0.3616666671875 0.46525 0.3593333328125 0.46299999999999997 0.357 0.46275000000000005 0.3546666671875 0.46825 0.3543333328125 0.483 0.3573333328125 0.487 0.362 0.48724999999999996 0.365 0.48624999999999996
6 0.383 0.48624999999999996 0.37933333281250003 0.466 0.373 0.4615 0.3653333328125 0.46224999999999994 0.365 0.47874999999999995 0.3676666671875 0.485 0.3723333328125 0.48724999999999996 0.383 0.48624999999999996
6 0.3986666671875 0.48674999999999996 0.3966666671875 0.46799999999999997 0.3906666671875 0.4655 0.3883333328125 0.46275000000000005 0.38333333281250004 0.47000000000000003 0.38366666718750003 0.48224999999999996 0.386 0.48600000000000004 0.3906666671875 0.48775 0.3986666671875 0.48674999999999996
6 0.413 0.488 0.41600000000000004 0.48624999999999996 0.4143333328125 0.483 0.413 0.46849999999999997 0.40833333281249995 0.46624999999999994 0.40099999999999997 0.46849999999999997 0.3996666671875 0.4755 0.40133333281250005 0.48624999999999996 0.40533333281250006 0.48825 0.413 0.488
6 0.43166666718749996 0.48624999999999996 0.43 0.48150000000000004 0.429 0.46749999999999997 0.41966666718749995 0.46475 0.41566666718749995 0.47050000000000003 0.4176666671875 0.48724999999999996 0.4206666671875 0.489 0.429 0.4885 0.43166666718749996 0.48624999999999996
6 0.4476666671875 0.48674999999999996 0.4463333328125 0.479 0.4493333328125 0.46675000000000005 0.44333333281250004 0.46425 0.4386666671875 0.46425 0.4326666671875 0.46799999999999997 0.43200000000000005 0.47000000000000003 0.4326666671875 0.48650000000000004 0.4386666671875 0.48949999999999994 0.4463333328125 0.489 0.4476666671875 0.48674999999999996
6 0.462 0.47474999999999995 0.4643333328125 0.4665 0.46266666718750005 0.46525 0.45366666718750004 0.46525 0.44800000000000006 0.4665 0.4493333328125 0.488 0.4543333328125 0.49050000000000005 0.46299999999999997 0.49024999999999996 0.462 0.47474999999999995
6 0.4823333328125 0.48624999999999996 0.481 0.48324999999999996 0.4806666671875 0.46725000000000005 0.4676666671875 0.4655 0.4643333328125 0.46624999999999994 0.46666666718750005 0.48975 0.4733333328125 0.49124999999999996 0.4813333328125 0.49024999999999996 0.4823333328125 0.48624999999999996
6 0.495 0.49225 0.49800000000000005 0.49000000000000005 0.49733333281250003 0.46900000000000003 0.4943333328125 0.46725000000000005 0.4853333328125 0.46725000000000005 0.483 0.46849999999999997 0.48200000000000004 0.47000000000000003 0.483 0.48975 0.488 0.492 0.495 0.49225
6 0.5156666671875 0.49050000000000005 0.514 0.46849999999999997 0.5116666671875 0.46725000000000005 0.5013333328125 0.46725000000000005 0.499 0.46950000000000003 0.4996666671875 0.49024999999999996 0.5056666671875 0.493 0.5133333328125 0.4925 0.5156666671875 0.49050000000000005
6 0.533 0.49074999999999996 0.5333333328125 0.47024999999999995 0.5293333328125 0.46749999999999997 0.5206666671875 0.46749999999999997 0.518 0.46875 0.5166666671875 0.47125000000000006 0.5176666671875 0.49000000000000005 0.5213333328124999 0.493 0.53 0.493 0.533 0.49074999999999996
6 0.5519999999999999 0.49349999999999994 0.5533333328125 0.49050000000000005 0.553 0.46950000000000003 0.5443333328125 0.46725000000000005 0.537 0.46849999999999997 0.536 0.47024999999999995 0.5353333328125001 0.48250000000000004 0.5366666671875 0.4915 0.54 0.49325 0.5519999999999999 0.49349999999999994
6 0.5693333328125 0.49175 0.5700000000000001 0.47000000000000003 0.5683333328125 0.46825 0.5656666671874999 0.46775 0.5549999999999999 0.46950000000000003 0.5546666671875 0.492 0.557 0.49400000000000005 0.568 0.49424999999999997 0.5693333328125 0.49175
6 0.5896666671874999 0.49400000000000005 0.5916666671875 0.48724999999999996 0.592 0.46950000000000003 0.5843333328125 0.46825 0.576 0.46849999999999997 0.5736666671874999 0.47074999999999995 0.5730000000000001 0.48274999999999996 0.575 0.49400000000000005 0.58 0.495 0.5896666671874999 0.49400000000000005
6 0.6083333328125 0.49424999999999997 0.6093333328125 0.46925 0.6066666671875 0.46775 0.5926666671875 0.47050000000000003 0.592 0.49400000000000005 0.5956666671875 0.496 0.607 0.4955 0.6083333328125 0.49424999999999997
6 0.6276666671875 0.49424999999999997 0.628 0.4755 0.6306666671875 0.47050000000000003 0.623 0.46799999999999997 0.6116666671875 0.46825 0.61 0.46975 0.611 0.49400000000000005 0.615 0.49675 0.6253333328124999 0.49625 0.6276666671875 0.49424999999999997
6 0.6483333328125 0.49450000000000005 0.649 0.47050000000000003 0.6466666671875 0.46900000000000003 0.6373333328124999 0.46875 0.6306666671875 0.47074999999999995 0.6306666671875 0.495 0.6353333328125 0.49725 0.6463333328124999 0.49749999999999994 0.6483333328125 0.49450000000000005
6 0.712 0.49800000000000005 0.7136666671875 0.49050000000000005 0.713 0.47074999999999995 0.7093333328125 0.46875 0.697 0.46950000000000003 0.6946666671874999 0.47074999999999995 0.6933333328125 0.47450000000000003 0.693 0.49424999999999997 0.6943333328125 0.49749999999999994 0.6996666671875 0.49874999999999997 0.712 0.49800000000000005
6 0.6933333328125 0.47000000000000003 0.682 0.46825 0.6736666671875 0.46875 0.6713333328125 0.47050000000000003 0.6719999999999999 0.4955 0.6769999999999999 0.49800000000000005 0.6893333328125 0.49824999999999997 0.6933333328125 0.47000000000000003
6 0.6703333328125 0.47050000000000003 0.666 0.46849999999999997 0.654 0.46900000000000003 0.6513333328125 0.47375 0.6519999999999999 0.49675 0.6576666671875 0.49824999999999997 0.6693333328125 0.49775 0.6703333328125 0.47050000000000003
6 0.7266666671875 0.47000000000000003 0.725 0.46875 0.7166666671875 0.46975 0.7146666671874999 0.47375 0.716 0.49749999999999994 0.7206666671875 0.49850000000000005 0.7266666671875 0.47975 0.7266666671875 0.47000000000000003
6 0.7566666671875 0.48600000000000004 0.7543333328124999 0.48274999999999996 0.7563333328125 0.476 0.7556666671875 0.47024999999999995 0.745 0.47050000000000003 0.7406666671875 0.47300000000000003 0.7366666671875 0.48775 0.737 0.49824999999999997 0.7483333328125 0.5002500000000001 0.7556666671875 0.499 0.7566666671875 0.48600000000000004
6 0.7793333328125 0.49850000000000005 0.7806666671875 0.47050000000000003 0.7793333328125 0.46950000000000003 0.763 0.47050000000000003 0.76 0.47424999999999995 0.7593333328125 0.47925000000000006 0.76 0.49850000000000005 0.7653333328125 0.501 0.7776666671875 0.5005 0.7793333328125 0.49850000000000005
6 0.8043333328125 0.47450000000000003 0.8029999999999999 0.47024999999999995 0.787 0.47000000000000003 0.783 0.47300000000000003 0.782 0.4765 0.7826666671875 0.49924999999999997 0.7876666671875 0.5015 0.8003333328125001 0.501 0.8043333328125 0.47450000000000003
6 0.8243333328125001 0.50175 0.8240000000000001 0.48324999999999996 0.8256666671874999 0.47850000000000004 0.8243333328125001 0.47300000000000003 0.8186666671875 0.47050000000000003 0.8103333328125 0.471 0.8066666671875 0.47400000000000003 0.8056666671875 0.47800000000000004 0.8046666671875 0.48925 0.8056666671875 0.5002500000000001 0.8126666671875 0.5025000000000001 0.8243333328125001 0.50175
6 0.8446666671875 0.5035000000000001 0.8483333328124999 0.5025000000000001 0.8513333328125 0.4755 0.8496666671875 0.47125000000000006 0.8336666671874999 0.47074999999999995 0.8300000000000001 0.47400000000000003 0.829 0.479 0.8283333328125 0.493 0.8300000000000001 0.50175 0.8336666671874999 0.503 0.8446666671875 0.5035000000000001
6 0.8726666671875 0.503 0.874 0.50175 0.8756666671875 0.4755 0.8743333328125 0.47175 0.873 0.47074999999999995 0.8573333328125001 0.471 0.8546666671875001 0.47300000000000003 0.853 0.47850000000000004 0.8533333328125 0.50175 0.8563333328124999 0.5037499999999999 0.8603333328125 0.5042500000000001 0.8726666671875 0.503
6 0.925 0.50125 0.9273333328125 0.47050000000000003 0.9066666671875 0.4715 0.9036666671875 0.47625 0.9026666671875001 0.48550000000000004 0.9023333328125 0.49800000000000005 0.9039999999999999 0.504 0.9233333328125 0.504 0.925 0.50125
6 0.899 0.502 0.9006666671874999 0.49024999999999996 0.9016666671875001 0.47725 0.9 0.47275 0.897 0.471 0.882 0.47175 0.8793333328124999 0.47400000000000003 0.8779999999999999 0.479 0.8783333328125 0.5025000000000001 0.8806666671875 0.504 0.897 0.5042500000000001 0.899 0.502
6 0.9996666671875 0.472 0.986 0.47225 0.984 0.47350000000000003 0.982 0.4925 0.9826666671875 0.5045 0.9893333328124999 0.50675 0.9996666671875 0.5065000000000001 0.9996666671875 0.472
6 0.9756666671875 0.50575 0.9783333328125 0.49775 0.9803333328124999 0.47925000000000006 0.9793333328125 0.472 0.9783333328125 0.47125000000000006 0.9583333328125001 0.472 0.9553333328125 0.47450000000000003 0.9550000000000001 0.47775 0.9543333328125 0.50175 0.9553333328125 0.50325 0.9616666671875 0.506 0.9756666671875 0.50575
6 0.9486666671874999 0.50475 0.9506666671874999 0.5025000000000001 0.9523333328125 0.47350000000000003 0.951 0.47225 0.933 0.4715 0.9303333328125 0.47325 0.9286666671875 0.47824999999999995 0.9283333328125 0.50225 0.9313333328125 0.50475 0.9349999999999999 0.50525 0.9486666671874999 0.50475
0 0.7037643328125001 0.20278425000000003 0.7028486671875 0.23065275000000002 0.7534726671875001 0.2264135 0.7534726671875001 0.1973915 0.7037643328125001 0.20278425000000003
0 0.47504099999999994 0.22697375000000003 0.475564 0.25196175 0.506174 0.24911824999999999 0.5042116671875 0.2247045 0.47504099999999994 0.22697375000000003
5 0.3270503328125 0.0738 0.331323 0.13840575 0.40253366718750005 0.12637225000000002 0.39968499999999996 0.0599935 0.3270503328125 0.0738
5 0.405123 0.12536275 0.4462956671875 0.118314 0.4424113328125 0.052129499999999995 0.39994399999999997 0.059504999999999995 0.405123 0.12536275
5 0.48345466718749996 0.043783749999999996 0.44279999999999997 0.05107725 0.446943 0.11753775 0.4881156671875 0.111909 0.48345466718749996 0.043783749999999996
5 0.527346 0.034255999999999995 0.4831956671875 0.04321175 0.4861736671875 0.1116975 0.5304536671875 0.1049045 0.527346 0.034255999999999995
5 0.5703313328124999 0.02513375 0.5270873328125 0.03388975 0.532266 0.1049045 0.572403 0.09908175 0.5703313328124999 0.02513375
5 0.617201 0.01590675 0.5713673328125 0.02427625 0.5742156671875 0.096648 0.621603 0.09082525 0.617201 0.01590675
5 0.666142 0.0071667499999999995 0.617201 0.014954249999999999 0.6236746671875 0.08965475 0.6733923328125 0.08189125 0.666142 0.0071667499999999995
5 0.719744 0 0.6669186671875 0.00679725 0.6744283328125 0.080234 0.7256996671875 0.073441 0.719744 0
5 0.7282893328125 0.07321725 0.7818913328125 0.06296 0.7704976671875 0 0.720262 0.00007500000000000001 0.7282893328125 0.07321725