7 0.433208125 0.331475 0.43420437500000003 0.24013666718749999 0.372936875 0.2397191671875 0.3726275 0.2925508328125 0.404660625 0.2921091671875 0.40432875 0.33236 0.433208125 0.331475
7 0.28244625 0.28695 0.278974375 0.2888008328125 0.276891875 0.3799683328125 0.29286 0.3790425 0.297373125 0.3623825 0.310564375 0.3600691671875 0.312994375 0.29203999999999997 0.312994375 0.28695 0.31354187499999997 0.28912 0.3720075 0.2906516671875 0.37304875000000004 0.23882083281250002 0.282793125 0.23697 0.28244625 0.28695
7 0.43379812500000003 0.296205 0.49375 0.29606499999999997 0.49558875 0.24344833281249997 0.43414562500000003 0.2415975 0.43379812500000003 0.296205
7 0.49350625 0.2957425 0.5557293750000001 0.2974533328125 0.554949375 0.24344833281249997 0.49524187499999994 0.2415975 0.49350625 0.2957425
7 0.55564375 0.2971308328125 0.615104375 0.3002316671875 0.615004375 0.246225 0.554949375 0.246225 0.55564375 0.2971308328125
7 0.615004375 0.2980566671875 0.675 0.3002316671875 0.673670625 0.2485391671875 0.615004375 0.2471508328125 0.615004375 0.2980566671875
7 0.675059375 0.3012958328125 0.7328125 0.30300916718750004 0.73094875 0.249465 0.674365 0.2471508328125 0.675059375 0.3012958328125
7 0.73202625 0.302665 0.791145625 0.3037033328125 0.7882625 0.2522216671875 0.7306375 0.24805666718750002 0.73202625 0.302665
7 0.792775 0.3035908328125 0.846354375 0.30648166718750003 0.84554 0.25546166718749996 0.788956875 0.25361 0.792775 0.3035908328125
7 0.847275625 0.3072925 0.9005206250000001 0.3092591671875 0.9007350000000001 0.26008916718749997 0.846581875 0.25546166718749996 0.847275625 0.3072925
7 0.58726625 0.5975608328125 0.586571875 0.6521683328125001 0.6489581249999999 0.652315 0.64975125 0.6586475 0.648015625 0.5980233328125 0.58726625 0.5975608328125
7 0.64975125 0.6503175 0.7078125 0.652315 0.70702875 0.5998741671875 0.64871 0.596635 0.64975125 0.6503175
7 0.70737625 0.6521683328125001 0.767708125 0.652315 0.766736875 0.5998741671875 0.706681875 0.5998741671875 0.70737625 0.6521683328125001
7 0.825403125 0.650595 0.8244793749999999 0.5988425 0.76743125 0.5996891671875 0.76743125 0.6529091671875 0.825403125 0.650595
7 0.8840693749999999 0.6510575000000001 0.8812925 0.5983008328125 0.853125 0.6002316671875 0.853174375 0.5663691671875 0.82575 0.5659066671875 0.8247087499999999 0.6519833328125 0.8840693749999999 0.6510575000000001
2 0.255365625 0.7170383328125001 0.2546875 0.7662033328125 0.31680875 0.7702583328125 0.31680875 0.7175016671875001 0.255365625 0.7170383328125001
2 0.2515625 0.8884258328125 0.250158125 0.9405608328125 0.31299062499999997 0.9414866671875 0.313684375 0.8873416671875001 0.2515625 0.8884258328125
2 0.6535331249999999 0.7221291671875 0.65283875 0.7684075 0.71289375 0.7693325 0.713240625 0.7221291671875 0.6535331249999999 0.7221291671875
5 0.3133375 0.9400983328124999 0.328125 0.9405091671875001 0.328264375 0.8882666671875 0.31437875000000004 0.8882666671875 0.3133375 0.9400983328124999
5 0.32861125 0.9414866671875 0.34270812500000003 0.9412033328125 0.3442325 0.8878041671875 0.328264375 0.8882666671875 0.32861125 0.9414866671875
5 0.34353875 0.9414866671875 0.3578125 0.939815 0.35985375 0.8873416671875001 0.34492687499999997 0.8868783328125 0.34353875 0.9414866671875
5 0.357076875 0.9400983328124999 0.37395812500000003 0.939815 0.374780625 0.8868783328125 0.358118125 0.8868783328125 0.357076875 0.9400983328124999
5 0.37443375 0.9396358328125001 0.390625 0.9405091671875001 0.38970812499999996 0.8854900000000001 0.374780625 0.8859533328125 0.37443375 0.9396358328125001
5 0.390401875 0.9410241671874999 0.40572937500000006 0.9412033328125 0.40567624999999996 0.8882666671875 0.38970812499999996 0.8873416671875001 0.390401875 0.9410241671874999
5 0.40706499999999995 0.9414866671875 0.42135437500000006 0.9425924999999999 0.420545 0.8882666671875 0.405965 0.88873 0.40706499999999995 0.9414866671875
5 0.42158625 0.9410241671874999 0.43640625 0.9412033328125 0.43581875 0.8878041671875 0.42193312499999996 0.8878041671875 0.42158625 0.9410241671874999
5 0.43685999999999997 0.9405608328125 0.45046875000000003 0.93912 0.45005125 0.8878041671875 0.43685999999999997 0.8878041671875 0.43685999999999997 0.9405608328125
5 0.45005125 0.9382474999999999 0.46609375000000003 0.9377316671875 0.4656725 0.8882666671875 0.451093125 0.88873 0.45005125 0.9382474999999999
5 0.4656725 0.9391725 0.481198125 0.939815 0.480946875 0.8873416671875001 0.4656725 0.8873416671875001 0.4656725 0.9391725
5 0.48129375 0.9377841671875 0.496301875 0.9384258328125 0.49587375 0.8873416671875001 0.48129375 0.8868783328125 0.48129375 0.9377841671875
5 0.496568125 0.9382474999999999 0.511926875 0.9384258328125 0.511148125 0.88873 0.496220625 0.8882666671875 0.496568125 0.9382474999999999
5 0.512189375 0.9391725 0.5270312500000001 0.9384258328125 0.526075 0.8873416671875001 0.512189375 0.8873416671875001 0.512189375 0.9391725
5 0.526769375 0.9382474999999999 0.542135625 0.9384258328125 0.5403075 0.8864158328125 0.5281575000000001 0.8864158328125 0.526769375 0.9382474999999999
5 0.541001875 0.9396358328125001 0.55671875 0.9384258328125 0.5562756249999999 0.8882666671875 0.5392662500000001 0.8891925 0.541001875 0.9396358328125001
5 0.5573175 0.9377841671875 0.571301875 0.9377316671875 0.57050875 0.8873416671875001 0.55697 0.88873 0.5573175 0.9377841671875
5 0.570855625 0.9368591671875001 0.586926875 0.9384258328125 0.5857825 0.8891925 0.57155 0.88873 0.570855625 0.9368591671875001
5 0.586476875 0.9373216671875 0.601510625 0.9370366671875001 0.6003625 0.8868783328125 0.58613 0.8873416671875001 0.586476875 0.9373216671875
5 0.60175125 0.9377841671875 0.6155731249999999 0.9377316671875 0.6152893749999999 0.8864158328125 0.600709375 0.8873416671875001 0.60175125 0.9377841671875
5 0.6152893749999999 0.9359333328125 0.6311981249999999 0.9363425 0.631605 0.8859533328125 0.61563625 0.8854900000000001 0.6152893749999999 0.9359333328125
5 0.798660625 0.7461308328125 0.797544375 0.7211308328125 0.783481875 0.7208333328125 0.783705625 0.7455358328125 0.78705375 0.7538691671875 0.784598125 0.75625 0.7839287500000001 0.7696425 0.7984375 0.7690475 0.7977681249999999 0.7547616671874999 0.800669375 0.7538691671875 0.798660625 0.7461308328125
5 0.7863837499999999 0.7544641671875 0.783481875 0.7467258328125 0.783035625 0.7202383328125 0.76919625 0.7202383328125 0.76986625 0.7458333328125 0.77299125 0.7553575 0.7703125 0.7550591671875 0.7705356250000001 0.7699408328125 0.7825893749999999 0.7693450000000001 0.7828125 0.755655 0.7863837499999999 0.7544641671875
5 0.772768125 0.7544641671875 0.769643125 0.7476191671875 0.769419375 0.719345 0.755580625 0.719345 0.75580375 0.7461308328125 0.759375 0.7544641671875 0.7564731250000001 0.755655 0.75625 0.7696425 0.769643125 0.7708333328125 0.769419375 0.75625 0.772768125 0.7544641671875
5 0.7587056249999999 0.7535716671875 0.755580625 0.7473216671875 0.755356875 0.7202383328125 0.740401875 0.7208333328125 0.742410625 0.7476191671875 0.7430806249999999 0.7559525 0.742856875 0.7702383328125 0.756026875 0.7696425 0.75625 0.755655 0.7587056249999999 0.7535716671875
5 0.7435268749999999 0.755655 0.741518125 0.7482141671875 0.74107125 0.7211308328125 0.727231875 0.7208333328125 0.72700875 0.7461308328125 0.7292412500000001 0.7544641671875 0.72767875 0.7559525 0.727231875 0.7702383328125 0.740625 0.7693450000000001 0.740401875 0.755655 0.7435268749999999 0.755655
5 0.729018125 0.755655 0.72700875 0.7470241671875 0.7265625 0.7205358328125 0.712723125 0.7202383328125 0.712723125 0.7696425 0.726785625 0.7702383328125 0.7265625 0.7559525 0.729018125 0.755655
5 0.544419375 0.7720241671875 0.560268125 0.7723216671875 0.5595981250000001 0.7202383328125 0.544419375 0.7199408328125 0.544419375 0.7720241671875
5 0.53013375 0.719345 0.53013375 0.7708333328125 0.5439731250000001 0.7708333328125 0.5441962499999999 0.7196425 0.53013375 0.719345
5 0.5147318750000001 0.7202383328125 0.5147318750000001 0.7711308328125 0.5299106250000001 0.7699408328125 0.5299106250000001 0.7205358328125 0.5147318750000001 0.7202383328125
5 0.5008931249999999 0.7196425 0.500223125 0.7717258328125001 0.5147318750000001 0.7711308328125 0.514955625 0.7199408328125 0.5008931249999999 0.7196425
5 0.485044375 0.719345 0.485044375 0.7714283328125 0.5 0.7714283328125 0.50044625 0.7199408328125 0.485044375 0.719345
5 0.470089375 0.7205358328125 0.470535625 0.7699408328125 0.48482125 0.7702383328125 0.485044375 0.7208333328125 0.470089375 0.7205358328125
5 0.455356875 0.7214283328125 0.45647312500000004 0.7711308328125 0.470089375 0.7699408328125 0.46986625000000004 0.7217258328125 0.455356875 0.7214283328125
5 0.43995562499999996 0.7226191671875 0.440625 0.7696425 0.45558062499999996 0.7702383328125 0.455356875 0.7226191671875 0.43995562499999996 0.7226191671875
5 0.425 0.7235116671874999 0.42433062499999996 0.7705358328125 0.44040187499999994 0.7699408328125 0.43995562499999996 0.7220241671875 0.425 0.7235116671874999
5 0.410268125 0.7217258328125 0.40982124999999997 0.7699408328125 0.42455375 0.7699408328125 0.425 0.7226191671875 0.410268125 0.7217258328125
5 0.394643125 0.7223216671875 0.394419375 0.7693450000000001 0.40959812500000004 0.7693450000000001 0.40982124999999997 0.7220241671875 0.394643125 0.7223216671875
5 0.3796875 0.7223216671875 0.378794375 0.7696425 0.39375 0.7690475 0.394419375 0.7229166671875 0.3796875 0.7223216671875
5 0.36294624999999997 0.7196425 0.3625 0.7708333328125 0.378794375 0.7693450000000001 0.379464375 0.7199408328125 0.36294624999999997 0.7196425
5 0.347544375 0.7205358328125 0.347544375 0.7693450000000001 0.3625 0.7699408328125 0.363169375 0.7205358328125 0.347544375 0.7205358328125
5 0.3328125 0.7196425 0.33236625000000003 0.7699408328125 0.34732124999999997 0.7702383328125 0.347544375 0.7199408328125 0.3328125 0.7196425
5 0.317410625 0.7190475000000001 0.316964375 0.7699408328125 0.332143125 0.7690475 0.3328125 0.719345 0.317410625 0.7190475000000001