0 0.1913596640625 0.3397760421875 0.16523726875 0.34137934062499997 0.165483796875 0.39408203125 0.19197569375 0.393527778125 0.1913596640625 0.3397760421875
0 0.2188376734375 0.3395911453125 0.19259201406249998 0.33999305625 0.1937008109375 0.393527778125 0.22043952500000003 0.3926041671875 0.2188376734375 0.3395911453125
0 0.247301215625 0.33885243125 0.21994675937500002 0.3391614578125 0.2213020828125 0.3924197046875 0.2481637734375 0.3924197046875 0.247301215625 0.33885243125
0 0.2757034140625 0.3377443578125 0.24841030156250002 0.3383298609375 0.2494577546875 0.3913111984375 0.275826678125 0.39168055625 0.2757034140625 0.3377443578125
0 0.3031814234375 0.33626649375 0.27650434062499996 0.33777517343749996 0.2766892359375 0.390941840625 0.3042902203125 0.39075694375 0.3031814234375 0.33626649375
0 0.33213773125 0.335527778125 0.30441348437500004 0.33666623281249997 0.30613860000000004 0.390941840625 0.33226099531250003 0.3903875875 0.33213773125 0.335527778125
0 0.3538243640625 0.33534288125 0.3325075234375 0.33527994843750003 0.33337008125 0.3900182296875 0.3549334484375 0.390203125 0.3538243640625 0.33534288125
0 0.3757575234375 0.334234809375 0.354686921875 0.3350026046875 0.3555494796875 0.389648871875 0.376373553125 0.38909461875 0.3757575234375 0.334234809375
0 0.3974441546875 0.333495659375 0.3764968171875 0.3338936625 0.37674334531250003 0.388355903125 0.3984299765625 0.38817100625 0.3974441546875 0.333495659375
0 0.41993171250000005 0.3333111984375 0.3981218171875 0.333339409375 0.3991076390625 0.38780165 0.4207942703125 0.3874322921875 0.41993171250000005 0.3333111984375
0 0.44223437499999996 0.3323875875 0.420855903125 0.332784721875 0.4214103015625 0.387062934375 0.44211111093750005 0.38650868125 0.44223437499999996 0.3323875875
0 0.4636744796875 0.331463975 0.44285040468750003 0.33167578125 0.4430969328125 0.3868780375 0.46441377343749995 0.38558506875 0.4636744796875 0.331463975
0 0.48566927031249996 0.33035546875 0.46392100625 0.330566840625 0.46533796250000004 0.38540060781249996 0.48566927031249996 0.3848463546875 0.48566927031249996 0.33035546875
0 0.5072942703125001 0.3294318578125 0.48610040468750004 0.32973524374999996 0.48585416718749996 0.3848463546875 0.5077870375 0.38447699687500003 0.5072942703125001 0.3294318578125
0 0.528980903125 0.3286931421875 0.5077254046874999 0.3294579 0.508156828125 0.383737846875 0.5298434609375 0.38318402812499996 0.528980903125 0.3286931421875
0 0.55165335625 0.32795442656249996 0.5297201968749999 0.32918055625 0.530459490625 0.38318402812499996 0.55313194375 0.3828142359375 0.55165335625 0.32795442656249996
7 0.2728747109375 0.63656944375 0.21371151562500001 0.6388203125 0.2142482640625 0.6854388015625 0.2738136578125 0.68403125 0.2728747109375 0.63656944375
7 0.3044684609375 0.720230903125 0.3335804390625 0.720230903125 0.33264149375 0.6343572046875 0.2734782984375 0.6370095484375 0.274417534375 0.6862434890625 0.304334490625 0.68644444375 0.3044684609375 0.720230903125
7 0.39153616874999997 0.63324913125 0.33364756875 0.6348962671875 0.333982928125 0.6827217875 0.3931461234375 0.6809118921875 0.39153616874999997 0.63324913125
7 0.45210792812499995 0.6310368921875 0.39321325156250003 0.633085503125 0.3942864578125 0.6809118921875 0.4529129046875 0.6799062499999999 0.45210792812499995 0.6310368921875
7 0.512874421875 0.6294171000000001 0.4531872109375 0.6310021703124999 0.45386226875 0.68065711875 0.5136015625 0.6790998265625 0.512874421875 0.6294171000000001
7 0.5732369796875 0.628171440625 0.5136536453125 0.6293658859375 0.5138093171875 0.679566840625 0.57386024375 0.6781653640624999 0.5732369796875 0.628171440625
7 0.634015046875 0.6258350687500001 0.5745876734375 0.6270282125 0.5748993062500001 0.6776979171875 0.6346385999999999 0.6756731765625 0.634015046875 0.6258350687500001
7 0.6952089124999999 0.6236545140625 0.6347424765625 0.6253919265625 0.63495023125 0.6759848093749999 0.6957282984375001 0.6752061625 0.6952089124999999 0.6236545140625
7 0.7562989 0.622097221875 0.6958321765625 0.6235217015625001 0.6963518515625 0.6745829 0.7568182875 0.6730256078125 0.7562989 0.622097221875
7 0.817284721875 0.62053993125 0.757233796875 0.6216519093749999 0.7573376734374999 0.6736484375 0.8181160296875 0.6720911453125 0.817284721875 0.62053993125