6 0.1896666671875 0.38975 0.1943333328125 0.387 0.196 0.3845 0.195 0.38 0.197 0.37324999999999997 0.1983333328125 0.35724999999999996 0.1873333328125 0.35575 0.177 0.356 0.1756666671875 0.35724999999999996 0.17633333281250002 0.38875000000000004 0.1813333328125 0.39075000000000004 0.1896666671875 0.38975
6 0.2126666671875 0.3895 0.21633333281249997 0.38775 0.2173333328125 0.3855 0.2166666671875 0.374 0.2196666671875 0.35724999999999996 0.20099999999999998 0.35575 0.19866666718749998 0.35950000000000004 0.199 0.38675000000000004 0.2013333328125 0.38925 0.2046666671875 0.39 0.2126666671875 0.3895
6 0.23900000000000002 0.38849999999999996 0.2396666671875 0.386 0.2403333328125 0.35750000000000004 0.2253333328125 0.356 0.2206666671875 0.35724999999999996 0.221 0.387 0.22433333281249998 0.39 0.236 0.38975 0.23900000000000002 0.38849999999999996
6 0.24300000000000002 0.38975 0.2463333328125 0.39125 0.2633333328125 0.3915 0.2653333328125 0.389 0.2653333328125 0.35750000000000004 0.24700000000000003 0.35625 0.24266666718750002 0.35724999999999996 0.2423333328125 0.35825 0.24133333281249997 0.37675000000000003 0.24266666718750002 0.37925 0.2416666671875 0.38525 0.24300000000000002 0.38975
6 0.2876666671875 0.35950000000000004 0.284 0.35750000000000004 0.272 0.357 0.267 0.35724999999999996 0.2663333328125 0.359 0.267 0.391 0.2703333328125 0.39249999999999996 0.2866666671875 0.3915 0.2876666671875 0.35950000000000004
6 0.31233333281250003 0.39125 0.31233333281250003 0.36025 0.31066666718749997 0.3585 0.2946666671875 0.35750000000000004 0.29100000000000004 0.358 0.2896666671875 0.3605 0.2883333328125 0.3845 0.2893333328125 0.39225 0.31033333281250003 0.3935 0.31233333281250003 0.39125
6 0.3416666671875 0.38575 0.341 0.36825 0.3373333328125 0.36075 0.3266666671875 0.35875 0.31433333281250003 0.35875 0.313 0.36124999999999996 0.31266666718749997 0.3765 0.313 0.393 0.3343333328125 0.39425 0.3396666671875 0.392 0.3416666671875 0.38575
6 0.41200000000000003 0.397 0.4146666671875 0.36475 0.40833333281249995 0.36124999999999996 0.3943333328125 0.361 0.3923333328125 0.36150000000000004 0.3913333328125 0.365 0.3903333328125 0.39275000000000004 0.3923333328125 0.39525 0.3963333328125 0.39625 0.41200000000000003 0.397
6 0.437 0.39625 0.43933333281250003 0.3645 0.43533333281250003 0.36225 0.4176666671875 0.36225 0.4153333328125 0.3795 0.4153333328125 0.39625 0.4186666671875 0.39725 0.43533333281250003 0.39775 0.437 0.39625
6 0.461 0.39649999999999996 0.46299999999999997 0.38875000000000004 0.4643333328125 0.365 0.4596666671875 0.363 0.44333333281250004 0.3625 0.44066666718749997 0.36724999999999997 0.43966666718749997 0.39675 0.44299999999999995 0.39849999999999997 0.45866666718750004 0.39849999999999997 0.461 0.39649999999999996
6 0.48600000000000004 0.39625 0.48666666718749996 0.37625000000000003 0.49000000000000005 0.36924999999999997 0.49000000000000005 0.365 0.48266666718750006 0.36324999999999996 0.47066666718750005 0.36275 0.46666666718750005 0.36425 0.46566666718749994 0.3685 0.4646666671875 0.3975 0.46666666718750005 0.399 0.48266666718750006 0.3995 0.48600000000000004 0.39625
6 0.5153333328125 0.36924999999999997 0.514 0.36475 0.49366666718749996 0.36375 0.491 0.365 0.489 0.38475000000000004 0.4886666671875 0.39725 0.49000000000000005 0.3995 0.5096666671875 0.39975 0.5153333328125 0.36924999999999997
6 0.533 0.40175 0.536 0.40025000000000005 0.54 0.37324999999999997 0.5389999999999999 0.36625 0.537 0.3645 0.529 0.36425 0.5173333328124999 0.36425 0.5156666671875 0.36625 0.5136666671875 0.39925 0.5166666671875 0.40075000000000005 0.5296666671875 0.40075000000000005 0.533 0.40175
6 0.5663333328125 0.38925 0.5683333328125 0.3665 0.561 0.36475 0.5486666671875 0.3645 0.545 0.36875 0.5426666671875 0.40025000000000005 0.5446666671875 0.40125 0.5636666671875 0.40099999999999997 0.5663333328125 0.38925
6 0.596 0.37 0.5940000000000001 0.36675 0.5916666671875 0.36575 0.5803333328125 0.3655 0.572 0.3665 0.5683333328125 0.38825 0.568 0.40099999999999997 0.588 0.40199999999999997 0.5923333328125 0.40025000000000005 0.596 0.37
6 0.6166666671875001 0.40225 0.6203333328125 0.39025 0.6223333328125 0.37025 0.6206666671875001 0.367 0.6033333328125 0.36625 0.5980000000000001 0.36775 0.5953333328125 0.38849999999999996 0.5946666671874999 0.40049999999999997 0.596 0.40175 0.614 0.40325 0.6166666671875001 0.40225
6 0.76 0.40025000000000005 0.7653333328125 0.37374999999999997 0.764 0.3685 0.749 0.3685 0.744 0.37075 0.74 0.39675 0.7403333328125 0.40625 0.755 0.40675 0.758 0.40425000000000005 0.76 0.40025000000000005
6 0.7943333328125 0.40549999999999997 0.7983333328125 0.373 0.7966666671875 0.3705 0.779 0.369 0.771 0.396 0.7696666671875 0.4035 0.7706666671875 0.40650000000000003 0.788 0.40800000000000003 0.7943333328125 0.40549999999999997
6 0.8206666671875 0.40800000000000003 0.8230000000000001 0.40425000000000005 0.8276666671875 0.37275 0.8213333328125 0.37075 0.8023333328125 0.3705 0.7993333328125 0.373 0.7976666671875 0.40650000000000003 0.8019999999999999 0.40800000000000003 0.805 0.40725 0.8206666671875 0.40800000000000003
6 0.851 0.40824999999999995 0.8553333328124999 0.3775 0.8550000000000001 0.373 0.8536666671875001 0.372 0.85 0.37075 0.8343333328125 0.3705 0.8296666671875 0.37174999999999997 0.8263333328125 0.39975 0.8273333328125 0.40824999999999995 0.842 0.4085 0.8453333328125 0.4095 0.851 0.40824999999999995
6 0.9043333328125 0.40800000000000003 0.9063333328125 0.373 0.8963333328124999 0.3715 0.8826666671875 0.37174999999999997 0.8793333328124999 0.37275 0.8783333328125 0.37625000000000003 0.8736666671875 0.40824999999999995 0.877 0.41050000000000003 0.9003333328125 0.41050000000000003 0.9043333328125 0.40800000000000003
6 0.931 0.40800000000000003 0.9349999999999999 0.373 0.9199999999999999 0.37174999999999997 0.9073333328125001 0.373 0.905 0.40824999999999995 0.908 0.41025 0.9276666671875 0.41100000000000003 0.931 0.40800000000000003
6 0.96 0.40975 0.9630000000000001 0.39675 0.9646666671874999 0.377 0.9613333328125 0.373 0.9516666671875 0.372 0.9373333328125 0.373 0.9346666671875001 0.39525 0.9336666671874999 0.40824999999999995 0.9353333328125 0.41050000000000003 0.9553333328125 0.41200000000000003 0.96 0.40975
6 0.1846666671875 0.6655 0.1863333328125 0.6625 0.1946666671875 0.63425 0.193 0.63225 0.176 0.634 0.17366666718749998 0.63475 0.1706666671875 0.63925 0.16999999999999998 0.6637500000000001 0.17266666718749998 0.66625 0.1816666671875 0.66725 0.1846666671875 0.6655
6 0.2093333328125 0.666 0.2076666671875 0.6535 0.2096666671875 0.64525 0.21600000000000003 0.6345 0.207 0.6327499999999999 0.2 0.63425 0.1926666671875 0.64 0.191 0.64525 0.191 0.666 0.195 0.66925 0.20633333281250002 0.6695 0.2093333328125 0.666
6 0.22833333281249998 0.671 0.231 0.66975 0.2306666671875 0.66575 0.23700000000000002 0.6385 0.2343333328125 0.63475 0.22433333281249998 0.63475 0.2166666671875 0.6365000000000001 0.2133333328125 0.6415 0.2113333328125 0.6565000000000001 0.2106666671875 0.6665 0.2126666671875 0.67025 0.217 0.6719999999999999 0.22833333281249998 0.671
6 0.2496666671875 0.6725 0.2533333328125 0.662 0.252 0.655375 0.2556666671875 0.64825 0.258 0.6385 0.256 0.6375 0.2476666671875 0.63725 0.2403333328125 0.63925 0.23500000000000001 0.64425 0.2336666671875 0.6495 0.233 0.6665 0.2343333328125 0.6715 0.23933333281250002 0.6735 0.2496666671875 0.6725
6 0.2753333328125 0.6745 0.2766666671875 0.6735 0.279 0.64825 0.282 0.6425 0.2803333328125 0.64 0.2793333328125 0.63875 0.267 0.6385 0.25866666718750003 0.64325 0.25633333281250004 0.64725 0.255 0.66975 0.25666666718750003 0.6735 0.267 0.6757500000000001 0.2753333328125 0.6745
6 0.29700000000000004 0.67325 0.29733333281249996 0.6627500000000001 0.3036666671875 0.64225 0.29500000000000004 0.6405000000000001 0.2856666671875 0.64175 0.27999999999999997 0.646 0.2776666671875 0.6565000000000001 0.2773333328125 0.674 0.281 0.6765 0.29500000000000004 0.67675 0.29700000000000004 0.67325
6 0.318 0.67875 0.32 0.64725 0.31033333281250003 0.644 0.3026666671875 0.6475 0.29933333281249996 0.6535 0.3 0.6775 0.3046666671875 0.67925 0.31466666718749997 0.6797500000000001 0.318 0.67875
6 0.3416666671875 0.68075 0.3436666671875 0.67 0.3433333328125 0.6565000000000001 0.3463333328125 0.64725 0.3453333328125 0.6455 0.3386666671875 0.6447499999999999 0.3293333328125 0.64625 0.3246666671875 0.6505 0.3226666671875 0.6545 0.32166666718750003 0.66475 0.3223333328125 0.6797500000000001 0.32966666718750004 0.68175 0.33799999999999997 0.682 0.3416666671875 0.68075
6 0.365 0.67475 0.3653333328125 0.66125 0.36833333281249997 0.654 0.368 0.649 0.365 0.6465 0.3533333328125 0.64675 0.3493333328125 0.64825 0.344 0.6559999999999999 0.3433333328125 0.6815 0.34900000000000003 0.6845 0.3616666671875 0.6855 0.365 0.67475
6 0.3856666671875 0.686 0.38933333281250004 0.67425 0.391 0.65 0.3886666671875 0.649 0.3763333328125 0.649 0.36866666718749996 0.6537499999999999 0.367 0.657 0.366 0.6705 0.3656666671875 0.68175 0.367 0.68475 0.379 0.68675 0.3856666671875 0.686
6 0.4103333328125 0.68625 0.4146666671875 0.6537499999999999 0.41200000000000003 0.65125 0.3963333328125 0.65225 0.391 0.65675 0.3896666671875 0.6645 0.3896666671875 0.68625 0.3956666671875 0.68825 0.4086666671875 0.6895 0.4103333328125 0.68625
6 0.43166666718749996 0.6912499999999999 0.4336666671875 0.68925 0.43566666718749997 0.67475 0.43533333281250003 0.65625 0.42000000000000004 0.6537499999999999 0.4176666671875 0.65525 0.4136666671875 0.6599999999999999 0.41233333281249995 0.67425 0.41166666718749995 0.6855 0.4136666671875 0.6885 0.41966666718749995 0.6905 0.43166666718749996 0.6912499999999999
6 0.4583333328125 0.6815 0.4606666671875 0.65825 0.45866666718750004 0.65575 0.449 0.65475 0.4436666671875 0.65525 0.44000000000000006 0.657 0.43666666718749997 0.662 0.43566666718749997 0.675 0.4363333328125 0.6912499999999999 0.44266666718750003 0.693 0.45499999999999996 0.6940000000000001 0.4583333328125 0.6815
6 0.4796666671875 0.6935 0.4843333328125 0.6695 0.485 0.662 0.48333333281249996 0.65825 0.4783333328125 0.65675 0.46666666718750005 0.65725 0.461 0.662 0.4596666671875 0.66925 0.45933333281250005 0.69325 0.47066666718750005 0.69675 0.47800000000000004 0.696 0.4796666671875 0.6935
6 0.503 0.697 0.509 0.662 0.5066666671875 0.6599999999999999 0.49000000000000005 0.659 0.4863333328125 0.661 0.484 0.6655 0.4823333328125 0.68125 0.483 0.69675 0.489 0.69825 0.5016666671875 0.69825 0.503 0.697
6 0.529 0.69725 0.5326666671875 0.6675 0.5306666671875 0.66175 0.5196666671875 0.66075 0.5146666671875 0.6615 0.5116666671875 0.6635 0.5086666671875 0.66825 0.5066666671875 0.6845 0.507 0.69825 0.5173333328124999 0.702 0.5263333328125 0.70125 0.529 0.69725
6 0.5513333328125001 0.70125 0.5559999999999999 0.6705 0.5556666671875 0.6667500000000001 0.5533333328125 0.6645 0.5396666671875 0.66325 0.5349999999999999 0.66475 0.5316666671875 0.67075 0.5303333328125001 0.6875 0.5309999999999999 0.701 0.5396666671875 0.7030000000000001 0.5493333328125 0.7032499999999999 0.5513333328125001 0.70125
6 0.5776666671874999 0.705 0.5803333328125 0.67725 0.5823333328125 0.6705 0.5803333328125 0.666 0.5683333328125 0.66475 0.5603333328125 0.6665 0.5563333328125 0.67675 0.5553333328125001 0.70175 0.5643333328125 0.7055 0.576 0.706 0.5776666671874999 0.705
6 0.5993333328125 0.7070000000000001 0.6036666671875001 0.6917500000000001 0.6056666671875 0.66925 0.6006666671875001 0.66725 0.5876666671875 0.667 0.585 0.6679999999999999 0.5823333328125 0.67075 0.5803333328125 0.68475 0.5793333328125 0.70125 0.5806666671875 0.7045 0.5916666671875 0.7075 0.5993333328125 0.7070000000000001
6 0.6246666671875001 0.7085 0.6306666671875 0.674 0.6283333328125 0.67025 0.6246666671875001 0.669 0.6106666671875 0.66925 0.6076666671875001 0.67325 0.606 0.683 0.605 0.69425 0.606 0.70575 0.6143333328125 0.70875 0.6246666671875001 0.7085
6 0.6516666671875 0.70875 0.6559999999999999 0.679 0.6543333328125 0.6715 0.6503333328124999 0.6705 0.6346666671875 0.6715 0.6323333328125 0.6755 0.6303333328125 0.686 0.6293333328124999 0.709 0.638 0.712 0.6493333328124999 0.7115 0.6516666671875 0.70875
6 0.6756666671875 0.713 0.6783333328125 0.70175 0.6813333328125 0.68225 0.6816666671875 0.67775 0.679 0.674 0.662 0.67275 0.6603333328125001 0.6735 0.658 0.67725 0.6566666671875 0.6885 0.6563333328125001 0.71 0.6616666671875 0.71375 0.6736666671875 0.7150000000000001 0.6756666671875 0.713
6 0.7246666671875001 0.71875 0.727 0.71775 0.733 0.686 0.7326666671875001 0.68075 0.729 0.67775 0.7123333328125 0.6775 0.7103333328125 0.679 0.709 0.6815 0.7070000000000001 0.705 0.7066666671874999 0.71275 0.7086666671875 0.717 0.7166666671875 0.71875 0.7246666671875001 0.71875
6 0.7526666671875 0.7212500000000001 0.7563333328125 0.70925 0.758 0.687 0.7556666671875 0.6797500000000001 0.7393333328125 0.6795 0.736 0.68075 0.7326666671875001 0.7045 0.732 0.71675 0.733 0.718 0.737 0.72025 0.7526666671875 0.7212500000000001
6 0.7793333328125 0.72275 0.7809999999999999 0.7212500000000001 0.7833333328125 0.712 0.786 0.692 0.7846666671875 0.6855 0.783 0.6832499999999999 0.7803333328125001 0.6825 0.7646666671875 0.68175 0.7613333328125 0.68275 0.76 0.6855 0.759 0.7105 0.7603333328125 0.72 0.7633333328125 0.722 0.7793333328125 0.72275
6 0.8106666671875 0.71375 0.8123333328125 0.69425 0.8113333328125 0.6875 0.8096666671875001 0.6855 0.8029999999999999 0.6837500000000001 0.792 0.6837500000000001 0.788 0.6855 0.7863333328125 0.7085 0.787 0.7235 0.7983333328125 0.726 0.8076666671874999 0.7245 0.8106666671875 0.71375
6 0.8346666671875 0.728 0.8386666671875 0.7015 0.8376666671875 0.69075 0.8343333328125 0.6872499999999999 0.8263333328125 0.68625 0.8176666671874999 0.686 0.8140000000000001 0.68925 0.8130000000000001 0.72475 0.817 0.72775 0.833 0.7295 0.8346666671875 0.728
6 0.861 0.7315 0.8633333328124999 0.7292500000000001 0.8666666671875 0.702 0.8653333328124999 0.6915 0.8613333328125 0.68825 0.8466666671875 0.6877500000000001 0.841 0.68925 0.8393333328124999 0.7125 0.8400000000000001 0.7285 0.8416666671874999 0.7302500000000001 0.861 0.7315
6 0.8893333328124999 0.733 0.8916666671875 0.73125 0.8960000000000001 0.705 0.8933333328125 0.6955 0.891 0.69275 0.8866666671875001 0.6912499999999999 0.8726666671875 0.69025 0.869 0.693 0.8686666671875001 0.729 0.873 0.732 0.8806666671875 0.73325 0.8893333328124999 0.733
6 0.9199999999999999 0.73625 0.923 0.7245 0.9243333328125001 0.70925 0.9226666671875 0.6995 0.9196666671875 0.69575 0.9113333328125 0.69325 0.9003333328125 0.69275 0.8963333328124999 0.69575 0.8966666671875 0.73225 0.9003333328125 0.7344999999999999 0.9113333328125 0.7365 0.9199999999999999 0.73625
6 0.9393333328125 0.73875 0.9473333328125 0.7384999999999999 0.9496666671874999 0.73625 0.9513333328125 0.72875 0.9536666671875 0.7095 0.9513333328125 0.70175 0.9443333328125 0.6975 0.9356666671875 0.6955 0.9253333328125001 0.6965 0.9243333328125001 0.69725 0.9253333328125001 0.7344999999999999 0.9306666671875 0.73725 0.9393333328125 0.73875
6 0.959 0.74 0.9753333328125 0.7415 0.9776666671875001 0.74025 0.9826666671875 0.708 0.9789999999999999 0.7032499999999999 0.974 0.7 0.959 0.6990000000000001 0.954 0.70025 0.9550000000000001 0.7085 0.9536666671875 0.7365 0.9553333328125 0.73875 0.959 0.74
6 0.9996666671875 0.74425 0.9996666671875 0.70075 0.9836666671875 0.7005 0.9823333328125001 0.701 0.9826666671875 0.74025 0.986 0.74325 0.9996666671875 0.74425
0 0.6310563328125001 0.36793975 0.6292916671875 0.40423725 0.6885856671874999 0.40516300000000005 0.6896443328124999 0.368392 0.6310563328125001 0.36793975
0 0.3464986671875 0.3598 0.34632233281249997 0.395772 0.3911456671875 0.39683 0.3914983328125 0.3627045 0.3464986671875 0.3598
5 0.6954683328125 0.376461 0.6944636671875 0.40634424999999996 0.7331426671875 0.406909 0.734901 0.3784825 0.6954683328125 0.376461
5 0.2639716671875 0.23387875 0.2634693328125 0.15067049999999998 0.15864121250000002 0.1534501046875 0.1602416671875 0.23406699999999997 0.2639716671875 0.23387875
5 0.264474 0.15126250000000002 0.2649763328125 0.2314315 0.31998066718749996 0.23049024999999998 0.31998066718749996 0.14991749999999998 0.264474 0.15126250000000002
5 0.3769946671875 0.1485995 0.3221156671875 0.14956724999999998 0.32048299999999996 0.2299255 0.3739806671875 0.229549 0.3769946671875 0.1485995
5 0.43425966718750003 0.14747 0.377497 0.1487195 0.3754876671875 0.23086674999999998 0.42948766718750003 0.2299255 0.43425966718750003 0.14747
5 0.49227800000000005 0.14615225 0.4343853328125 0.14758925 0.4330036671875 0.22936074999999997 0.48851066718749997 0.22860775000000003 0.49227800000000005 0.14615225
5 0.5520546671875 0.14493050000000002 0.4927803328125 0.1461765 0.4915246671875 0.228892 0.546529 0.22945675 0.5520546671875 0.14493050000000002
5 0.6140916671875 0.14323625 0.552306 0.1441985 0.5482873328125 0.22964500000000002 0.6075616671875 0.23002150000000002 0.6140916671875 0.14323625
5 0.6767566671874999 0.141544 0.6140916671875 0.14250325 0.6094453328125 0.22851775000000002 0.67098 0.2283295 0.6767566671874999 0.141544
5 0.7421846671875 0.140791 0.677008 0.141938 0.673115 0.22851775000000002 0.7346496671875 0.2283295 0.7421846671875 0.140791
5 0.811631 0.13900425 0.7425613328125 0.14052525 0.7367846671875 0.226919 0.7995753328124999 0.22635424999999998 0.811631 0.13900425
5 0.87844 0.137126 0.8126356671874999 0.13769975 0.8010820000000001 0.2256055 0.8683936671874999 0.22617025000000002 0.87844 0.137126
5 0.9514026671875 0.13534375 0.8793193328125 0.136852 0.8675146671875 0.22627049999999999 0.9353283328125 0.22645875000000001 0.9514026671875 0.13534375
5 0.9988723328125 0.136285 0.9512773328125 0.13572175 0.937589 0.22438799999999998 0.9986213328125 0.22551749999999998 0.9988723328125 0.136285