6 0.0793333328125 0.11299999999999999 0.10733333281249999 0.11325 0.10933333281249999 0.11174999999999999 0.10833333281249999 0.054000000000000006 0.10400000000000001 0.052000000000000005 0.08966666718750001 0.050749999999999997 0.0716666671875 0.05175 0.06933333281250001 0.05425 0.07133333281250001 0.09675 0.07466666718750001 0.1115 0.076 0.11274999999999999 0.0793333328125 0.11299999999999999
6 0.146 0.1135 0.149 0.11125 0.147 0.05575 0.143 0.05275 0.13799999999999998 0.05125 0.11133333281249999 0.051000000000000004 0.10933333281249999 0.052500000000000005 0.11133333281249999 0.10974999999999999 0.1183333328125 0.11325 0.146 0.1135
6 0.1853333328125 0.1135 0.187 0.11174999999999999 0.1866666671875 0.05600000000000001 0.1853333328125 0.05450000000000001 0.17733333281250002 0.052000000000000005 0.1543333328125 0.05175 0.1513333328125 0.05275 0.151 0.05450000000000001 0.15 0.10725 0.154 0.11274999999999999 0.158 0.11425 0.1853333328125 0.1135
6 0.20633333281250002 0.11399999999999999 0.225 0.11525 0.2276666671875 0.11299999999999999 0.2296666671875 0.1075 0.2276666671875 0.0965 0.22633333281249998 0.056499999999999995 0.221 0.052500000000000005 0.2156666671875 0.05125 0.193 0.05125 0.1893333328125 0.052500000000000005 0.1893333328125 0.08775 0.192 0.11100000000000002 0.197 0.1145 0.20633333281250002 0.11399999999999999
6 0.369 0.11699999999999999 0.3716666671875 0.11499999999999999 0.373 0.10400000000000001 0.3716666671875 0.056499999999999995 0.36466666718749996 0.05275 0.3426666671875 0.05225 0.33799999999999997 0.054000000000000006 0.337 0.0595 0.3366666671875 0.10725 0.3386666671875 0.1135 0.3416666671875 0.11599999999999999 0.369 0.11699999999999999
6 0.3333333328125 0.11299999999999999 0.3343333328125 0.10600000000000001 0.333 0.07325000000000001 0.33399999999999996 0.06375 0.3323333328125 0.056999999999999995 0.3233333328125 0.05225 0.3023333328125 0.052000000000000005 0.2986666671875 0.052500000000000005 0.298 0.05475 0.2986666671875 0.1115 0.3023333328125 0.1155 0.32999999999999996 0.11599999999999999 0.3333333328125 0.11299999999999999
6 0.2946666671875 0.11525 0.2966666671875 0.11125 0.29500000000000004 0.05575 0.29133333281249996 0.053000000000000005 0.2823333328125 0.05225 0.2636666671875 0.05225 0.2596666671875 0.05500000000000001 0.26033333281250004 0.10725 0.2626666671875 0.11325 0.2666666671875 0.11574999999999999 0.2946666671875 0.11525
6 0.44733333281250004 0.11750000000000001 0.44966666718750004 0.11525 0.45066666718750004 0.11125 0.453 0.061 0.4516666671875 0.05675 0.44699999999999995 0.05375 0.4233333328125 0.053000000000000005 0.41966666718749995 0.05500000000000001 0.418 0.0605 0.41633333281249996 0.10725 0.4183333328125 0.1155 0.4223333328125 0.11725000000000001 0.44733333281250004 0.11750000000000001
6 0.4893333328125 0.11499999999999999 0.49066666718749996 0.10825 0.49233333281249997 0.058499999999999996 0.49000000000000005 0.05500000000000001 0.47000000000000003 0.05325 0.46266666718750005 0.053500000000000006 0.45933333281250005 0.05575 0.4573333328125 0.08775 0.4566666671875 0.11200000000000002 0.4583333328125 0.1165 0.48666666718749996 0.11725000000000001 0.4893333328125 0.11499999999999999
6 0.5266666671875 0.118 0.5286666671875 0.11599999999999999 0.53 0.11100000000000002 0.5323333328125 0.06825 0.5323333328125 0.0595 0.5316666671875 0.056499999999999995 0.5293333328125 0.05475 0.5253333328124999 0.05375 0.5016666671875 0.053500000000000006 0.4993333328125 0.05500000000000001 0.497 0.059750000000000004 0.495 0.089 0.49400000000000005 0.10800000000000001 0.4956666671875 0.11674999999999999 0.49800000000000005 0.11825000000000001 0.5266666671875 0.118
6 0.5650000000000001 0.11825000000000001 0.5676666671875 0.11474999999999999 0.5690000000000001 0.10375000000000001 0.5713333328125 0.06325 0.5713333328125 0.059750000000000004 0.5690000000000001 0.05575 0.5443333328125 0.05450000000000001 0.5406666671875 0.05500000000000001 0.5383333328125001 0.05675 0.5366666671875 0.0605 0.5349999999999999 0.0875 0.5336666671875 0.11374999999999999 0.5346666671875 0.11699999999999999 0.5366666671875 0.11850000000000001 0.5650000000000001 0.11825000000000001
6 0.607 0.11674999999999999 0.6086666671875001 0.11174999999999999 0.6123333328125 0.06475 0.611 0.05725 0.6033333328125 0.05475 0.5836666671875 0.054000000000000006 0.5793333328125 0.056499999999999995 0.5766666671875 0.061 0.5726666671875 0.11499999999999999 0.576 0.11850000000000001 0.6033333328125 0.11975 0.607 0.11674999999999999
6 0.9313333328125 0.121 0.9396666671875 0.11525 0.9413333328125001 0.1115 0.945 0.0605 0.9436666671875 0.058750000000000004 0.9359999999999999 0.05725 0.9189999999999999 0.05725 0.9073333328125001 0.060250000000000005 0.9046666671875 0.07975 0.9023333328125 0.119 0.9036666671875 0.12050000000000001 0.9083333328125001 0.12125 0.9313333328125 0.121
6 0.9 0.11499999999999999 0.9016666671875001 0.1075 0.9013333328125 0.0794 0.9039999999999999 0.06275 0.9039999999999999 0.059750000000000004 0.9016666671875001 0.056999999999999995 0.873 0.056499999999999995 0.8666666671875 0.0605 0.8636666671875 0.08675000000000001 0.8619999999999999 0.11950000000000001 0.8646666671875 0.121 0.8923333328125 0.121 0.9 0.11499999999999999
6 0.853 0.12 0.8576666671875 0.11699999999999999 0.8596666671875001 0.11174999999999999 0.8633333328124999 0.06425 0.8613333328125 0.05625 0.834 0.05600000000000001 0.8276666671875 0.0605 0.8230000000000001 0.10625 0.8223333328125 0.1155 0.826 0.12 0.8303333328125 0.12075 0.853 0.12
6 0.819 0.11474999999999999 0.8213333328125 0.1075 0.8240000000000001 0.06425 0.8220000000000001 0.05550000000000001 0.7976666671875 0.05500000000000001 0.7923333328125 0.056999999999999995 0.787 0.064 0.7843333328125001 0.0895 0.7826666671875 0.119 0.7976666671875 0.12050000000000001 0.8140000000000001 0.11925 0.819 0.11474999999999999
6 0.775 0.118 0.7803333328125001 0.11174999999999999 0.784 0.06525 0.7836666671875 0.0605 0.7813333328125001 0.05575 0.774 0.05475 0.7553333328125 0.05500000000000001 0.7513333328125 0.056499999999999995 0.7473333328125 0.06375 0.745 0.0925 0.7433333328125 0.11499999999999999 0.7446666671875 0.11775 0.7473333328125 0.119 0.775 0.118
6 0.0056666671875 0.56825 0.015 0.56925 0.032 0.56825 0.031 0.56025 0.0366666671875 0.523 0.0213333328125 0.519 0.0096666671875 0.52125 0.0033333328125 0.52525 0.0026666671875 0.52725 0.003 0.55 0.0043333328125 0.5545 0.004 0.5635 0.0056666671875 0.56825
6 0.0443333328125 0.56975 0.0723333328125 0.56925 0.0736666671875 0.56825 0.072 0.5387500000000001 0.0786666671875 0.5215 0.078 0.52 0.0763333328125 0.5185 0.0526666671875 0.51925 0.047333332812500004 0.5207499999999999 0.0426666671875 0.5237499999999999 0.04 0.5275000000000001 0.0396666671875 0.54875 0.041999999999999996 0.5559999999999999 0.0423333328125 0.56825 0.0443333328125 0.56975
6 0.0796666671875 0.5700000000000001 0.089 0.57075 0.1066666671875 0.5702499999999999 0.1086666671875 0.5685 0.1076666671875 0.56425 0.11233333281249999 0.5215 0.10800000000000001 0.51925 0.0866666671875 0.5207499999999999 0.078 0.525 0.07566666718750001 0.5315000000000001 0.07666666718750001 0.55325 0.079 0.55675 0.0773333328125 0.56825 0.0796666671875 0.5700000000000001
6 0.1266666671875 0.57225 0.1386666671875 0.5715 0.1423333328125 0.5725 0.1463333328125 0.56825 0.1476666671875 0.52575 0.1493333328125 0.52125 0.14666666718750002 0.5197499999999999 0.1226666671875 0.5207499999999999 0.1126666671875 0.5265 0.11100000000000002 0.52925 0.11299999999999999 0.5685 0.11499999999999999 0.5705 0.1266666671875 0.57225
6 0.1793333328125 0.57225 0.1816666671875 0.571 0.183 0.56825 0.1843333328125 0.5305 0.1873333328125 0.52125 0.1853333328125 0.5195000000000001 0.1613333328125 0.5205 0.1516666671875 0.5255 0.1493333328125 0.529 0.1513333328125 0.5700000000000001 0.1543333328125 0.572 0.1793333328125 0.57225
6 0.1896666671875 0.57275 0.2 0.57325 0.2166666671875 0.57225 0.21833333281249998 0.56775 0.21833333281249998 0.5519999999999999 0.2156666671875 0.54525 0.2156666671875 0.53925 0.21800000000000003 0.5325 0.2206666671875 0.52925 0.22233333281249998 0.52125 0.217 0.52 0.1966666671875 0.52125 0.189 0.52525 0.1866666671875 0.53075 0.1876666671875 0.558 0.1866666671875 0.5685 0.188 0.5715 0.1896666671875 0.57275
6 0.25166666718749997 0.57375 0.2556666671875 0.57275 0.25466666718750003 0.56425 0.257 0.5215 0.233 0.52125 0.2266666671875 0.524 0.2226666671875 0.529 0.22233333281249998 0.55725 0.22400000000000003 0.57225 0.231 0.5740000000000001 0.25166666718749997 0.57375
6 0.29500000000000004 0.5205 0.2673333328125 0.521 0.2626666671875 0.52575 0.2606666671875 0.5325 0.262 0.572 0.2636666671875 0.57325 0.29100000000000004 0.57275 0.29500000000000004 0.5205
6 0.3116666671875 0.57325 0.32966666718750004 0.5725 0.33199999999999996 0.5275000000000001 0.3303333328125 0.52175 0.31966666718750003 0.5205 0.3066666671875 0.52125 0.3003333328125 0.5247499999999999 0.298 0.5287499999999999 0.2983333328125 0.5685 0.2996666671875 0.57125 0.3023333328125 0.5725 0.3116666671875 0.57325
6 0.365 0.575 0.36666666718749996 0.57275 0.36866666718749996 0.5237499999999999 0.365 0.521 0.3416666671875 0.522 0.33799999999999997 0.52525 0.3363333328125 0.5295 0.33599999999999997 0.5725 0.3376666671875 0.5740000000000001 0.341 0.5745 0.365 0.575
6 0.40366666718750005 0.57275 0.40433333281249995 0.5549999999999999 0.403 0.55 0.4056666671875 0.5245 0.404 0.5225 0.3983333328125 0.52175 0.3776666671875 0.52275 0.375 0.5255 0.37333333281250003 0.532 0.3723333328125 0.57275 0.3763333328125 0.57475 0.40033333281249994 0.5755 0.40366666718750005 0.57275
6 0.4233333328125 0.576 0.43899999999999995 0.57525 0.4413333328125 0.5337500000000001 0.44066666718749997 0.52425 0.43600000000000005 0.5225 0.4143333328125 0.523 0.4106666671875 0.52575 0.40800000000000003 0.53275 0.40766666718750005 0.5595 0.40933333281250006 0.5725 0.41166666718749995 0.5745 0.4233333328125 0.576
6 0.548 0.57225 0.549 0.5589999999999999 0.549 0.5335 0.5473333328125001 0.5247499999999999 0.545 0.52275 0.5363333328125 0.52225 0.5216666671875 0.52325 0.5193333328125 0.525 0.5206666671875 0.57225 0.5309999999999999 0.5742499999999999 0.5456666671875 0.5735 0.548 0.57225
6 0.5096666671875 0.575 0.512 0.5725 0.5136666671875 0.557 0.5126666671875 0.55225 0.5136666671875 0.52425 0.51 0.5225 0.48600000000000004 0.52275 0.4836666671875 0.52525 0.48333333281249996 0.53225 0.4823333328125 0.557 0.4836666671875 0.57225 0.4863333328125 0.57475 0.5096666671875 0.575
6 0.45066666718750004 0.575 0.4743333328125 0.57575 0.476 0.57225 0.47800000000000004 0.52525 0.4743333328125 0.523 0.4563333328125 0.52225 0.4493333328125 0.5235000000000001 0.44666666718750003 0.5277499999999999 0.4453333328125 0.5565 0.44699999999999995 0.56375 0.44666666718750003 0.57225 0.45066666718750004 0.575
2 0.6266623328125001 0.4841405 0.5523206671875001 0.48405475 0.5491436671875001 0.6191832500000001 0.6253913328125 0.6194215 0.6266623328125001 0.4841405