6 0.1931796875 0.1777858078125 0.159421875 0.17809895781250001 0.1465576171875 0.22596679687500001 0.1826987296875 0.2264485671875 0.1931796875 0.1777858078125
6 0.23208300781250002 0.178822265625 0.198962403125 0.178267578125 0.1913725578125 0.2264485671875 0.2249838875 0.2254850265625 0.23208300781250002 0.178822265625
6 0.2803432625 0.1759303390625 0.24486181562499998 0.1773040359375 0.240524903125 0.2192213546875 0.27702734375000004 0.2182578125 0.2803432625 0.1759303390625
6 0.299322265625 0.1903899734375 0.351478515625 0.1903131515625 0.3525629875 0.14984114531249998 0.2997963859375 0.1532135421875 0.299322265625 0.1903899734375
6 0.373068359375 0.21641796875 0.4107504890625 0.21729427031249998 0.408220215625 0.172486328125 0.37388623125 0.172486328125 0.373068359375 0.21641796875
6 0.4489052734375 0.151498046875 0.4221611328125 0.151498046875 0.42458203125000005 0.18677539062499998 0.4810712890625 0.18522460937500002 0.47745703125 0.1433072921875 0.4485439453125 0.1442708328125 0.4489052734375 0.151498046875
6 0.49841894531250003 0.21365104218750003 0.5346591796875 0.21280338593749998 0.527693359375 0.1659524734375 0.4948046875 0.16739778593750002 0.49841894531250003 0.21365104218750003
6 0.5732314453125 0.1457161453125 0.54395703125 0.148125 0.5541801765625001 0.1838834640625 0.60756591875 0.18233398437499998 0.5981689453125 0.1394524734375 0.5732314453125 0.1380071609375 0.5732314453125 0.1457161453125
6 0.6414824218749999 0.20701887968750002 0.6805712890625 0.20594205781250002 0.6664760750000001 0.16209765625 0.6310576171875 0.1630611984375 0.6414824218749999 0.20701887968750002
6 0.708038575 0.14234375 0.6765957031250001 0.1433072921875 0.6940805671875 0.1773763015625 0.7467094734375 0.1751067703125 0.7304462890625001 0.1370436203125 0.7065927734375 0.13559830781249999 0.708038575 0.14234375
6 0.80064404375 0.174373046875 0.7926928703125 0.15991862031249998 0.7598041984374999 0.15991862031249998 0.7757065421875 0.203763671875 0.8114863281250001 0.20328190156249998 0.8100405281249999 0.1960546875 0.80208935625 0.172927734375 0.80064404375 0.174373046875
6 0.8317255859375001 0.1594368484375 0.7984755859375 0.1608828125 0.81726904375 0.20520898437500001 0.851603028125 0.20520898437500001 0.850791015625 0.1889440109375 0.8490732421875 0.18352734375 0.8364238281249999 0.17774609375 0.8317255859375001 0.1594368484375
6 0.887744140625 0.174373046875 0.8794316406249999 0.15799153593749998 0.8487119140624999 0.1584733078125 0.867505371875 0.2013548171875 0.9033891593750001 0.204126953125 0.9040078125000001 0.19219987031250002 0.89352685625 0.174373046875 0.887744140625 0.174373046875
6 0.917380371875 0.1555826828125 0.8859375 0.15750976562500002 0.90617626875 0.200390625 0.9413466796875 0.20051237031250002 0.9415947265625 0.186900390625 0.9340053718749999 0.1734095046875 0.9260541999999999 0.171482421875 0.917380371875 0.1555826828125
6 0.9611113281250001 0.1565462234375 0.9275 0.15750976562500002 0.9499072265624999 0.200390625 0.98472705 0.20051237031250002 0.9827958984375 0.1840091140625 0.9683393562499999 0.1748548171875 0.9611113281250001 0.1565462234375
6 0.99951171875 0.1556861984375 0.9708691406250001 0.1565462234375 0.9972524406250001 0.1994270828125 0.99951171875 0.1994270828125 0.99951171875 0.1556861984375