6 0.049142578125 0.1807858078125 0.0101748046875 0.1801360671875 0 0.2431178390625 0.0194296875 0.2554544265625 0.049142578125 0.1807858078125
6 0.09346875 0.178837890625 0.051091309375000005 0.1794869796875 0.029658690625 0.24246875 0.07008789062500001 0.24376692656249999 0.09346875 0.178837890625
6 0.1300014640625 0.18662890625 0.0945307609375 0.18548828125 0.0720366203125 0.2385729171875 0.11100439375 0.23987109375000001 0.1300014640625 0.18662890625
6 0.181146971875 0.17299414062500001 0.1456943359375 0.1737942703125 0.12902734375 0.24246875 0.16750830156250002 0.2431178390625 0.181146971875 0.17299414062500001
6 0.22206347656249997 0.1768899734375 0.18808740156249998 0.17671744843749998 0.1679951171875 0.24246875 0.204040528125 0.2431178390625 0.22206347656249997 0.1768899734375
6 0.3562802734375 0.1781881515625 0.32218359375 0.178837890625 0.3085444328125 0.244416015625 0.34507714843750004 0.244416015625 0.3562802734375 0.1781881515625
6 0.5005136718750001 0.1768899734375 0.4665639640625 0.1757428390625 0.45423876874999997 0.24636393281250002 0.4922329109375 0.24571484375 0.5005136718750001 0.1768899734375
6 0.631583984375 0.1749420578125 0.5937421875 0.1757428390625 0.591154296875 0.24246875 0.6281743171875 0.24376692656249999 0.631583984375 0.1749420578125
6 0.766796875 0.18078776093749999 0.7296909171875 0.1776920578125 0.732212890625 0.2444186203125 0.7702065421875 0.24247070312500002 0.766796875 0.18078776093749999
6 0.817455078125 0.1749440109375 0.779393065625 0.1747682296875 0.786768065625 0.2411725265625 0.823787596875 0.2385748703125 0.817455078125 0.1749440109375
6 0.861294434375 0.1723470046875 0.8269018546875 0.1757428390625 0.8315810546875 0.2398736984375 0.868601075 0.23597786406250001 0.861294434375 0.1723470046875
6 0.29448339843750004 0.1869733078125 0.2412109375 0.1879342453125 0.2241879875 0.2485807296875 0.28341845625 0.2459772140625 0.29448339843750004 0.1869733078125
6 0.3759765625 0.24783007812500002 0.4337724609375 0.2503157546875 0.44158300781250004 0.1878404953125 0.3862578125 0.18610546875 0.3759765625 0.24783007812500002
6 0.5732421875 0.1879342453125 0.519688965625 0.18610546875 0.512529296875 0.247712890625 0.5711088875 0.2494479171875 0.5732421875 0.1879342453125