6 0.1797385625 0.10078370156250001 0.17913071875 0.11907015937500001 0.1898508984375 0.11881495156249999 0.190701796875 0.099929228125 0.1797385625 0.10078370156250001
6 0.1924035953125 0.11932506093749999 0.203482434375 0.1195490203125 0.2017626640625 0.1001844359375 0.1924035953125 0.0998017765625 0.1924035953125 0.11932506093749999
6 0.204825571875 0.1191976109375 0.214460784375 0.1193575375 0.21452491875000002 0.10005698593750001 0.20346446093749998 0.099929228125 0.204825571875 0.1191976109375
6 0.229669934375 0.1199632359375 0.24024714062500002 0.11993198593750001 0.23834844843749997 0.10184344375000001 0.22932965625 0.1017156859375 0.229669934375 0.1199632359375
6 0.24192156874999998 0.1204736515625 0.2514808 0.120506434375 0.2499195265625 0.10299172812499999 0.2402201796875 0.1027365203125 0.24192156874999998 0.1204736515625
6 0.2524718140625 0.1208566171875 0.263735703125 0.1208894 0.262511846875 0.1020986515625 0.2523018796875 0.102226103125 0.2524718140625 0.1208566171875
6 0.26421364375 0.1211118265625 0.2759906046875 0.1214638484375 0.2745935453125 0.102226103125 0.26489419999999997 0.10235386093750001 0.26421364375 0.1211118265625
6 0.275955065625 0.1212392765625 0.2872242640625 0.12127236562499999 0.2863349671875 0.1031194859375 0.276465278125 0.10299172812499999 0.275955065625 0.1212392765625
6 0.2890575984375 0.12149448593750001 0.2999897875 0.12165533125000001 0.2997781859375 0.10235386093750001 0.2887173203125 0.10248131093749999 0.2890575984375 0.12149448593750001
6 0.30164991875 0.1218774515625 0.3119893796875 0.12165533125000001 0.3110089875 0.1028642765625 0.3007990203125 0.1027365203125 0.30164991875 0.1218774515625
6 0.312710784375 0.10248131093749999 0.31326593125 0.1214638484375 0.3242818625 0.1218774515625 0.32377164999999997 0.10235386093750001 0.312710784375 0.10248131093749999
6 0.337895425 0.1216222421875 0.348754084375 0.12203829687500001 0.34708415000000004 0.10350214531249999 0.3375547390625 0.10337469375 0.337895425 0.1216222421875
6 0.35082802343749997 0.12238786718750001 0.360867646875 0.1218774515625 0.3600167484375 0.10426777031250001 0.3499771234375 0.10426777031250001 0.35082802343749997 0.12238786718750001
6 0.36256944375 0.1222601109375 0.373774509375 0.1224212625 0.3727794125 0.10375735312500001 0.36222875781249997 0.1036299015625 0.36256944375 0.1222601109375
6 0.3739701796875 0.1222601109375 0.385518790625 0.1224212625 0.38469076874999997 0.10350214531249999 0.37362990156250003 0.1036299015625 0.3739701796875 0.1222601109375
6 0.386392565625 0.12251531874999999 0.397263071875 0.122804228125 0.3962622546875 0.1031194859375 0.3869031859375 0.10350214531249999 0.386392565625 0.12251531874999999
6 0.3989848859375 0.12277052656250001 0.41028390468750003 0.122804228125 0.40936478750000005 0.1036299015625 0.3989848859375 0.1036299015625 0.3989848859375 0.12277052656250001
6 0.41157720624999994 0.12251531874999999 0.421517565625 0.1226127453125 0.420425653125 0.1040125609375 0.4107263078125 0.10414031875 0.41157720624999994 0.12251531874999999
6 0.4236589046875 0.12200490156249999 0.4342830875 0.1224212625 0.4335285953125 0.10350214531249999 0.4236589046875 0.10350214531249999 0.4236589046875 0.12200490156249999
6 0.44909109531249997 0.1224212625 0.4594603765625 0.12275398281250001 0.4594603765625 0.1028477328125 0.44822957499999994 0.1028477328125 0.44909109531249997 0.1224212625
6 0.46116217343750004 0.123009190625 0.47206903593750005 0.1226127453125 0.470691584375 0.103102940625 0.46065155156250004 0.103102940625 0.46116217343750004 0.123009190625
6 0.47222303906249996 0.123009190625 0.4830473859375 0.12318719375 0.48141176406249997 0.10399632343750001 0.4720526953125 0.104123775 0.47222303906249996 0.123009190625
6 0.48430473906250004 0.12326440000000001 0.49581290781250004 0.12318719375 0.4955355390625 0.1036133578125 0.4848149515625 0.1036133578125 0.48430473906250004 0.12326440000000001
6 0.496897059375 0.1231369484375 0.5078125 0.12299571093749999 0.5069366828125 0.1036133578125 0.49706699375 0.10323069843749999 0.496897059375 0.1231369484375
6 0.5084681375 0.12326440000000001 0.5198120921875 0.12318719375 0.5205498359375 0.102975490625 0.5086384796875 0.103102940625 0.5084681375 0.12326440000000001
6 0.5212308 0.123009190625 0.5323223046875001 0.122804228125 0.5322912578125 0.10335815 0.5210604578125 0.10335815 0.5212308 0.123009190625
6 0.5328018796875 0.1235196078125 0.54457720625 0.12299571093749999 0.5435224671875 0.103102940625 0.53263194375 0.103102940625 0.5328018796875 0.1235196078125
6 0.5574758984375 0.12288174062499999 0.5685763890625 0.122804228125 0.5671752453125001 0.10374111562499999 0.5581564546875 0.10374111562499999 0.5574758984375 0.12288174062499999
6 0.569727940625 0.12262653125 0.5813419125 0.1224212625 0.5802781859375 0.10348590625000001 0.569727940625 0.10348590625000001 0.569727940625 0.12262653125
6 0.581129084375 0.1231369484375 0.592575571875 0.12318719375 0.5928705062499999 0.10374111562499999 0.5816392968749999 0.10348590625000001 0.581129084375 0.1231369484375
6 0.593891340625 0.12326440000000001 0.604319853125 0.12318719375 0.6051225484375 0.10399632343750001 0.5945718953125 0.10425153125 0.593891340625 0.12326440000000001
6 0.6058031046875 0.1235196078125 0.6170853765625 0.123570159375 0.616013071875 0.10425153125 0.6059730390625 0.10437898281249999 0.6058031046875 0.1235196078125
6 0.6172042484375 0.12326440000000001 0.629340278125 0.12318719375 0.6292859484375 0.10386856562499999 0.618395425 0.10399632343750001 0.6172042484375 0.12326440000000001
6 0.629966503125 0.12237132343749998 0.6400633171875 0.1224212625 0.6423884796875 0.10437898281249999 0.6309877453125 0.10399632343750001 0.629966503125 0.12237132343749998
6 0.6427291671875001 0.12262653125 0.6522581703125 0.12249877499999999 0.6532794125 0.10437898281249999 0.641707925 0.10386856562499999 0.6427291671875001 0.12262653125
6 0.6645102125 0.12326440000000001 0.6760620921875 0.1226127453125 0.6767622546875 0.10374111562499999 0.66723284375 0.10399632343750001 0.6645102125 0.12326440000000001
6 0.6789742640624999 0.104123775 0.677613153125 0.12237132343749998 0.6878231203125 0.12237132343749998 0.6881633984375 0.12262653125 0.6893545750000001 0.10437898281249999 0.6789742640624999 0.104123775
6 0.6886736109375 0.12275398281250001 0.701082515625 0.1224212625 0.7024571078124999 0.10425153125 0.6910559640625 0.10386856562499999 0.6886736109375 0.12275398281250001
6 0.701436275 0.12275398281250001 0.7118055562500001 0.12203829687500001 0.7135179734375 0.10323069843749999 0.7024571078124999 0.10374111562499999 0.701436275 0.12275398281250001
6 0.7128374187500001 0.1231369484375 0.724571078125 0.12318719375 0.7254297390625 0.104123775 0.71470915 0.1036133578125 0.7128374187500001 0.1231369484375
6 0.7255996734375 0.12262653125 0.737081290625 0.122804228125 0.7380216500000001 0.10399632343750001 0.727131128125 0.10386856562499999 0.7255996734375 0.12262653125
5 0.23616217343749998 0.24784252499999998 0.2363214875 0.27594270781249997 0.2511258171875 0.2758149515625 0.2489138078125 0.2474868265625 0.23616217343749998 0.24784252499999998
5 0.250104984375 0.275304534375 0.2657781859375 0.2750330875 0.2642287578125 0.2479972421875 0.249424428125 0.2483802078125 0.250104984375 0.275304534375
5 0.2638884796875 0.2754322921875 0.2790543296875 0.275990503125 0.2778419125 0.249273284375 0.263548203125 0.24914583281249997 0.2638884796875 0.2754322921875
5 0.2798202609375 0.275990503125 0.292986928125 0.275304534375 0.2921360296875 0.249273284375 0.277501634375 0.2495284921875 0.2798202609375 0.275990503125
5 0.29264665 0.2756875 0.306627859375 0.2756075375 0.3052385625 0.24863541718749999 0.2924763078125 0.24863541718749999 0.29264665 0.2756875
5 0.30642973906250004 0.2750493265625 0.32118055624999997 0.27522457031249997 0.3198729578125 0.2479972421875 0.3055792484375 0.248125 0.30642973906250004 0.2750493265625
5 0.32072385625 0.2750493265625 0.333946078125 0.2750330875 0.33280555624999997 0.24825245156250003 0.3202132359375 0.2483802078125 0.32072385625 0.2750493265625
5 0.3338263890625 0.2755597421875 0.34798815312500003 0.2756075375 0.34829085000000004 0.24825245156250003 0.33348611093749997 0.24825245156250003 0.3338263890625 0.2755597421875
5 0.3476098859375 0.27517708281250003 0.361264296875 0.2748416046875 0.3612234484375 0.24761458281249998 0.3469293296875 0.247742034375 0.3476098859375 0.27517708281250003
5 0.36105310468749996 0.2755597421875 0.3747957515625 0.2756075375 0.3748366015625 0.248125 0.36105310468749996 0.24825245156250003 0.36105310468749996 0.2755597421875
5 0.3743259796875 0.2750493265625 0.3882798203125 0.275304534375 0.3884497546875 0.2479972421875 0.3746662578125 0.24825245156250003 0.3743259796875 0.2750493265625
5 0.3881094765625 0.2750493265625 0.40313521249999995 0.2756075375 0.40308415000000003 0.2479972421875 0.3882798203125 0.248125 0.3881094765625 0.2750493265625
5 0.41652696093749997 0.247742034375 0.40376470624999994 0.2478697921875 0.40359436249999997 0.2750493265625 0.4166666671875 0.2744586390625 0.417377859375 0.264203125 0.415335784375 0.2566743265625 0.41652696093749997 0.247742034375
5 0.4163570265625 0.2747941171875 0.4312193625 0.2754160546875 0.43048080000000005 0.24850765937500002 0.41669730468750005 0.24850765937500002 0.4163570265625 0.2747941171875
5 0.4430731203125 0.2478697921875 0.4303104578125 0.2479972421875 0.43048080000000005 0.2746666671875 0.44449550625 0.2748416046875 0.444774509375 0.266882659375 0.44341339843750005 0.2564191171875 0.4430731203125 0.2478697921875
5 0.45753717343750006 0.2562916671875 0.4578774515625 0.2479972421875 0.44324305624999993 0.248125 0.44375367656250003 0.2564191171875 0.44358333281249995 0.2635649515625 0.44409395468749996 0.274921875 0.4587928921875 0.27522457031249997 0.4578774515625 0.266882659375 0.4577071078125 0.261523284375 0.45753717343750006 0.2562916671875
5 0.4718308828125 0.255015625 0.47166094843749995 0.2478697921875 0.4573668296875 0.2479972421875 0.45702655156249994 0.2570572921875 0.4571968953125 0.2640753671875 0.45804779375000004 0.2705833328125 0.45753717343750006 0.274921875 0.4595588234375 0.27522457031249997 0.4728521234375 0.2750493265625 0.47319240156250003 0.2712212015625 0.473022059375 0.264203125 0.4718308828125 0.255015625
5 0.4866356203125 0.24761458281249998 0.4714906046875 0.2474868265625 0.4711503265625 0.2570572921875 0.47166094843749995 0.2636927078125 0.472511846875 0.26803125 0.472341503125 0.2717316171875 0.47217156875 0.2747941171875 0.48662173124999997 0.27522457031249997 0.4869758984375 0.2709659921875 0.4869758984375 0.2639479171875 0.48629493437500004 0.2556534921875 0.4866356203125 0.24761458281249998
5 0.48799673125 0.2747941171875 0.4993978765625 0.27453890937500003 0.4987173203125 0.247742034375 0.4866356203125 0.2474868265625 0.48799673125 0.2747941171875
5 0.513861928125 0.248125 0.5007593953125 0.24850765937500002 0.500418709375 0.2747941171875 0.51352165 0.2750493265625 0.5126707515625 0.27083854218750003 0.51369199375 0.2568020828125 0.513861928125 0.248125
2 0.18127042499999999 0.24860845625 0.182517565625 0.27677604218749996 0.2362900328125 0.2763930765625 0.23577941249999998 0.2479375 0.18127042499999999 0.24860845625
6 0.7667736921875 0.352305453125 0.778293709375 0.3522208953125 0.777377859375 0.3358645828125 0.7677769609375 0.335757353125 0.7667736921875 0.352305453125
6 0.754428921875 0.3525435046875 0.7647675656249999 0.3525205265625 0.7659138078125001 0.3377990203125 0.756169934375 0.33758394531249997 0.754428921875 0.3525435046875
6 0.7430339046875 0.352865809375 0.7528737750000001 0.3529503671875 0.754020425 0.3371541046875 0.7432728765625 0.337046875 0.7430339046875 0.352865809375
6 0.73099428125 0.352865809375 0.7415535125 0.3533802078125 0.7416968953125 0.33790655625 0.7319526140625 0.3376914828125 0.73099428125 0.352865809375
6 0.719814134375 0.35270465624999997 0.7308059640625 0.3525205265625 0.730949346875 0.3381213234375 0.7207753265625 0.3377990203125 0.719814134375 0.35270465624999997
6 0.707774509375 0.35270465624999997 0.7187692 0.3525205265625 0.718482434375 0.3381213234375 0.708738153125 0.3381213234375 0.707774509375 0.35270465624999997
6 0.6963794937500001 0.352865809375 0.707305146875 0.3530579046875 0.7070187906250001 0.33833609062500003 0.6978476312499999 0.33833609062500003 0.6963794937500001 0.352865809375
6 0.6845543296875001 0.3530272671875 0.6952683828125 0.3525205265625 0.6948382359374999 0.33833609062500003 0.6855241015625 0.33855116406249997 0.6845543296875001 0.3530272671875
6 0.6738047390624999 0.35351102968750003 0.6833745921875 0.353165134375 0.6839477125 0.338443628125 0.6739170750000001 0.338443628125 0.6738047390624999 0.35351102968750003
6 0.6611196890625 0.35318841875 0.6714808 0.353165134375 0.6713378265625 0.33855116406249997 0.6615935453125 0.338443628125 0.6611196890625 0.35318841875
6 0.6492949343750001 0.35351102968750003 0.6604468953125 0.3533802078125 0.659873775 0.338443628125 0.6499865203125 0.33855116406249997 0.6492949343750001 0.35351102968750003
6 0.6376625812500001 0.353594975 0.63789991875 0.35334957031249997 0.647979984375 0.3533802078125 0.6482667484375 0.338443628125 0.6378059640625 0.33833609062500003 0.6376625812500001 0.353594975
6 0.6254824343750001 0.3534874390625 0.6277753265625 0.3539172796875 0.6368031046875 0.353594975 0.636516340625 0.33855116406249997 0.6259121734375 0.33855116406249997 0.6254824343750001 0.3534874390625
6 0.6145919125 0.3537025125 0.62476593125 0.3539172796875 0.6250526953125 0.338443628125 0.61473529375 0.33855116406249997 0.6145919125 0.3537025125
6 0.460311275 0.35415594375000004 0.4695355390625 0.354022978125 0.46939215624999997 0.33908639687500003 0.4593615203125 0.3389788609375 0.460311275 0.35415594375000004
6 0.4709685453125 0.35434528125 0.481811275 0.35415594375000004 0.4817156859375 0.3393011640625 0.47182843124999996 0.33908639687500003 0.4709685453125 0.35434528125
6 0.4831486921875 0.3401608453125 0.48271895468750003 0.35477512187500004 0.4947111921875 0.3544785546875 0.4934660953125 0.3544525125 0.4933231203125 0.34005361562499997 0.4831486921875 0.3401608453125
6 0.49489910156250005 0.3549898890625 0.5061058 0.35480085781250004 0.506219771875 0.33865655625 0.4944693625 0.33908639687500003 0.49489910156250005 0.3549898890625
6 0.50593300625 0.3549898890625 0.5168558 0.35512346875 0.5179701796875 0.3395162375 0.5057896234375 0.339623775 0.50593300625 0.3549898890625
6 0.5182565359375 0.3550974265625 0.5293255718750001 0.35512346875 0.5298639703125 0.34005361562499997 0.517826796875 0.34005361562499997 0.5182565359375 0.3550974265625
6 0.5294338234375 0.35466758593750003 0.5415804734375 0.35512346875 0.54118423125 0.34005361562499997 0.530293709375 0.34005361562499997 0.5294338234375 0.35466758593750003
6 0.5420441171875 0.339946078125 0.5423304734375 0.3555272671875 0.5497822718750001 0.3550974265625 0.552934640625 0.35434528125 0.5522181374999999 0.3401608453125 0.5420441171875 0.339946078125
6 0.552648284375 0.354882353125 0.5636821890625 0.3552049625 0.562678921875 0.3397310046875 0.552648284375 0.3397310046875 0.552648284375 0.354882353125
6 0.5664048203125 0.354882353125 0.5766254078124999 0.35480085781250004 0.5765788406250001 0.3393011640625 0.5656883171875 0.3398385421875 0.5664048203125 0.354882353125
6 0.57772508125 0.35466758593750003 0.5890951796875 0.35463970625 0.5884726312499999 0.3395162375 0.5778684640625 0.3395162375 0.57772508125 0.35466758593750003
6 0.5896188718750001 0.35423774531249996 0.6007050656249999 0.3543170953125 0.6003660125 0.3393011640625 0.589905228125 0.3395162375 0.5896188718750001 0.35423774531249996
6 0.6017990203125 0.35413020781250004 0.6136928109374999 0.354022978125 0.612832925 0.3393011640625 0.602085784375 0.3393011640625 0.6017990203125 0.35413020781250004
6 0.1859003265625 0.353217525 0.1977986109375 0.35367218125 0.19650449375 0.33742156875 0.18532720625000002 0.336991728125 0.1859003265625 0.353217525
6 0.1975077609375 0.353217525 0.20854820312500003 0.35334957031249997 0.20653513124999998 0.3376363359375 0.196217728125 0.3376363359375 0.1975077609375 0.353217525
6 0.2081184640625 0.35383333281249996 0.22072181406250002 0.3533250609375 0.219861928125 0.33742156875 0.20753839843750002 0.3370992640625 0.2081184640625 0.35383333281249996
6 0.23132557187499997 0.3538624390625 0.2420882359375 0.35383333281249996 0.2409268796875 0.3381737125 0.2308958328125 0.3381737125 0.23132557187499997 0.3538624390625
6 0.24379248437499998 0.3537549015625 0.2543431375 0.3544785546875 0.2528202609375 0.33860355468750003 0.2420731203125 0.3381737125 0.24379248437499998 0.3537549015625
6 0.25408864375 0.3546268375 0.2550833328125 0.354257353125 0.266486928125 0.3542864578125 0.2654285125 0.33839399531250003 0.25469362812499996 0.33839399531250003 0.25408864375 0.3546268375
6 0.26754534375 0.3545134796875 0.2780049015625 0.3545977328125 0.2769195265625 0.3388483453125 0.26709191250000003 0.33896170312499996 0.26754534375 0.3545134796875
6 0.27918750000000003 0.3542864578125 0.29071364375000003 0.3539169734375 0.2887132359375 0.3388483453125 0.278582925 0.3388483453125 0.27918750000000003 0.3542864578125
6 0.291736928125 0.3546268375 0.302472221875 0.3542864578125 0.3014138078125 0.339415746875 0.290981209375 0.339415746875 0.291736928125 0.3546268375
6 0.31574468906250003 0.3542962625 0.3263435453125 0.354257353125 0.325270015625 0.33863112812499996 0.31483741875 0.3385174625 0.31574468906250003 0.3542962625
6 0.325875 0.3546369484375 0.3381446078125 0.3545977328125 0.3373660125 0.3389715078125 0.3257234484375 0.339085171875 0.325875 0.3546369484375
6 0.33887785937500003 0.3548639703125 0.35085335 0.35510845625 0.350368871875 0.33931219375 0.33918014687500003 0.3397662375 0.33887785937500003 0.3548639703125
6 0.351881128125 0.3546369484375 0.3619734484375 0.3545977328125 0.3617087421875 0.339085171875 0.3514272875 0.339085171875 0.351881128125 0.3546369484375
6 0.36291829999999997 0.354523284375 0.3739558828125 0.35475030625000004 0.37365359531250003 0.3391985296875 0.36306944375 0.339085171875 0.36291829999999997 0.354523284375
6 0.375014296875 0.3546369484375 0.3858022875 0.35442769531249996 0.3851446078125 0.33931219375 0.374863153125 0.3391985296875 0.375014296875 0.3546369484375
6 0.38635416718750004 0.3542962625 0.3978304734375 0.354087315625 0.39769403593749997 0.3398795953125 0.38695915 0.3398795953125 0.38635416718750004 0.3542962625
6 0.398719771875 0.3545811890625 0.41053921562499995 0.354257353125 0.409001225 0.3400511640625 0.39932434687499996 0.34027818593750003 0.398719771875 0.3545811890625
6 0.410815359375 0.3398241421875 0.410815359375 0.354694853125 0.4215382390625 0.3546007875 0.42139950937500004 0.3395971203125 0.410815359375 0.3398241421875
6 0.42260906875000004 0.354921875 0.434141340625 0.35493841875 0.4334950984375 0.34039154374999997 0.4233647875 0.3400511640625 0.42260906875000004 0.354921875
6 0.43470465625 0.354921875 0.44685008125000003 0.3547680765625 0.44680065312500006 0.34039154374999997 0.435460784375 0.34050520781250004 0.43470465625 0.354921875
2 0.19013071875 0.478023284375 0.1895122546875 0.504103246875 0.24381985312499999 0.504288909375 0.24344893750000002 0.47735477968750006 0.19013071875 0.478023284375
5 0.243537990625 0.504195771875 0.25627982031249996 0.504288603125 0.255784721875 0.47809712031249996 0.24291911718749998 0.4779114578125 0.243537990625 0.504195771875
5 0.256032271875 0.47846875000000005 0.2566507359375 0.504288603125 0.2707218140625 0.5041685046875 0.2707536765625 0.5045670953125 0.27050612812499997 0.47865441249999996 0.256032271875 0.47846875000000005
5 0.27112459218749996 0.5039169734375 0.2841139703125 0.5041029406249999 0.2841139703125 0.47949050312499997 0.27050612812499997 0.47949050312499997 0.27112459218749996 0.5039169734375
5 0.28432965625 0.5033232234375 0.29783129062499997 0.5033330265625 0.29731903593750003 0.47880361562499996 0.28470057187500003 0.47871078437500003 0.28432965625 0.5033232234375
5 0.2976899515625 0.5034160546875001 0.3119428109375 0.5033330265625 0.3106793296875 0.4788964453125 0.2979375 0.4788964453125 0.2976899515625 0.5034160546875001
5 0.324534721875 0.48790563750000004 0.3249056375 0.4788964453125 0.3106793296875 0.4790821078125 0.3111740203125 0.5038805140625 0.3254975484375 0.5034721203125 0.3255241015625 0.5032303921875 0.325895425 0.4963572296875 0.324534721875 0.48790563750000004
5 0.3252769609375 0.5030444234375 0.33849509843750003 0.503193628125 0.3377712421875 0.4788964453125 0.32465808749999997 0.4788964453125 0.3252769609375 0.5030444234375
5 0.3375236921875 0.4790821078125 0.3375236921875 0.48679105468749995 0.3385134796875 0.5033232234375 0.3526070265625 0.5034721203125 0.3507606203125 0.486976715625 0.3512553109375 0.4790821078125 0.3375236921875 0.4790821078125
5 0.3516115203125 0.47871109062499995 0.35272467343749997 0.503509190625 0.3669044125 0.5034721203125 0.36521936250000003 0.48660569843749996 0.3649718140625 0.47871109062499995 0.3516115203125 0.47871109062499995
5 0.36571405156250003 0.4790827203125 0.365590278125 0.48744148281250005 0.36682720625 0.5032306984375 0.379816584375 0.5032306984375 0.3782083328125 0.48651286718750003 0.3782083328125 0.4790827203125 0.36571405156250003 0.4790827203125
5 0.37783741875 0.47889705937500004 0.3779611921875 0.48660569843749996 0.379816584375 0.5030450375 0.3934567 0.503193628125 0.3919399515625 0.48660569843749996 0.3916928109375 0.4790827203125 0.37783741875 0.47889705937500004
5 0.392063725 0.4792683828125 0.3919399515625 0.48744148281250005 0.393548203125 0.5033235296874999 0.40690890468749996 0.5034163609375 0.4050531046875 0.4867913609375 0.4054240203125 0.47898988906250006 0.392063725 0.4792683828125
5 0.42038031093750006 0.5037506125 0.420145425 0.478618259375 0.4061666671875 0.47871109062499995 0.4060428921875 0.503509190625 0.42038031093750006 0.5037506125
5 0.4339350484375 0.47854472968749995 0.42041053906250003 0.478662378125 0.4200396234375 0.5039249390625 0.43414215624999997 0.5036461390625 0.4339350484375 0.47854472968749995
5 0.487967728125 0.5038900125 0.48804820312499997 0.47773835781249996 0.434235703125 0.47801685000000005 0.434235703125 0.503836703125 0.487967728125 0.5038900125
7 0.2199950984375 0.8510226718749999 0.2195412578125 0.8423388484375 0.22793300625000001 0.8339950984375 0.22770588281249998 0.8271841296875 0.23428308750000001 0.8271841296875 0.2326956703125 0.7950024515624999 0.28621977187500003 0.794321384375 0.2864464875 0.768780025 0.20765236874999998 0.7695906859375 0.210242646875 0.7990888484374999 0.2027581703125 0.80845404375 0.20593341562499998 0.8510226718749999 0.2199950984375 0.8510226718749999
7 0.286604984375 0.7693063718750001 0.2859248359375 0.794336703125 0.3135212421875 0.7951219359375 0.3129133984375 0.8098318015625001 0.342397059375 0.8098318015625001 0.340582925 0.7689656859375 0.286604984375 0.7693063718750001
7 0.3945396234375 0.80201531875 0.3927945265625 0.7681896453125 0.33949714062499997 0.7687003671875 0.34063112812499996 0.802584865625 0.3945396234375 0.80201531875
7 0.4483251640625 0.8015045953125 0.4460919125 0.7678489578125001 0.3914338234375 0.7687003671875 0.3950625 0.8022444859375 0.4483251640625 0.8015045953125
7 0.500408496875 0.8012493875000001 0.5000179734375 0.76845220625 0.446493871875 0.7686225484375 0.44785457500000003 0.8019963234375 0.500408496875 0.8012493875000001
7 0.5545343140625 0.80048345625 0.553315359375 0.76828216875 0.5000179734375 0.769133271875 0.5004718140625 0.800804534375 0.5545343140625 0.80048345625
7 0.60866013125 0.7999727328125 0.6088484484375 0.76828216875 0.5535102125 0.7687931984375 0.5541143796875 0.800634496875 0.60866013125 0.7999727328125
7 0.6606507359375 0.7991681984375 0.6603672390625 0.767289215625 0.609399509375 0.76821783125 0.6086572718750001 0.79979595625 0.6606507359375 0.7991681984375
7 0.7133839875 0.7983327203125 0.7125718953125 0.7654316796875 0.660861928125 0.7667319234375001 0.6611094765625001 0.7999819234375 0.7133839875 0.7983327203125
7 0.7687165031250001 0.7977754296875 0.76873529375 0.7645027578125 0.7128190359375 0.7654316796875 0.713314134375 0.798867340625 0.7687165031250001 0.7977754296875
11 0.6865931375 0.72307965625 0.718582925 0.7228535546875 0.71999428125 0.6848143375 0.687582925 0.6851856625 0.6865931375 0.72307965625
11 0.7318700984375 0.722336703125 0.7646315359375 0.7217395828125001 0.7650236921875 0.683328125 0.733107434375 0.68351409375 0.7318700984375 0.722336703125
6 0.7592598046875 0.5771060046875001 0.7697610296875 0.5768100484375001 0.7709963234375 0.5616534921875 0.7599399515624999 0.5616534921875 0.7592598046875 0.5771060046875001
6 0.749393790625 0.5619090078125 0.7485702609375 0.5768100484375001 0.7585792484375 0.5771060046875001 0.759770015625 0.5620367640625 0.749393790625 0.5619090078125
6 0.737617646875 0.5615263484375 0.737787990625 0.5771063109375001 0.7459526140625 0.5772340687499999 0.7469730390625 0.5615263484375 0.737617646875 0.5615263484375
6 0.72537050625 0.5616541046875 0.725337009375 0.5768100484375001 0.7359166671875 0.576851103125 0.7359166671875 0.5616541046875 0.72537050625 0.5616541046875
6 0.7144844765625 0.5617815562499999 0.71333741875 0.57700153125 0.7228190359375 0.5771063109375001 0.724180146875 0.5617815562499999 0.7144844765625 0.5617815562499999
6 0.7024072718750001 0.561398590625 0.70206699375 0.5765955875000001 0.71193300625 0.5763400734374999 0.71244321875 0.5616541046875 0.7024072718750001 0.561398590625
6 0.7017271234375 0.5619093140625 0.6908700984375 0.5618743875 0.6899901953125 0.5774895828125 0.701386846875 0.577617340625 0.7017271234375 0.5619093140625
6 0.6791037578125 0.5620370703125 0.6787638890625 0.5773618265625 0.68964991875 0.5772340687499999 0.689479984375 0.562164828125 0.6791037578125 0.5620370703125
6 0.6680473859375 0.5622925859375 0.6673815359375 0.5771930140625 0.67774305625 0.5773618265625 0.6779133984375 0.5620370703125 0.6680473859375 0.5622925859375
6 0.6661764703124999 0.5617815562499999 0.656658496875 0.5616829046875 0.6559705874999999 0.5773618265625 0.6663464046875001 0.5772340687499999 0.6661764703124999 0.5617815562499999
6 0.6549714046874999 0.5617181375 0.6452757359375 0.5617181375 0.6451695265625 0.5775759796875 0.6456160125 0.577681371875 0.6553112750000001 0.5774261640625 0.6549714046874999 0.5617181375
6 0.6335388078124999 0.5619736515625 0.6329146234375 0.57700153125 0.6432344765625 0.576915134375 0.6434044125 0.5619736515625 0.6335388078124999 0.5619736515625
6 0.6223124999999999 0.5617181375 0.621425653125 0.5764270828125 0.6316678921875 0.5767873781249999 0.6321781046875 0.5617181375 0.6223124999999999 0.5617181375
6 0.61023529375 0.5615903796875 0.61019199375 0.57700153125 0.6206115203125 0.5770428921875 0.6201008984375 0.5618458953125 0.61023529375 0.5615903796875
6 0.5993492640625 0.5617181375 0.5989583328125 0.5773844968749999 0.6090445265625 0.576915134375 0.6088745921875 0.5617181375 0.5993492640625 0.5617181375
6 0.587782271875 0.5613351718749999 0.5872140515625001 0.5771930140625 0.5976482843750001 0.5767873781249999 0.59781821875 0.5615903796875 0.587782271875 0.5613351718749999
6 0.5757054734375 0.5615903796875 0.5762357031249999 0.57700153125 0.58591135625 0.5767873781249999 0.58591135625 0.5615903796875 0.5757054734375 0.5615903796875
6 0.574854984375 0.576915134375 0.5751952609375001 0.5614629296875 0.5652257374999999 0.5610885328124999 0.5643088234375 0.57717065 0.574854984375 0.576915134375
6 0.553282271875 0.56101685 0.553513071875 0.5775759796875 0.562977940625 0.577490809375 0.563488153125 0.5611446078125 0.553282271875 0.56101685
6 0.5415134796875 0.560342525 0.5417156859375 0.5767245703125 0.5515812906249999 0.5767245703125 0.55141135625 0.56101685 0.5415134796875 0.560342525
6 0.5289583328125 0.56088909375 0.5295138890625 0.5768100484375001 0.5401846406249999 0.5764693624999999 0.540354984375 0.560633578125 0.5289583328125 0.56088909375
6 0.5175616828125 0.5607613359375 0.5173913406249999 0.5767245703125 0.52759763125 0.5763416046875001 0.5287879906249999 0.5607613359375 0.5175616828125 0.5607613359375
6 0.5054844765625 0.5603783703125 0.5060253265625 0.57700153125 0.5172214046875 0.577490809375 0.5170514703125 0.5602506125 0.5054844765625 0.5603783703125
6 0.494938725 0.561399815625 0.49453635625 0.5775759796875 0.5053145421874999 0.5772356000000001 0.5044640515625 0.561399815625 0.494938725 0.561399815625
6 0.4820110296875 0.560633578125 0.48228145468749994 0.5775759796875 0.4935776140625 0.577490809375 0.49425817031249997 0.56088909375 0.4820110296875 0.560633578125
6 0.47081495156250003 0.5613370093750001 0.471558415625 0.5773844968749999 0.4810208328125 0.577428003125 0.4810208328125 0.5610814953125 0.47081495156250003 0.5613370093750001
6 0.460268790625 0.5613370093750001 0.46006944375 0.57700153125 0.47115522812500005 0.577428003125 0.470645015625 0.561209253125 0.460268790625 0.5613370093750001
6 0.447851715625 0.5609537375 0.4483251640625 0.5775759796875 0.45890808749999995 0.5773002453125 0.458738153125 0.5609537375 0.447851715625 0.5609537375
6 0.4361151953125 0.5614644609375 0.4365808828125 0.5775759796875 0.447001225 0.5776832109375001 0.44768178125 0.5613370093750001 0.4361151953125 0.5614644609375
6 0.4247185453125 0.561719975 0.4250919125 0.5773844968749999 0.43577491874999996 0.5773002453125 0.43543464062500004 0.56159221875 0.4247185453125 0.561719975
6 0.42437826875000006 0.5613370093750001 0.4131515515625 0.561719975 0.41360294062499997 0.57700153125 0.41213112812499997 0.5778109687499999 0.4236977125 0.577555453125 0.42437826875000006 0.5613370093750001
6 0.4012446890625 0.5623584562499999 0.40185865937500004 0.5773844968749999 0.41196119218750005 0.577555453125 0.41111070312500003 0.5624862125 0.4012446890625 0.5623584562499999
6 0.3893378265625 0.561719975 0.3901143796875 0.5775759796875 0.40039420000000003 0.5776832109375001 0.399543709375 0.561719975 0.3893378265625 0.561719975
6 0.3774309640625 0.5609537375 0.3777712421875 0.57640625 0.3879771234375 0.5766617640625 0.3888276140625 0.5608259796875 0.3774309640625 0.5609537375
6 0.3663901140625 0.5762947296875 0.3666156046875 0.561725490625 0.3557291671875 0.5615683203125 0.355938725 0.57665716875 0.3663901140625 0.5762947296875
6 0.344633578125 0.5614111515625 0.345337009375 0.57676593125 0.3544730390625 0.5769715078125001 0.3542638890625 0.5614111515625 0.344633578125 0.5614111515625
6 0.331863153125 0.5607821687500001 0.332767565625 0.5762947296875 0.3427495921875 0.5761856625 0.3433774515625 0.5609396453125 0.331863153125 0.5607821687500001
6 0.318883578125 0.561725490625 0.3195702609375 0.57676593125 0.3299791671875 0.5772858453125 0.3297696078125 0.561725490625 0.318883578125 0.561725490625
6 0.30862500000000004 0.562039828125 0.30951470625 0.57700153125 0.318883578125 0.5772858453125 0.31846486875 0.562196996875 0.30862500000000004 0.562039828125
6 0.2968635625 0.5617221203125 0.29711315312500003 0.5766611515625 0.30775 0.5769788609375001 0.30756862812499997 0.56131341875 0.2968635625 0.5617221203125
6 0.2848888890625 0.5617221203125 0.2856752453125 0.5766611515625 0.29613766406250003 0.5769788609375001 0.29541217343750004 0.561586090625 0.2848888890625 0.5617221203125
6 0.273821078125 0.5617221203125 0.2742373359375 0.5774782468749999 0.2850702609375 0.577251225 0.28470710781249997 0.5614497546874999 0.273821078125 0.5617221203125
6 0.2616646234375 0.5614497546874999 0.262934640625 0.5769788609375001 0.2729138078125 0.576570159375 0.2729138078125 0.56131341875 0.2616646234375 0.5614497546874999
6 0.2498713234375 0.5617221203125 0.2510894609375 0.577069853125 0.2613018796875 0.5764338234374999 0.259668709375 0.5614497546874999 0.2498713234375 0.5617221203125
6 0.2378962421875 0.56131341875 0.2382896234375 0.576865503125 0.2495081703125 0.5773875609375 0.24860089843750002 0.5610410546875 0.2378962421875 0.56131341875
6 0.2263071890625 0.5766611515625 0.22501429687500002 0.5614497546874999 0.21430923124999998 0.561586090625 0.214127859375 0.5777962624999999 0.2263071890625 0.5766611515625
6 0.203241421875 0.56226715625 0.20414869218749998 0.5776599265625 0.21503513124999998 0.577251225 0.214127859375 0.56226715625 0.203241421875 0.56226715625
6 0.193200571875 0.5624031859375 0.19389991875 0.5784993875 0.20317932968750002 0.578068628125 0.203542484375 0.5624031859375 0.193200571875 0.5624031859375
5 0.397667075 0.6992313109375 0.39732720625 0.7120018375 0.3997083328125 0.731413296875 0.4529207515625 0.73159221875 0.45175857812500003 0.6900364578125 0.39868790781249996 0.6902919734374999 0.397667075 0.6992313109375
5 0.3985024515625 0.7017444859374999 0.3981821890625 0.6899653796874999 0.38521486875 0.690085478125 0.38537499999999997 0.6948933828125 0.383453840625 0.7012634796875 0.383293709375 0.7102781859375 0.384414215625 0.723259190625 0.3850547390625 0.7313118875 0.39888521250000003 0.7313894000000001 0.3983423203125 0.7251822921875 0.3985024515625 0.7198936890625001 0.3985024515625 0.7017444859374999
5 0.383133578125 0.7102781859375 0.38393423125 0.7024653796875 0.3850547390625 0.6965759796875 0.3850547390625 0.689724878125 0.37176715625 0.689724878125 0.3716070265625 0.6995808828125 0.370806371875 0.701383884375 0.370966503125 0.7113599875000001 0.37176715625 0.717008884375 0.3716070265625 0.724821690625 0.37221241875 0.7313894000000001 0.3848946078125 0.7308311890625 0.3840943625 0.7243406859375 0.383133578125 0.7102781859375
5 0.3716070265625 0.7168887875000001 0.3706462421875 0.7105183828125 0.3706462421875 0.7023452812500001 0.3716070265625 0.6989797796875 0.3716070265625 0.6948933828125 0.3716070265625 0.6896047796875 0.3581593140625 0.68948468125 0.3581593140625 0.694412378125 0.3578390515625 0.7012634796875 0.3567185453125 0.710037684375 0.3578390515625 0.7158069859375 0.35863929687499996 0.7245811890625 0.358756128125 0.7313894000000001 0.37176715625 0.7314322921875 0.37176715625 0.7242205875 0.3716070265625 0.7168887875000001
5 0.357678921875 0.7176099875 0.357518790625 0.7094368875 0.358479575 0.7016240812500001 0.35863929687499996 0.694412378125 0.35863929687499996 0.6892441796875 0.34471160156249997 0.6893642765625 0.34471160156249997 0.6942922796875 0.344231209375 0.7009028796875 0.3437508171875 0.7099175859375 0.34471160156249997 0.719412990625 0.34471160156249997 0.7239800859375001 0.3452998359375 0.7313894000000001 0.358799428125 0.7314322921875 0.3579991828125 0.7238599875 0.357678921875 0.7176099875
5 0.3450314546875 0.7195330875 0.3437508171875 0.7106387875 0.3445514703125 0.7021050859375 0.34487173125 0.6952539828125001 0.3445514703125 0.6896047796875 0.331743871875 0.6896047796875 0.331743871875 0.6993403796875 0.330623365625 0.7017444859374999 0.330623365625 0.7089558828125 0.33238439531249997 0.718571384375 0.33270465625 0.7243406859375 0.333044934375 0.7313894000000001 0.34487173125 0.7314322921875 0.34487173125 0.7247012875000001 0.3450314546875 0.7195330875
5 0.3327434640625 0.7225958953125 0.33098243437499997 0.7157447921875 0.33082230468749996 0.7100955875 0.33082230468749996 0.7012012875 0.33194321875 0.6983164828125 0.3316229578125 0.6893020828124999 0.3192957515625 0.6893020828124999 0.3194558828125 0.6989175859375 0.3180151140625 0.7008406859375 0.31849550625 0.7102156859375001 0.3191356203125 0.716946690625 0.3192957515625 0.7241583953124999 0.319828840625 0.7312092531250001 0.3327434640625 0.7311295953125 0.33258333281249997 0.724398590625 0.3327434640625 0.7225958953125
5 0.318815359375 0.7194705875 0.3183353765625 0.702162684375 0.3194558828125 0.6984368875 0.3192957515625 0.6891819859375 0.3060081703125 0.6891819859375 0.30632843125 0.6980762875 0.3045674015625 0.702162684375 0.3047275328125 0.7097349875 0.305367646875 0.7195909921875 0.305527778125 0.7241583953124999 0.30589215625 0.7308486515625 0.31977614375 0.73088909375 0.3192957515625 0.7241583953124999 0.318815359375 0.7194705875
5 0.3069685453125 0.6980762875 0.306808415625 0.68906158125 0.29352083281249997 0.6891819859375 0.2938410953125 0.6986770828125 0.292080065625 0.7002395828125 0.29175980468749996 0.709975490625 0.29320057187500004 0.7189898890624999 0.2943214875 0.7235572921875 0.294117646875 0.7310287984375 0.3061683 0.731009190625 0.30504738593749997 0.7018020828125 0.3069685453125 0.6980762875
5 0.2922401953125 0.720071690625 0.29159967343750004 0.7116580875 0.2912798203125 0.7012012875 0.2938410953125 0.6980762875 0.2936809640625 0.6889414828125 0.28071364375 0.6889414828125 0.2802332515625 0.6985569859375 0.27767156875 0.700960784375 0.27767156875 0.7104561890625 0.2800731203125 0.7170667890625 0.2805535125 0.7240379906250001 0.28066135625 0.7312092531250001 0.29400122500000003 0.73088909375 0.2946417484375 0.72463909375 0.2922401953125 0.720071690625
5 0.2792728765625 0.7176678921875 0.2781519609375 0.7124993875000001 0.2781519609375 0.708773590625 0.2783120921875 0.701321384375 0.28071364375 0.6980762875 0.2810339046875 0.6883403796875001 0.2666254078125 0.68822028125 0.2669456703125 0.699398284375 0.265024509375 0.700960784375 0.2647042484375 0.7100955875 0.267425653125 0.7240379906250001 0.267925653125 0.7306685046875 0.280873775 0.730648896875 0.279912990625 0.72379779375 0.2792728765625 0.7176678921875
5 0.2648643796875 0.7106966906250001 0.265344771875 0.700960784375 0.2667855390625 0.6983164828125 0.2667855390625 0.688100184375 0.25413807187500004 0.68785968125 0.25413807187500004 0.6980762875 0.2504558828125 0.6998789828125 0.25093627500000004 0.709134190625 0.25365808749999996 0.72307659375 0.25446936249999996 0.7303079046875001 0.2683864375 0.7304083953125 0.266465278125 0.7225958953125 0.2648643796875 0.7106966906250001
2 0.2027859484375 0.7308397671875 0.25497630781249997 0.73035906875 0.253215278125 0.7227867640625 0.25033333281250003 0.7081231625 0.24985335000000003 0.7003103546875 0.2527348859375 0.6980266546875 0.2524146234375 0.6875698531250001 0.20086478749999997 0.6876902578124999 0.20184558749999998 0.6958863359375 0.19974428125000002 0.6995894609375 0.20006454218749997 0.7241087625 0.2026258171875 0.7239886640625001 0.2027859484375 0.7308397671875