7 0.15016201093749998 0.0267824265625 0.0290912484375 0.025701534375 0.0342998140625 0.0811854953125 0.1483892 0.080389121875 0.15016201093749998 0.0267824265625
7 0.266787709375 0.028999999999999998 0.1498379890625 0.026895396874999998 0.148446928125 0.0826066953125 0.266787709375 0.0855258015625 0.266787709375 0.028999999999999998
7 0.381324021875 0.029260809375000002 0.26794413437500003 0.028729428125 0.2651098703125 0.0820711296875 0.3820316578125 0.08233612343749999 0.381324021875 0.029260809375000002
7 0.497538175 0.032444909375 0.3837616390625 0.030178521874999996 0.3820316578125 0.08286750312499999 0.49789385468749997 0.08445885625 0.497538175 0.032444909375
7 0.6115288640625 0.032873082812499996 0.49693854687499994 0.0322677828125 0.49921229062499994 0.0851534171875 0.612945996875 0.0883375171875 0.6115288640625 0.032873082812499996
7 0.729869646875 0.0344658296875 0.6147188078125 0.0326080890625 0.616135940625 0.089398884375 0.729515828125 0.0915216171875 0.729869646875 0.0344658296875
7 0.1534581 0.24882287343749998 0.030744879687499997 0.248334728125 0.028670390624999997 0.3035676421875 0.152864059375 0.3049023703125 0.1534581 0.24882287343749998
7 0.2752756046875 0.2519386328125 0.15505772812500002 0.24783403124999998 0.1552402234375 0.323150628125 0.271709496875 0.3262663875 0.2752756046875 0.2519386328125
7 0.390556796875 0.2523835421875 0.279368715625 0.2518382140625 0.271709496875 0.32448675 0.3923389203125 0.32849232968750003 0.390556796875 0.2523835421875
7 0.5123743015625 0.253719665625 0.3953109875 0.2532733609375 0.397093109375 0.328046025 0.5117802609375001 0.3316066953125 0.5123743015625 0.253719665625
7 0.627061453125 0.255499303125 0.5166331468750001 0.2543417015625 0.5111862203124999 0.3262663875 0.6258715078125 0.327601115625 0.627061453125 0.255499303125
7 0.7429366859375001 0.2559442125 0.628247671875 0.252839609375 0.6252774671875 0.312913528125 0.7429366859375001 0.312913528125 0.7429366859375001 0.2559442125
7 0.8629702046875 0.25772524375 0.74788268125 0.256343096875 0.7488789578125 0.31246861875 0.8605940406249999 0.3164741984375 0.8629702046875 0.25772524375
6 0.1100707640625 0.4831171546875 0.0925325890625 0.48243793593750006 0.09222905 0.510297071875 0.1100707640625 0.5105244078125 0.1100707640625 0.4831171546875
6 0.13426443125 0.5100711296875 0.1357765359375 0.48243793593750006 0.11666107968749999 0.482242678125 0.117329609375 0.4842496515625 0.11702607031250001 0.5100711296875 0.13426443125 0.5100711296875
6 0.15815456249999998 0.48243793593750006 0.1411508375 0.48275174375 0.139404096875 0.50984379375 0.157245809375 0.5100711296875 0.15815456249999998 0.48243793593750006
6 0.1853705765625 0.48379637343750004 0.163938546875 0.48377126875 0.16480633125 0.5121087859375 0.1838584734375 0.510976290625 0.1853705765625 0.48379637343750004
6 0.2104692734375 0.4842496515625 0.18774674062500002 0.48402649999999997 0.1880912484375 0.5125620640624999 0.20895716874999998 0.5114295671875 0.2104692734375 0.4842496515625
6 0.23375419062499997 0.484023709375 0.2146163875 0.48479079531249997 0.2134934828125 0.5123361234375 0.2346610796875 0.5118828453125001 0.23375419062499997 0.484023709375
6 0.2600633140625 0.48515620625 0.24216759843750002 0.484535565625 0.24010428281250001 0.5134686187499999 0.2600633140625 0.5130153421875 0.2600633140625 0.48515620625
6 0.289094971875 0.48379637343750004 0.26393482343749997 0.48377126875 0.2636927375 0.5136945609375 0.2875828671875 0.5141478375 0.289094971875 0.48379637343750004
6 0.3117746734375 0.4842496515625 0.29114338906250004 0.48377126875 0.291210428125 0.5141478375 0.3114729984375 0.513921896875 0.3117746734375 0.4842496515625
6 0.33596647968750004 0.48538214843749994 0.315633146875 0.48555369531250003 0.3160093109375 0.5136945609375 0.337176909375 0.5148270578125 0.33596647968750004 0.48538214843749994
6 0.361368715625 0.485609484375 0.340461825 0.48580892656249997 0.341713221875 0.5157336124999999 0.361672253125 0.5148270578125 0.361368715625 0.485609484375
6 0.3852588453125 0.4849288703125 0.3659702046875 0.4852998609375 0.365905028125 0.5155062765625 0.38677095 0.515280334375 0.3852588453125 0.4849288703125
6 0.4091489765625 0.485609484375 0.3877392921875 0.48606415625 0.390096834375 0.514601115625 0.4085437609375 0.515280334375 0.4091489765625 0.485609484375
6 0.4335102421875 0.48565969375 0.41460893906249996 0.48606415625 0.4159702046875 0.51397210625 0.4326014890625 0.5144253828124999 0.4335102421875 0.48565969375
6 0.45649162031249996 0.48679218906250005 0.44011731875000004 0.48606415625 0.439556796875 0.5155578796875 0.4567951578125 0.5148786609375 0.45649162031249996 0.48679218906250005
6 0.48310428281249995 0.48679218906250005 0.4646070765625 0.4878465828125 0.46465735625000004 0.5166903765625 0.481288640625 0.5166903765625 0.48310428281249995 0.48679218906250005
6 0.5054823093749999 0.48724546718750006 0.48603352031249997 0.487592746875 0.485824953125 0.5155578796875 0.5039702046875 0.5155578796875 0.5054823093749999 0.48724546718750006
6 0.5293705765625 0.48679218906250005 0.508823090625 0.4863179921875 0.5109255125 0.515783821875 0.5290689015625001 0.5160111578125 0.5293705765625 0.48679218906250005
6 0.5502364984375 0.5062719671875 0.5369310984375 0.5069511859375 0.533906890625 0.515783821875 0.5514469281250001 0.5160111578125 0.5502364984375 0.5062719671875
6 0.5771508375 0.4865662484375 0.556098696875 0.48606415625 0.5590074484375 0.51691631875 0.5774543765625 0.5182761499999999 0.5771508375 0.4865662484375
6 0.6016461828125 0.4879246859375 0.5805884546875 0.4870822875 0.581385475 0.5175969312500001 0.60134264375 0.5182761499999999 0.6016461828125 0.4879246859375
6 0.0576052140625 0.6124239890625 0.0374711359375 0.6128326359375 0.0364860328125 0.6431046031250001 0.0579683421875 0.64337656875 0.0576052140625 0.6124239890625
6 0.085823090625 0.6114700140625 0.06327188125 0.611912134375 0.0630670390625 0.6437866109375 0.0849124765625 0.644467225 0.085823090625 0.6114700140625
6 0.11185661093749999 0.6110599718749999 0.0890707640625 0.6114518828125 0.0876443203125 0.644058578125 0.11076536249999999 0.644877265625 0.11185661093749999 0.6110599718749999
6 0.138437615625 0.6114700140625 0.11691806406250001 0.6116053 0.11513407812500001 0.64337656875 0.1371620109375 0.642967921875 0.138437615625 0.6114700140625
6 0.1804916203125 0.6113333328125 0.1584860328125 0.6116053 0.1579162015625 0.6431046031250001 0.18012662968749998 0.6436499296875 0.1804916203125 0.6113333328125
6 0.20889199218750001 0.6110599718749999 0.1873575421875 0.611298465625 0.18558845468750002 0.642831240625 0.20852886406249999 0.642559275 0.20889199218750001 0.6110599718749999
6 0.306169459375 0.6102594140625001 0.2870297953125 0.6110446296875 0.2855307265625 0.643142259375 0.306169459375 0.6430111578125 0.306169459375 0.6102594140625001
6 0.3313575421875 0.610390515625 0.31083426406250003 0.6104560671875 0.3110670390625 0.64143933125 0.33188268125 0.6420948390625 0.3313575421875 0.610390515625
6 0.354096834375 0.6102594140625001 0.334638734375 0.6108981874999999 0.3345065171875 0.6432733609375 0.3533966484375 0.6439288703125 0.354096834375 0.6102594140625001
6 0.0240484171875 0.8121701531250001 0.024787709375 0.7829330546875 0.0089478578125 0.78324825625 0.0081396640625 0.7841813109375 0.007214153125 0.8113389124999999 0.0240484171875 0.8121701531250001
6 0.0517988828125 0.783072525 0.0316275609375 0.7827810328125 0.0327430171875 0.8114769875000001 0.0512439484375 0.8117545328125001 0.0517988828125 0.783072525
6 0.0771433890625 0.7823793578125 0.0563873375 0.7823138078125 0.054942271875000004 0.8121701531250001 0.076402234375 0.8130013953124999 0.0771433890625 0.7823793578125
6 0.10156238437500001 0.7815481171875 0.0817728125 0.7820013953125 0.080843575 0.81272385 0.10100744843750001 0.8131394703125 0.10156238437500001 0.7815481171875
6 0.12450279375 0.781132496875 0.10632402187500001 0.7816903765625 0.105633146875 0.8110613671875001 0.1252420859375 0.810230125 0.12450279375 0.781132496875
6 0.15058659218749998 0.781132496875 0.13066852812500002 0.7812231515625 0.1315325890625 0.8114769875000001 0.14929236562499998 0.8123082281249999 0.15058659218749998 0.781132496875
6 0.1611080078125 0.788316596875 0.16480819375 0.7870697343749999 0.164437615625 0.7827740578125 0.154597765625 0.7824700140624999 0.155556796875 0.8117336125 0.1620316578125 0.8115955375 0.1611080078125 0.788316596875
6 0.1831229046875 0.7880390515625 0.1620875234375 0.788546721875 0.16036685312500001 0.823372384375 0.1821973921875 0.8230962343750001 0.1831229046875 0.7880390515625
6 0.2841843578125 0.7887280328124999 0.26549906874999996 0.7884504875 0.2632793296875 0.825170153125 0.2851080078125 0.8243389125 0.2841843578125 0.7887280328124999
6 0.309713221875 0.7887280328124999 0.28526629375 0.788702928125 0.2875139671875 0.8247545328125 0.308787709375 0.8248926078125001 0.309713221875 0.7887280328124999
6 0.40890502812499996 0.7860251046875 0.38909310937499997 0.7860529984375 0.388 0.8228828453125001 0.40872067031250003 0.8231603906249999 0.40890502812499996 0.7860251046875
6 0.43387895781249997 0.786164575 0.41218994374999995 0.7860529984375 0.41075419062499996 0.8238521625 0.433324021875 0.8238521625 0.43387895781249997 0.786164575
6 0.45829981406250003 0.786164575 0.4367411546875 0.7860529984375 0.4344338921875 0.8238521625 0.45792923593749996 0.82399163125 0.45829981406250003 0.786164575
6 0.48197951562499997 0.7853319390625 0.4623351953125 0.7855857734375 0.4592234640625 0.8241297078125 0.48197951562499997 0.8248228734374999 0.48197951562499997 0.7853319390625
6 0.5067690875 0.7858870296875 0.4854301671875 0.7857419812499999 0.4856797015625 0.8234365406249999 0.506214153125 0.824545328125 0.5067690875 0.7858870296875
6 0.6043333328125 0.784829846875 0.58488826875 0.78496234375 0.5839851031250001 0.8218256625 0.6043333328125 0.8221032078125001 0.6043333328125 0.784829846875
6 0.627828678125 0.7852454671875 0.607361265625 0.78496234375 0.6087746734375 0.8211338906250001 0.6281992546875 0.8211338906250001 0.627828678125 0.7852454671875
6 0.652247671875 0.7856610875000001 0.6317039109375 0.7858981875 0.631713221875 0.8205788 0.6524338921874999 0.8209944218749999 0.652247671875 0.7856610875000001
6 0.8007988828125001 0.78886331875 0.7808919921874999 0.7893263593750001 0.7817448796875001 0.8219790796875 0.8019087515625 0.8233654109374999 0.8007988828125001 0.78886331875
6 0.8231843578125 0.7891408640625001 0.804404096875 0.7888591359375 0.80449906875 0.8214253828125001 0.8241098703124999 0.8217029281249999 0.8231843578125 0.7891408640625001
6 0.8446443203125 0.78872524375 0.826668528125 0.788546721875 0.8274394781250001 0.8214253828125001 0.846309125 0.8211478375000001 0.8446443203125 0.78872524375
6 0.91938175 0.7903877265625 0.9001173187499999 0.790260809375 0.8986629421875 0.8221185500000001 0.919938546875 0.822256625 0.91938175 0.7903877265625
6 0.9486126625000001 0.79011018125 0.9267821234375001 0.790665271875 0.926597765625 0.823087865625 0.9502774671875001 0.8226722453124999 0.9486126625000001 0.79011018125
6 0.04518994375 0.965953975 0.026247671875 0.9663347281249999 0.0239739296875 0.9986053 0.04538175 0.9986053 0.04518994375 0.965953975
6 0.067175046875 0.965953975 0.048590317187499996 0.9656847984375 0.047696462499999995 0.9986053 0.066018621875 0.9986053 0.067175046875 0.965953975
6 0.092633146875 0.96653138125 0.0726666671875 0.9666596937499999 0.0727690875 0.9986053 0.092247671875 0.998454671875 0.092633146875 0.96653138125
6 0.11905586562499999 0.966820084375 0.0976126625 0.967472803125 0.0968770953125 0.9986053 0.1173202984375 0.9986053 0.11905586562499999 0.966820084375
6 0.1425847296875 0.967831240625 0.12364245781250001 0.96779776875 0.1227206703125 0.9986053 0.14200558593749998 0.9986053 0.1425847296875 0.967831240625
6 0.166519553125 0.9678465828125 0.14641899375 0.967472803125 0.14588454374999998 0.9986053 0.165169459375 0.9986053 0.166519553125 0.9678465828125
6 0.191592178125 0.9678465828125 0.171364990625 0.96828451875 0.17095530781249998 0.9986053 0.191400371875 0.9986053 0.191592178125 0.9678465828125
6 0.2162793296875 0.9671241281249999 0.19696089375 0.9676345890625001 0.19757169531250002 0.9986053 0.2155065171875 0.9986053 0.2162793296875 0.9671241281249999
6 0.2425083796875 0.966835425 0.22342458125000003 0.9669846578125 0.2226424578125 0.9986053 0.24212290468750003 0.9986053 0.2425083796875 0.966835425
6 0.2673873375 0.96640306875 0.24620111718749998 0.9669846578125 0.247521415625 0.9986053 0.26642271875 0.9986053 0.2673873375 0.96640306875
6 0.29091620156250003 0.96625801875 0.2711471140625 0.9660097625 0.27201489687499997 0.9986053 0.2913016765625 0.9986053 0.29091620156250003 0.96625801875
6 0.31674860312500003 0.9668145046875001 0.2965251390625 0.9669846578125 0.29572811875 0.9986053 0.316556796875 0.9986053 0.31674860312500003 0.9668145046875001
6 0.3410502796875 0.9986053 0.3402774671875 0.9652259421875 0.3206033515625 0.9655230124999999 0.3207988828125 0.9666708500000001 0.32137802656250003 0.9986053 0.3410502796875 0.9986053
6 0.36554376093749996 0.965803346875 0.345331471875 0.9656847984375 0.345100559375 0.9986053 0.3651582875 0.9986053 0.36554376093749996 0.965803346875
6 0.44086778437499996 0.9609274750000001 0.42038547499999995 0.9612984656249999 0.41965363125 0.9986053 0.43971135937500005 0.9986053 0.44086778437499996 0.9609274750000001
6 0.46671135937499997 0.9606387734374999 0.44467970156250003 0.960811715625 0.4431824953125 0.9986053 0.46439664843750006 0.9986053 0.46671135937499997 0.9606387734374999
6 0.4886983234375 0.9603500703125001 0.46940782187499996 0.96048675 0.46999068906249997 0.9986053 0.48811918125 0.9986053 0.4886983234375 0.9603500703125001
6 0.5151210421875 0.9594839609375001 0.49371322187500005 0.9596276156249999 0.49448417187500004 0.9986053 0.5131918062499999 0.9986053 0.5151210421875 0.9594839609375001
6 0.5632607078125 0.9593221749999999 0.5444618250000001 0.9598368203125001 0.5435884546875001 0.9986053 0.5615251390625 0.9986053 0.5632607078125 0.9593221749999999
6 0.5864040968750001 0.9601882843749999 0.567020484375 0.9601617859375 0.5673109875 0.9986053 0.5869813781250001 0.9986053 0.5864040968750001 0.9601882843749999
6 0.6112830546875 0.9603333328125 0.5919664796874999 0.9601617859375 0.591996275 0.9986053 0.6116685281249999 0.9986053 0.6112830546875 0.9603333328125
6 0.6350055859375 0.9623556484375 0.616478584375 0.9612984656249999 0.6174543765625 0.9986053 0.6355828671875 0.9986053 0.6350055859375 0.9623556484375
6 0.685072625 0.96777126875 0.6839143390625 0.9618493718750001 0.6641992546875 0.96113668125 0.6625065171875 0.9986053 0.6848789578125001 0.9986053 0.685072625 0.96777126875
6 0.7086014890625 0.962138075 0.6882774671874999 0.9622733609375 0.6885437609375 0.9986053 0.7101433890625 0.9986053 0.7086014890625 0.962138075
6 0.733674115625 0.962138075 0.7125716953125 0.9622733609375 0.7128435750000001 0.9986053 0.734251396875 0.9986053 0.733674115625 0.962138075
6 0.7581675984375 0.9627154812500001 0.73664990625 0.962436540625 0.73849534375 0.9986053 0.759517690625 0.9986053 0.7581675984375 0.9627154812500001
6 0.7824674109374999 0.9639442125000001 0.76181191875 0.9642231515624999 0.7639515828125 0.9986053 0.7830446921875 0.9986053 0.7824674109374999 0.9639442125000001
6 0.8071527 0.964232915625 0.7852402234375 0.963573221875 0.787094971875 0.9986053 0.8083109875 0.9986053 0.8071527 0.964232915625
6 0.8320316578125 0.9645230124999999 0.8093165734375001 0.9643849375 0.8104320296875 0.9986053 0.8322253265624999 0.9986053 0.8320316578125 0.9645230124999999
6 0.854983240625 0.9640892609374999 0.8340465546875 0.963573221875 0.83511918125 0.9986053 0.8565251390625 0.9986053 0.854983240625 0.9640892609374999
6 0.880055865625 0.964232915625 0.8587746734374999 0.9643849375 0.8605754187500001 0.9986053 0.8804413406249999 0.9986053 0.880055865625 0.964232915625
6 0.9030055859375 0.9638005578125 0.8830689015625 0.964059971875 0.8839124765624999 0.9986053 0.9045493484374999 0.9986053 0.9030055859375 0.9638005578125
6 0.9303929234374999 0.9640892609374999 0.907363128125 0.964059971875 0.9087914343750001 0.9986053 0.9311638734375001 0.9986053 0.9303929234374999 0.9640892609374999
0 0.46684543749999996 0.577244071875 0.414521415625 0.5772078109375001 0.4112216015625 0.675739190625 0.46228119218749997 0.6768075312499999 0.46684543749999996 0.577244071875
0 0.5173370578125 0.58044909375 0.46649720625 0.58009065625 0.46285288593749996 0.68043933125 0.5159106140625 0.6806527203125 0.5173370578125 0.58044909375
0 0.5411471140625 0.5808744765625 0.5194338921874999 0.5812928875 0.5186126625 0.6674044625 0.5445716953125 0.667619246875 0.5411471140625 0.5808744765625
0 0.5693892 0.6667642953125 0.5736666671874999 0.6607810328125 0.571385475 0.608436540625 0.5685325890625 0.581087865625 0.5418938546875001 0.580811715625 0.545711359375 0.6082217578125 0.5448566109375 0.6671910734375001 0.5693892 0.6667642953125
0 0.5739534453124999 0.6605676421875 0.5691024203125 0.6663361234375 0.5964878953125 0.66590934375 0.599055865625 0.6597126921875 0.5993407828125 0.6073682015624999 0.5962029796875 0.598821478125 0.597057728125 0.5806610875 0.568523278125 0.5810529984375 0.5719553078125 0.5962580187500001 0.5719553078125 0.60651325 0.5739534453124999 0.6605676421875
0 0.6255847296875 0.666122734375 0.625869646875 0.6629177125 0.629862196875 0.660354253125 0.6241582875 0.581087865625 0.5977188078125 0.5812928875 0.6036201125 0.659072525 0.5976294234374999 0.665482565625 0.6255847296875 0.666122734375
0 0.6250130359375 0.66590934375 0.6541098703125 0.6671910734375001 0.658674115625 0.6601408640625 0.6598156421875 0.6082217578125 0.653253259375 0.5813012546875 0.62627374375 0.5812928875 0.6307188078125 0.5894212 0.632715084375 0.6601408640625 0.6250130359375 0.66590934375
0 0.68149534375 0.666122734375 0.68777095 0.6601408640625 0.6817802609375 0.5808744765625 0.6551489765625 0.5805718265625 0.6609553078125 0.6592859140625 0.6555363125 0.6663361234375 0.68149534375 0.666122734375
0 0.682919925 0.66655090625 0.7111620109375 0.6667642953125 0.7171508375 0.66206415625 0.71658100625 0.609931659375 0.7103054 0.6041631796875 0.708309125 0.5813012546875 0.6849869640625 0.5817726640625 0.688055865625 0.609290096875 0.6891973921875 0.6594993031249999 0.682919925 0.66655090625
0 0.7583873375 0.665721059375 0.749828678125 0.662729428125 0.749828678125 0.6770446296875 0.7991787703125001 0.6781129703125 0.798322159375 0.6691394703125 0.8085921781250001 0.6665746171875 0.8085921781250001 0.6640111578125001 0.82057355625 0.66230265 0.8185754187500001 0.61123849375 0.8077355687500001 0.6088884234374999 0.809446928125 0.59948675 0.7997486031250001 0.5941464437499999 0.7986089390625 0.5804714093750001 0.750437615625 0.5805718265625 0.7495437609375 0.5937182703125 0.757245809375 0.59863319375 0.7583873375 0.665721059375
0 0.8080223468750001 0.6073919109375 0.8188621968750001 0.612306834375 0.8220000000000001 0.6616610875 0.8103035375 0.6637977687500001 0.8103035375 0.6670027890625 0.7994636875000001 0.66892608125 0.7994636875000001 0.677471409375 0.8502402234374999 0.6781129703125 0.8482420859375001 0.667216178125 0.859938546875 0.665721059375 0.859938546875 0.6631562062499999 0.8736312843749999 0.6631562062499999 0.8756275609375 0.61188005625 0.8607932953124999 0.607820084375 0.8619348234374999 0.59863319375 0.8499534453124999 0.595 0.84795716875 0.5804714093750001 0.7992029796875 0.58009065625 0.8008901296875001 0.59286331875 0.8080223468750001 0.59948675 0.8080223468750001 0.6073919109375
0 0.8607932953124999 0.6061101812499999 0.8733445062499999 0.61188005625 0.8756275609375 0.66230265 0.8605083796875 0.6629428171875 0.8605083796875 0.6670027890625 0.849668528125 0.66828451875 0.849668528125 0.676831240625 0.9012998140624999 0.678326359375 0.9001601484374999 0.66764295625 0.9107132218749999 0.6680711296874999 0.9121396640625001 0.662729428125 0.9269739296875 0.66230265 0.926404096875 0.6114518828125 0.912711359375 0.607178521875 0.91242644375 0.5971366812500001 0.901014896875 0.5941464437499999 0.899018621875 0.58025801875 0.8479702046875 0.579610878125 0.8493836124999999 0.59350488125 0.8596536312499999 0.5977782421875 0.8607932953124999 0.6061101812499999
0 0.6145158281249999 0.5330111578125 0.6135698328125 0.5397336125 0.640020484375 0.5411478375 0.644979515625 0.5317740578125 0.646633146875 0.484546721875 0.635061453125 0.462436540625 0.6109124765625 0.463138075 0.6168770953125 0.48260111562499997 0.6168770953125 0.5317740578125 0.6145158281249999 0.5330111578125
0 0.638366853125 0.541324965625 0.66765176875 0.5420334734375001 0.6714301671875 0.5333654109375 0.6723743015625 0.48295397500000004 0.662690875 0.46261366875 0.6361452515625 0.4623417015625 0.6471042828125 0.4824239890625 0.6454525140625 0.5317740578125 0.638366853125 0.541324965625
0 0.666942271875 0.541324965625 0.6962253265625 0.5416792187499999 0.700476721875 0.532835425 0.7009497203125 0.48472384999999996 0.6898491625000001 0.4620822875 0.66350465625 0.46273919062499996 0.6733184359375 0.48136262187499995 0.67119366875 0.532481171875 0.666942271875 0.541324965625
0 0.6959906890625 0.5420334734375001 0.72173184375 0.5418563453125 0.7273985109375001 0.5326582984375 0.7278715078125 0.4840153421875 0.7179534453125 0.4622594140625 0.690331471875 0.4623417015625 0.7026014890625001 0.4818926078125 0.7014208562500001 0.5314198046875 0.6959906890625 0.5420334734375001
0 0.751985103125 0.5413919109374999 0.7793798875 0.54227615 0.78622905 0.5329009765625 0.78811731875 0.481959553125 0.775364990625 0.463563459375 0.7506256984374999 0.4633361234375 0.7588342640625 0.4816053 0.7590707640625001 0.531839609375 0.751985103125 0.5413919109374999
0 0.7791433890625 0.5426290093749999 0.8079553078125 0.54227615 0.8159851031249999 0.532370990625 0.8164562390625001 0.4854965125 0.8044134078124999 0.463563459375 0.7753277468750001 0.463535565625 0.7883538171875 0.48178242656250003 0.7876461828125 0.5320167359375 0.7791433890625 0.5426290093749999
0 0.8079553078125 0.5426290093749999 0.836767225 0.54351464375 0.8443240218750001 0.532370990625 0.844560521875 0.484435146875 0.8339329609374999 0.4644476984375 0.80507635 0.464132496875 0.8181098703125 0.483198046875 0.8164562390625001 0.533078103125 0.8079553078125 0.5426290093749999
10 0.7515046562500001 0.5216806140625 0.75196089375 0.4899191078125 0.7483128484375 0.4824058578125 0.7293947859375 0.4825216171875 0.728482309375 0.5278284515625 0.7489981375 0.5278284515625 0.7515046562500001 0.5216806140625
10 0.412945996875 0.6034100421875 0.38504469218750004 0.60327615 0.3835884546875 0.6493375171875 0.4101396640625 0.65014644375 0.412945996875 0.6034100421875
10 0.7219534453125 0.6515564859375 0.7515251390625 0.652041840625 0.7534692734374999 0.648160390625 0.7554115453125 0.6156541140625 0.7517411546874999 0.6057894 0.7230316578125 0.6059511859375 0.726054003125 0.6120962343749999 0.72627001875 0.6447642953125 0.7219534453125 0.6515564859375