2 0.1278645828125 0.143059640625 0.13058731562499998 0.1469918296875 0.12899908124999998 0.1627205875 0.136259496875 0.16604738593749999 0.13898222968750001 0.1896401140625 0.20659466875 0.1875228765625 0.205460171875 0.16423284375 0.199561275 0.16151062031250002 0.19729227968750002 0.12309681406249999 0.19570404375 0.1200723046875 0.194569546875 0.10162132343750001 0.20160324687500003 0.10162132343750001 0.19910753750000001 0.0771213234375 0.12935722968750002 0.0786736109375 0.1314947921875 0.10071405156249999 0.1267300859375 0.1055535125 0.1278645828125 0.1370106203125 0.1278645828125 0.143059640625
5 0.221115503125 0.10071405156249999 0.2195272671875 0.0762140515625 0.20024172812500002 0.076516340625 0.20137622500000002 0.1004117640625 0.19729227968750002 0.10373856249999999 0.1986534921875 0.16151062031250002 0.20477971875 0.16604738593749999 0.20659466875 0.18782557187499999 0.22433272031249998 0.1885134796875 0.223157475 0.16423284375 0.21567034375 0.1618129078125 0.2127205875 0.102831290625 0.221115503125 0.10071405156249999
5 0.2363170953125 0.1013190359375 0.2356363359375 0.0762140515625 0.2190735296875 0.0768190359375 0.2204347421875 0.10010906875 0.21362806406249998 0.1040412578125 0.2154433203125 0.1618129078125 0.222476715625 0.16423284375 0.22429197343750001 0.18873284375 0.24085477968750002 0.188127859375 0.23972028124999997 0.1696772875 0.2347288609375 0.161207925 0.23087162968750002 0.1031339875 0.2363170953125 0.1013190359375
5 0.24879565 0.1019240203125 0.2524258578125 0.0955718953125 0.2524258578125 0.0762140515625 0.2367708328125 0.0762140515625 0.2372245703125 0.10010906875 0.23314062500000002 0.1031339875 0.2347288609375 0.160602940625 0.24017402031250001 0.1714918296875 0.24017402031250001 0.18843014687499998 0.2580337015625 0.1885134796875 0.25719056406249996 0.1681650328125 0.2515183828125 0.160300653125 0.24879565 0.1019240203125
5 0.266492953125 0.10162132343750001 0.271257659375 0.09315236875 0.270803921875 0.075004084375 0.2521991421875 0.07560906875 0.2528799015625 0.0949669125 0.24879565 0.10252900312499999 0.2510646453125 0.15939338281249998 0.2576443015625 0.1684673203125 0.2580983453125 0.188127859375 0.2746608453125 0.1875228765625 0.2742071078125 0.167257353125 0.2685349265625 0.1609056375 0.266492953125 0.10162132343750001
5 0.28396354218750003 0.101016340625 0.28827420312499996 0.090732434375 0.28782046562499997 0.075004084375 0.270803921875 0.075004084375 0.270803921875 0.0925473859375 0.266719975 0.1019240203125 0.2683082109375 0.1590906859375 0.2732996328125 0.167257353125 0.27398039218750003 0.18722058749999998 0.292415440625 0.1866981203125 0.2919044125 0.16604738593749999 0.28668596874999996 0.15848570312500002 0.28396354218750003 0.101016340625
5 0.3023412984375 0.099504084375 0.30506403125000003 0.08982516406249999 0.30461029375000004 0.0740968140625 0.2880474875 0.0740968140625 0.288501225 0.09133741875 0.2844172796875 0.10071405156249999 0.28668596874999996 0.15848570312500002 0.2919044125 0.16574509843750002 0.292585171875 0.1866156046875 0.310117034375 0.185790440625 0.309601715625 0.16574509843750002 0.30461029375000004 0.15757843124999998 0.3023412984375 0.099504084375
5 0.31935784375 0.099201796875 0.3229880515625 0.09043014687499999 0.3225343140625 0.0737941171875 0.304837009375 0.0743991015625 0.304837009375 0.090732434375 0.30302205937500004 0.09980678125 0.30392953437500003 0.1563684640625 0.310282475 0.16635008125 0.310055453125 0.18601062031249999 0.32509528125 0.185790440625 0.3254837625 0.16483782656249998 0.3216268375 0.15848570312500002 0.31935784375 0.099201796875
5 0.3372818625 0.09859681406250001 0.33932383593750004 0.0892201796875 0.33932383593750004 0.0740968140625 0.3232150734375 0.0743991015625 0.3236688109375 0.08982516406249999 0.320492340625 0.09859681406250001 0.3227613359375 0.1554611921875 0.3254837625 0.16635008125 0.325030025 0.1841956703125 0.342796875 0.1839746734375 0.34204656875 0.16483782656249998 0.3381896453125 0.1560661765625 0.3372818625 0.09859681406250001
5 0.3556599265625 0.099504084375 0.358382659375 0.087405228125 0.35792892187500003 0.07318913437499999 0.3406853546875 0.0737941171875 0.3397778796875 0.0883129078125 0.3372818625 0.09859681406250001 0.3381896453125 0.1569734484375 0.34227359062499996 0.16635008125 0.34295434999999996 0.184498365625 0.3598174015625 0.1844285125 0.3604246328125 0.16483782656249998 0.3565674015625 0.155158496875 0.3556599265625 0.099504084375
5 0.3726764703125 0.0982941171875 0.37517218125 0.087405228125 0.37471844375 0.0734918296875 0.35951685 0.0734918296875 0.358836396875 0.087405228125 0.3567944234375 0.09980678125 0.35792892187500003 0.15576347968749998 0.3608783703125 0.16635008125 0.359290134375 0.1835906859375 0.3781997546875 0.18306699375 0.3765337015625 0.16453513125000002 0.37471844375 0.1560661765625 0.3726764703125 0.0982941171875
5 0.39286948593750004 0.07258415 0.37562591875 0.07318913437499999 0.37562591875 0.0864979578125 0.3735839453125 0.097386846875 0.374037684375 0.156671159375 0.37607965625 0.166955065625 0.3765337015625 0.184498365625 0.39590134843749997 0.1848827609375 0.39559221875 0.1651401140625 0.39377696093750003 0.156671159375 0.39286948593750004 0.07258415
5 0.3942754296875 0.09561397031249999 0.3947858453125 0.0990167484375 0.3942754296875 0.1548227125 0.39733854218750003 0.16332965625 0.3971354171875 0.18297263125000002 0.4685526953125 0.1806838234375 0.46446875 0.0700931375 0.39376501249999996 0.0714542484375 0.3942754296875 0.09561397031249999
11 0.7815284921875 0.0654832515625 0.779914828125 0.1622144609375 0.8190839453125 0.1622144609375 0.8231678921875 0.0634714046875 0.7815284921875 0.0654832515625
11 0.8383900125 0.160729575 0.8784874390624999 0.1602344765625 0.8844276953125 0.1085122546875 0.8855416671875 0.066688725 0.8823857234375 0.06124428125 0.8414105390625 0.06399795781249999 0.8424739578124999 0.0921785125 0.842288603125 0.124350490625 0.8409889703125 0.14810825156250002 0.8383900125 0.160729575
7 0.2554191171875 0.2977536765625 0.1556531859375 0.3035098046875 0.1606124390625 0.37428758125 0.1486522671875 0.376309640625 0.1571118265625 0.46225408437500004 0.17228094375 0.46108741875000003 0.1848244484375 0.45758741875000003 0.1839494484375 0.44242075156249994 0.1976599265625 0.4408651953125 0.19153400781250002 0.36464297343749996 0.2580444234375 0.3599758984375 0.2554191171875 0.2977536765625
7 0.2544056375 0.2988962421875 0.2593645828125 0.3618962421875 0.292367034375 0.36083864375 0.29407843125 0.39495220625 0.32937561249999997 0.39378553906249997 0.324125 0.2946184640625 0.2544056375 0.2988962421875
7 0.3956583953125 0.3730935453125 0.39209405625 0.2918962421875 0.3247083328125 0.29500735312500004 0.3287922796875 0.37589665 0.3956583953125 0.3730935453125
7 0.39646966875 0.37434109531250004 0.46524846875000003 0.3713431375 0.46268841875 0.2891740203125 0.3918023890625 0.2926740203125 0.39646966875 0.37434109531250004
7 0.462396753125 0.37045220625 0.5339635421875 0.3684252453125 0.5318244484375 0.28878513125 0.46122977968749995 0.29072957499999996 0.462396753125 0.37045220625
7 0.5326994484375 0.37006331718749996 0.602240809375 0.3660906859375 0.6012518375 0.2856740203125 0.5318244484375 0.287229575 0.5326994484375 0.37006331718749996
7 0.6012518375 0.366174428125 0.6703878671875 0.364618871875 0.669804534375 0.2833406859375 0.6015438109375 0.28528513125 0.6012518375 0.366174428125
7 0.7379200375 0.3637565359375 0.7401620703125 0.281970996875 0.6686924015625 0.2850821078125 0.6686924015625 0.3667491828125 0.7379200375 0.3637565359375
7 0.7375367640625 0.36286029375 0.804884496875 0.3614223859375 0.8069644609375001 0.281970996875 0.7401620703125 0.2835265515625 0.7375367640625 0.36286029375
7 0.8052141546874999 0.3601376640625 0.8740370703125 0.35733741874999997 0.8766838234375 0.278470996875 0.8072561281249999 0.2815821078125 0.8052141546874999 0.3601376640625