1 0.6343479999999999 0.8249285000000001 0.630689 0.8216352499999999 0.6294693328125 0.83242975 0.709479 0.8298685000000001 0.709479 0.82437975 0.7153333328125 0.823099 0.7192363328125 0.7919959999999999 0.7138696671875 0.783031 0.7146016671875 0.7676624999999999 0.6337633328125001 0.7700042500000001 0.631421 0.7852265 0.6362996671875 0.79364275 0.6343479999999999 0.8249285000000001
1 0.7163090000000001 0.822916 0.709479 0.82620925 0.7089909999999999 0.8298685000000001 0.7877810000000001 0.8274900000000001 0.7899763328125 0.8216352499999999 0.7965623328125 0.8205375 0.801441 0.79071525 0.794611 0.78065275 0.7958306671875001 0.766382 0.715796 0.76774075 0.7138696671875 0.78266525 0.720212 0.7914472499999999 0.7163090000000001 0.822916
9 0.46234633281250004 0.7201744999999999 0.5467533328124999 0.719071 0.5465693328125 0.71120925 0.5487759999999999 0.71010575 0.5500633328125 0.67479625 0.5476726671875001 0.6673482500000001 0.5482243328124999 0.6495555000000001 0.46247233281250005 0.65091175 0.46271399999999996 0.6687274999999999 0.46381733281250004 0.67396875 0.46234633281250004 0.7201744999999999
9 0.5488046671875 0.7101379999999999 0.5458626671875 0.71165525 0.5462303328125 0.7186895 0.629534 0.71634475 0.6300856671874999 0.708345 0.6337636671875 0.70751725 0.636706 0.6727595 0.6324763328125 0.666001 0.6335796671875 0.6483464999999999 0.5481 0.649826 0.5484370000000001 0.6665527499999999 0.5497243328125 0.67427675 0.5488046671875 0.7101379999999999
9 0.635602 0.70622375 0.6304529999999999 0.7084305 0.6304529999999999 0.7164302499999999 0.713205 0.7142235 0.7144923328125 0.7063615000000001 0.7189056671875 0.705534 0.7222156671875 0.6703625 0.71817 0.66305225 0.71817 0.64677675 0.6347616671874999 0.64842975 0.6333949999999999 0.66415575 0.6379923328125 0.6720175 0.635602 0.70622375
9 0.7189126671875 0.70572675 0.7139473328125 0.707244 0.713028 0.7145542500000001 0.7955963328125 0.71276125 0.7965156671875 0.7033820000000001 0.8038713328125 0.70296825 0.808285 0.6683485 0.8007453328125 0.66159 0.8018486671874999 0.644349 0.718735 0.64656825 0.7178093328124999 0.66227975 0.7233259999999999 0.6705552499999999 0.7189126671875 0.70572675
10 0.0842463328125 0.40531100000000003 0.2510956671875 0.40531100000000003 0.242666 0.3660675 0.079118 0.3688085 0.0761073328125 0.372608 0.0795953328125 0.40160475 0.0842463328125 0.40531100000000003
10 0.32563966718750004 0.4055605 0.37727933281250003 0.40489274999999997 0.37431166718750003 0.366161 0.323449 0.36678675 0.321188 0.3712805 0.3229686671875 0.40021825 0.32563966718750004 0.4055605
10 0.5188786671875001 0.36563249999999997 0.45930400000000005 0.36528475 0.4583353328125 0.40636774999999997 0.5185816671875 0.40636774999999997 0.5188786671875001 0.36563249999999997
10 0.6230483328124999 0.36540975000000003 0.5641160000000001 0.36503425 0.5636923328125001 0.40569974999999997 0.623345 0.40525475 0.6230483328124999 0.36540975000000003
10 0.6421176671875 0.404669 0.6723893328125 0.40400125 0.6741699999999999 0.40021699999999993 0.6735763328125 0.37194725 0.6717956671875001 0.364824 0.6408893328125 0.36503425 0.6477566671874999 0.3717245 0.647163 0.39977175 0.6421176671875 0.404669
10 0.6801056671875 0.40400125 0.7471776671875 0.40422375 0.7492553328125 0.39977175 0.7504423328125001 0.36994375 0.7480680000000001 0.363266 0.6812786671875 0.364033 0.6866346671875 0.371502 0.6854476671875 0.3988815 0.6801056671875 0.40400125
10 0.31768399999999997 0.479591 0.7627083328125 0.4769205 0.7674553328125 0.47187675 0.7690376671875 0.44369025000000006 0.755588 0.43627275 0.3190053328125 0.43783500000000003 0.31333266718749997 0.44725075 0.314915 0.4751405 0.31768399999999997 0.479591
10 0.1414736671875 0.47973175 0.302869 0.4788415 0.3024733328125 0.4396775 0.138814 0.44017074999999994 0.1339576671875 0.44828175000000003 0.13870466718750002 0.47557799999999995 0.1414736671875 0.47973175
6 0.0790043328125 0.06295049999999999 0.056882332812500006 0.062611 0.061235 0.103959 0.085253 0.1054235 0.0790043328125 0.06295049999999999
6 0.1276263328125 0.066026 0.10498 0.0652465 0.1098566671875 0.10513075000000001 0.131141 0.1060095 0.1276263328125 0.066026
6 0.2022186671875 0.06573325 0.1820676671875 0.06541125 0.1848396671875 0.1060095 0.20514766718750002 0.10688824999999999 0.2022186671875 0.06573325
6 0.2260413328125 0.06705124999999999 0.20798333281249998 0.06672900000000001 0.2080766671875 0.105863 0.228775 0.10762050000000001 0.2260413328125 0.06705124999999999
6 0.252012 0.06778375 0.2306046671875 0.06705825 0.23229000000000002 0.10659525 0.253574 0.10732749999999999 0.252012 0.06778375
6 0.30224700000000004 0.06884225000000001 0.2806786671875 0.0687055 0.281158 0.10706800000000001 0.3026373328125 0.10809325 0.30224700000000004 0.06884225000000001
6 0.324898 0.0692815 0.3057156671875 0.0687055 0.305176 0.10721449999999999 0.32528833281249997 0.10823975 0.324898 0.0692815
6 0.41842633281249997 0.071532 0.40081266718749997 0.07150575 0.4018286671875 0.10975775000000002 0.41881700000000005 0.11034375 0.41842633281249997 0.071532
6 0.4447876671875 0.07241075 0.42343400000000003 0.07117625 0.42311266718749996 0.10946499999999999 0.44381133281249996 0.1112225 0.4447876671875 0.07241075
6 0.46880533281250003 0.07285025 0.4493493328125 0.07199975 0.4475213328125 0.11005075 0.4680243328125 0.111076 0.46880533281250003 0.07285025
6 0.4922376671875 0.0719715 0.4719296671875 0.071825 0.4693913328125 0.11034375 0.491066 0.1112225 0.4922376671875 0.0719715
6 0.5168413328125 0.07314325 0.49590966718749996 0.07265875000000001 0.494776 0.1112225 0.513717 0.11224775000000001 0.5168413328125 0.07314325
6 0.539102 0.07241075 0.51897 0.07232925 0.516451 0.1112225 0.5373446671875 0.11180825000000001 0.539102 0.07241075
6 0.5627293328125 0.07241075 0.5418106671875 0.072494 0.538321 0.11166175 0.5607766671875 0.11298 0.5627293328125 0.07241075
6 0.6084083328125 0.07323525 0.5903476671875 0.07298825 0.5867333328125001 0.11175399999999999 0.606846 0.11263274999999999 0.6084083328125 0.07323525
6 0.6326213328125 0.0726495 0.61329 0.0726495 0.6101656671875 0.1110215 0.6306686671875 0.11175399999999999 0.6326213328125 0.0726495
6 0.7025963328125 0.073217 0.6850053328125 0.073153 0.6807263328125 0.11173575 0.7004483328125 0.11246799999999998 0.7025963328125 0.073217
6 0.726419 0.07453499999999999 0.703893 0.07364699999999999 0.7029866671875 0.11173575 0.724857 0.11246799999999998 0.726419 0.07453499999999999
6 0.7480936671875 0.07380275 0.7287103328125 0.07364699999999999 0.7270046671875 0.11085700000000001 0.7475080000000001 0.1107105 0.7480936671875 0.07380275
6 0.7732833328125001 0.07409575 0.7519903328125 0.07414125 0.7498509999999999 0.1120285 0.7705496671875001 0.11246799999999998 0.7732833328125001 0.07409575
6 0.7982776671875 0.07307050000000001 0.7763686671875 0.07298825 0.7719163328125 0.11100325 0.7937863328125 0.11158925 0.7982776671875 0.07307050000000001
6 0.8207333328124999 0.07394925 0.800816 0.07365625 0.7943723328125001 0.11114975 0.8150706671875 0.11158925 0.8207333328124999 0.07394925
6 0.8648640000000001 0.0733635 0.8440126671874999 0.073153 0.8412366671875 0.11129625000000001 0.8631066671875001 0.11144275 0.8648640000000001 0.0733635
6 0.8879056671875001 0.07409575 0.8679516671874999 0.07298825 0.863497 0.1107105 0.8855623328125001 0.110564 0.8879056671875001 0.07409575
6 0.0608953328125 0.24271574999999998 0.042289332812500004 0.24171675 0.0446133328125 0.273435 0.063413 0.27356075 0.0608953328125 0.24271574999999998
6 0.084563 0.24258975 0.0630566671875 0.242708 0.065763 0.27481975 0.086577 0.27544925 0.084563 0.24258975
6 0.1072233328125 0.2429675 0.086278 0.2428495 0.0870806671875 0.2751975 0.1094056671875 0.2763305 0.1072233328125 0.2429675
6 0.129716 0.24372275000000002 0.10893299999999999 0.24299125 0.11209133281250001 0.2764565 0.1317303328125 0.2764565 0.129716 0.24372275000000002
6 0.17738700000000002 0.24422649999999999 0.15707500000000002 0.24384075 0.160266 0.27784125 0.179905 0.2777155 0.17738700000000002 0.24422649999999999
6 0.249649 0.24611424999999998 0.228816 0.24553975 0.232192 0.277463 0.2511596671875 0.277589 0.249649 0.24611424999999998
6 0.271806 0.24649200000000002 0.2522263328125 0.24568150000000002 0.253342 0.27809249999999996 0.27348466718750003 0.27821825 0.271806 0.24649200000000002
6 0.2959773328125 0.246366 0.27507000000000004 0.24596475 0.27768099999999996 0.27847025 0.29732 0.27897375 0.2959773328125 0.246366
6 0.3204843328125 0.24737325000000002 0.2990466671875 0.24695575 0.3001736671875 0.2792255 0.320652 0.28073625 0.3204843328125 0.24737325000000002
6 0.34264133281250003 0.24611424999999998 0.322268 0.24582299999999999 0.3236736671875 0.28023275000000003 0.3436483328125 0.2806105 0.34264133281250003 0.24611424999999998
6 0.3664736671875 0.24645975 0.34605600000000003 0.24553975 0.3466666671875 0.28020075 0.367145 0.28083025 0.3664736671875 0.24645975
6 0.389134 0.24658575 0.36927733281249997 0.24596475 0.370502 0.28083025 0.38963766718750004 0.28133375 0.389134 0.24658575
6 0.412634 0.24671175 0.3915546671875 0.24695575 0.3919876671875 0.281208 0.41145899999999996 0.28208924999999996 0.412634 0.24671175
6 0.43361599999999995 0.24658575 0.41496500000000003 0.24582299999999999 0.414984 0.28007475 0.4342873328125 0.28020075 0.43361599999999995 0.24658575
6 0.45618800000000004 0.24727725 0.43724233281249997 0.24695575 0.437388 0.28013699999999997 0.4568593328125 0.2805145 0.45618800000000004 0.24727725
6 0.4786806671875 0.24677375000000001 0.45895366718749997 0.24638949999999998 0.4580343328125 0.2805145 0.4780093328125 0.28164775 0.4786806671875 0.24677375000000001
6 0.5018446671875 0.24778099999999997 0.4827413328125 0.2466725 0.47985566718749995 0.2818995 0.5001663328125 0.2817735 0.5018446671875 0.24778099999999997
6 0.5245053328125 0.24715150000000002 0.505019 0.24695575 0.5031876671875 0.28089225 0.5241696671875 0.28076650000000003 0.5245053328125 0.24715150000000002
6 0.548341 0.24740325 0.527674 0.246531 0.5250090000000001 0.28038875 0.5461586671875 0.28101824999999997 0.548341 0.24740325
6 0.568645 0.2470405 0.5505176671875 0.24681424999999999 0.5463199999999999 0.28040375 0.5666306671875 0.28153675 0.568645 0.2470405
6 0.590634 0.24754425000000002 0.57204 0.24695575 0.5688126671875 0.2807815 0.5891233328125 0.28090725 0.590634 0.24754425000000002
6 0.614973 0.247796 0.592052 0.24709750000000003 0.5913053328125 0.28027775 0.6116159999999999 0.28141099999999997 0.614973 0.247796
6 0.63478 0.24754425000000002 0.616595 0.24752225 0.6143016671875 0.28040375 0.632598 0.2807815 0.63478 0.24754425000000002
6 0.6579443328125001 0.24804775 0.63925 0.2473805 0.6386406671875 0.27901875 0.6550906671875001 0.278767 0.6579443328125001 0.24804775
6 0.680437 0.247796 0.6605836671875001 0.24752225 0.65828 0.27990024999999996 0.6782546671875 0.28103325 0.680437 0.247796
6 0.7688326671875 0.24546925000000003 0.7498823328124999 0.24525674999999997 0.7456686671874999 0.27782524999999997 0.766315 0.278203 0.7688326671875 0.24546925000000003
6 0.7909896671875 0.24672825 0.771027 0.24610625000000003 0.7679936671875 0.2788325 0.7888076671875 0.27971375 0.7909896671875 0.24672825
6 0.8114683328125001 0.2466025 0.7921716671875 0.24610625000000003 0.789479 0.278329 0.8097896671875 0.27757350000000003 0.8114683328125001 0.2466025
6 0.8329536671875 0.2464765 0.8136939999999999 0.24638949999999998 0.8107966671875 0.27732175 0.8306036671875001 0.27719575 0.8329536671875 0.2464765
6 0.856118 0.24609874999999998 0.8374816671875 0.24624775 0.8319466671875 0.27744749999999996 0.852593 0.27732175 0.856118 0.24609874999999998
8 0.0829393328125 0.560238 0.0829393328125 0.56709375 0.0892673328125 0.58924275 0.0965326671875 0.5899460000000001 0.0967673328125 0.60330575 0.1211416671875 0.6026024999999999 0.1204383328125 0.58941875 0.1122356671875 0.58730925 0.1091886671875 0.54828475 0.11645433281249999 0.542132 0.115048 0.52385025 0.08883366718749999 0.5235347499999999 0.09137666718750001 0.5409015 0.08340800000000001 0.54775725 0.0829393328125 0.560238
8 0.1134073328125 0.5871335 0.1204383328125 0.5908249999999999 0.1211416671875 0.6031299999999999 0.1457503328125 0.60295425 0.1445786671875 0.5857272499999999 0.13871933281249998 0.589067 0.134735 0.55056975 0.141766 0.54441725 0.14035999999999998 0.524026 0.11519399999999999 0.52393 0.1166886671875 0.541429 0.109423 0.547933 0.1134073328125 0.5871335
8 0.1579376671875 0.567797 0.1579376671875 0.5730705 0.1602813328125 0.576762 0.1628593328125 0.59187975 0.1687186671875 0.5920555000000001 0.1691873328125 0.6034815 0.1923896671875 0.60365725 0.1907493328125 0.58941875 0.18676500000000001 0.58941875 0.1832493328125 0.55074575 0.1881713328125 0.542132 0.187468 0.5245535 0.1618513328125 0.5249185 0.1637966671875 0.54389 0.1579376671875 0.55074575 0.1579376671875 0.567797
8 0.1869993328125 0.589067 0.191218 0.59064925 0.1928586671875 0.602251 0.216061 0.60242675 0.215358 0.58924275 0.2106706671875 0.58924275 0.2073893328125 0.58643025 0.2062176671875 0.57992625 0.2069206671875 0.572719 0.206452 0.54828475 0.21324866718750002 0.53949525 0.21254566718749998 0.5227955 0.188475 0.5233369999999999 0.1888743328125 0.5416047500000001 0.1827806671875 0.55021825 0.1869993328125 0.589067
8 0.2062176671875 0.57324625 0.20551466718750003 0.57746525 0.20551466718750003 0.58185975 0.2097333328125 0.5871335 0.215358 0.5899460000000001 0.2155923328125 0.60242675 0.239498 0.6026024999999999 0.23856066718750002 0.5848482500000001 0.23246699999999998 0.58801225 0.2315296671875 0.54740575 0.23856066718750002 0.5401985 0.2371543328125 0.51892825 0.211672 0.51918525 0.21324866718750002 0.538089 0.2069206671875 0.547933 0.2062176671875 0.57324625
8 0.3475493328125 0.55886325 0.3479966671875 0.56372975 0.34844400000000003 0.569939 0.3518003328125 0.5847065 0.3531426671875 0.5994740000000001 0.375964 0.5994740000000001 0.372608 0.54476675 0.37350300000000003 0.53939675 0.37350300000000003 0.52093725 0.3492846671875 0.52111675 0.350234 0.5368795000000001 0.3475493328125 0.542753 0.3475493328125 0.55886325
8 0.3755166671875 0.5746377500000001 0.375964 0.58621675 0.376188 0.5991385 0.3990093328125 0.5993062499999999 0.39878566718749997 0.58755925 0.3990093328125 0.57765825 0.396772 0.57446975 0.3961006671875 0.5711134999999999 0.3961006671875 0.5462772499999999 0.39811433281249997 0.53956475 0.397667 0.521273 0.3741973328125 0.52111675 0.374398 0.5390612499999999 0.3721606671875 0.5444312499999999 0.3755166671875 0.5746377500000001
8 0.3954293328125 0.560038 0.3969956671875 0.569771 0.399233 0.57681925 0.39878566718749997 0.586049 0.39811433281249997 0.59829925 0.421607 0.5981315 0.4209356671875 0.5836995 0.4213833328125 0.57446975 0.4200406671875 0.54711625 0.42205433281250004 0.5388935 0.4218306671875 0.52093725 0.3978523328125 0.52149425 0.39811433281249997 0.5390612499999999 0.3963243328125 0.5444312499999999 0.3954293328125 0.560038
8 0.42115933281249995 0.56188375 0.42115933281249995 0.5712815 0.42115933281249995 0.5784975 0.42115933281249995 0.5865525 0.421607 0.5981315 0.44375733281249996 0.5974602499999999 0.44420466718749996 0.582525 0.44420466718749996 0.57094575 0.44398099999999996 0.56205175 0.4450996671875 0.5397325000000001 0.4450996671875 0.52060175 0.4225133328125 0.520928 0.421607 0.53771875 0.4209356671875 0.5459415 0.42115933281249995 0.56188375
8 0.44465199999999994 0.56238725 0.44465199999999994 0.572624 0.4435333328125 0.58521 0.4433096671875 0.59695675 0.46568366718750004 0.597628 0.466131 0.5838675 0.46814466718750003 0.54376 0.46769733281250003 0.5378865 0.4683683328125 0.52060175 0.4459166671875 0.520928 0.4450996671875 0.5375507500000001 0.44442833281249994 0.54476675 0.44465199999999994 0.56238725
8 0.4685923328125 0.57732275 0.46657866718749996 0.58403525 0.4659073328125 0.5974602499999999 0.4896236671875 0.59712475 0.4896236671875 0.585042 0.4909663328125 0.5831962500000001 0.4923086671875 0.54392775 0.4905186671875 0.5355369999999999 0.4909663328125 0.51657425 0.46831300000000003 0.5163985 0.46792100000000003 0.535705 0.4690396671875 0.5444312499999999 0.4685923328125 0.57732275
8 0.6181466671875 0.57772125 0.6144076671875001 0.57601425 0.6129446671875 0.593329 0.6353793328124999 0.5936947499999999 0.6365173328125 0.580282 0.6391186671875 0.57869675 0.6391186671875 0.57113675 0.641232 0.56760075 0.642045 0.5661375 0.6428576671874999 0.56247925 0.6428576671874999 0.55967475 0.642045 0.55613875 0.6428576671874999 0.540165 0.6384683328125 0.53492175 0.6389560000000001 0.5167535 0.616203 0.51661075 0.615383 0.5337025 0.6197726671875 0.54077475 0.6181466671875 0.57772125
8 0.642045 0.55406575 0.6428576671874999 0.55589475 0.6439956671875 0.55869925 0.6441583328125 0.5605282500000001 0.643508 0.56369875 0.6413946671875 0.56833225 0.6407443328125 0.57857475 0.6366799999999999 0.58064775 0.635217 0.59308525 0.657977 0.593207 0.659115 0.5808915 0.6615536671875 0.5793065000000001 0.6628543328125 0.56930775 0.6646423328125 0.56760075 0.6651303328125 0.5656497500000001 0.6664306671875 0.56369875 0.6659430000000001 0.56065025 0.6651303328125 0.55796775 0.6661056671875001 0.540409 0.6617163328125 0.534678 0.6625289999999999 0.5166315 0.6394246671875 0.5164737500000001 0.6387933328125001 0.53419025 0.643183 0.540287 0.642045 0.55406575
8 0.664805 0.5565045 0.6664306671875 0.5580897499999999 0.6672436671875001 0.5602845000000001 0.6674063328125001 0.56357675 0.6651303328125 0.56760075 0.6641546671875 0.5793065000000001 0.6589523328125 0.58137925 0.6584646671875001 0.59308525 0.6797616671875 0.59296325 0.681225 0.5810135 0.6841510000000001 0.5795502499999999 0.6857770000000001 0.57406325 0.6859393328125 0.570893 0.6875653328125 0.56833225 0.6878903328125 0.56552775 0.6893533328125 0.5643082500000001 0.689191 0.5613819999999999 0.6887033328125 0.557358 0.6890283328125 0.53967725 0.6844763328125001 0.53516575 0.6857770000000001 0.5167535 0.6626466671875 0.516885 0.6617163328125 0.534434 0.6664306671875 0.53992125 0.664805 0.5565045
8 0.6900120000000001 0.5574475 0.690337 0.55927675 0.6898493328125 0.5631785 0.688061 0.568056 0.68546 0.5792740000000001 0.6807453328124999 0.581591 0.680095 0.59305275 0.7020423328125001 0.592809 0.7026926671875 0.5803715 0.7072446671875 0.5786645 0.709033 0.57037275 0.7100083328125 0.56854375 0.7111463328125 0.5673245 0.7114716671875 0.56488575 0.712772 0.5633005 0.7129346671875 0.558423 0.7117966671875 0.5539115 0.7135849999999999 0.53927925 0.7082200000000001 0.53440175 0.7087076671875 0.5163552499999999 0.6855026671875 0.5164737500000001 0.684647 0.53452375 0.690337 0.5401327499999999 0.6900120000000001 0.5574475
8 0.7126096671875 0.5509850000000001 0.7126096671875 0.55549675 0.7130973328125 0.56074 0.7106586671875 0.577811 0.7023673328125 0.5808592499999999 0.701067 0.5918335 0.7236643328125 0.59207725 0.7251276671875 0.57903025 0.7311426671875 0.57732325 0.7324433328125 0.5709825000000001 0.7330936671875 0.5679339999999999 0.7343943328125 0.56488575 0.7353696671875001 0.56171525 0.7358573328125 0.558423 0.7345566671875 0.554887 0.7355323328125001 0.539523 0.7304923328124999 0.53367025 0.7324433328125 0.5147700000000001 0.7103703328125001 0.51510225 0.7077323328125 0.5330605 0.71326 0.5387915 0.7126096671875 0.5509850000000001
8 0.7327683328125 0.577689 0.7252903328125 0.579396 0.724965 0.592809 0.7480503328125 0.592565 0.749676 0.5784205 0.7563413328124999 0.57903025 0.7569916671875 0.57732325 0.7592676671875 0.573909 0.7604056671875 0.5692755 0.7600806671875 0.56086175 0.7617063328125 0.53647475 0.753903 0.53074375 0.7558536671875 0.51147775 0.732495 0.5108509999999999 0.731468 0.5311095 0.7384586671875 0.5367185 0.7327683328125 0.577689
2 0.49187133281250006 0.5853455000000001 0.489664 0.5853455000000001 0.4894633328125 0.5969369999999999 0.5344113328125 0.5966359999999999 0.5344113328125 0.58459275 0.5370199999999999 0.58459275 0.5386253328125 0.54409725 0.5354146671875 0.535968 0.535816 0.51684925 0.49162033281250006 0.5168032499999999 0.49106866718750003 0.5362692499999999 0.49247300000000005 0.5428930000000001 0.49187133281250006 0.5853455000000001
8 0.11837933281249999 0.71887825 0.125139 0.7196582499999999 0.1258323328125 0.7286305 0.1698563328125 0.72772025 0.169163 0.7187479999999999 0.1630966671875 0.7182280000000001 0.1598033328125 0.68142925 0.166043 0.6738875 0.16431 0.6567235 0.11894266718749999 0.656492 0.120286 0.6753177499999999 0.11421966718750001 0.680519 0.11837933281249999 0.71887825
8 0.1625766671875 0.71718775 0.1688163328125 0.71978825 0.1695096671875 0.72785025 0.2144 0.72694 0.21318700000000002 0.717838 0.2088536671875 0.71705775 0.205734 0.6819495 0.21024033281249999 0.6736275 0.210067 0.6556832499999999 0.16379 0.6563295 0.1656963328125 0.6740174999999999 0.1604966671875 0.680779 0.1625766671875 0.71718775
8 0.20833400000000002 0.7162775 0.21388 0.718358 0.21388 0.72694 0.2598106671875 0.72550975 0.2582506671875 0.71770775 0.2544376671875 0.7165375 0.2511446671875 0.68181925 0.25565099999999996 0.6734975000000001 0.2542643328125 0.65581325 0.210587 0.6560045 0.2107603328125 0.67245725 0.205734 0.68103925 0.20833400000000002 0.7162775
8 0.2544376671875 0.71562725 0.259984 0.71757775 0.26015733281250003 0.72563975 0.30383466718749996 0.7245995 0.30227466718749996 0.71302675 0.299155 0.7154972500000001 0.2958616671875 0.6815592500000001 0.299155 0.67284725 0.2988083328125 0.655293 0.2547843328125 0.65581325 0.25565099999999996 0.67284725 0.2511446671875 0.680389 0.2544376671875 0.71562725