7 0.2770475265625 0.1888447265625 0.2770475265625 0.212017090625 0.3024615890625 0.2122133796875 0.3046328125 0.2246435546875 0.3263033859375 0.2277270515625 0.3286614578125 0.187470215625 0.2770475265625 0.1888447265625
7 0.6803639328125 0.349322265625 0.6817376296875 0.33449169843750004 0.65830078125 0.335778809375 0.6597526046875 0.37609960937500003 0.7108684890625 0.3748637703125 0.709494140625 0.3499399421875 0.6803639328125 0.349322265625
0 0.525390625 0.072998046875 0.548828125 0.0732421875 0.5481770828125 0.05126953125 0.5250651046875 0.051025390625 0.525390625 0.072998046875
0 0.5029296875 0.05126953125 0.5029296875 0.072998046875 0.5250651046875 0.0732421875 0.5240885421875 0.0517578125 0.5029296875 0.05126953125
0 0.4791666671875 0.051513671875 0.4798177078125 0.072509765625 0.5009765625 0.072509765625 0.5009765625 0.051513671875 0.4791666671875 0.051513671875
0 0.455078125 0.052001953125 0.4560546875 0.072998046875 0.4781901046875 0.072998046875 0.4772135421875 0.052001953125 0.455078125 0.052001953125
0 0.4326171875 0.052734375 0.4319661453125 0.07373046875 0.455078125 0.07373046875 0.4547526046875 0.052734375 0.4326171875 0.052734375
0 0.4091796875 0.0517578125 0.4095052078125 0.0732421875 0.4309895828125 0.072265625 0.4306640625 0.05224609375 0.4091796875 0.0517578125
0 0.384765625 0.052001953125 0.3857421875 0.07275390625 0.4072265625 0.07275390625 0.4072265625 0.05224609375 0.384765625 0.052001953125
0 0.3623046875 0.05224609375 0.3616536453125 0.072998046875 0.3834635421875 0.072998046875 0.3834635421875 0.052734375 0.3623046875 0.05224609375
0 0.4282923171875 0.1307895515625 0.42736262968750005 0.1649692390625 0.4971165359375 0.1646206046875 0.4966516921875 0.15869140625 0.4966516921875 0.1304409171875 0.4282923171875 0.1307895515625
7 0.6781686203125 0.1841904296875 0.6788919265625 0.21050341718749999 0.7277200515625 0.21023242187500002 0.726634765625 0.1844619140625 0.6781686203125 0.1841904296875
7 0.6275319015624999 0.1847329109375 0.6282552078125 0.21050341718749999 0.6785299484375 0.20968945312499998 0.677806640625 0.1850043953125 0.6275319015624999 0.1847329109375
7 0.5776184890625 0.1844619140625 0.5790651046875 0.21050341718749999 0.6278932296875 0.21050341718749999 0.627169921875 0.1847329109375 0.5776184890625 0.1844619140625
7 0.4781536453125 0.185275390625 0.4788776046875 0.2099609375 0.5291523437500001 0.2099609375 0.5284290359375 0.185275390625 0.4781536453125 0.185275390625
7 0.529513671875 0.210774903125 0.5790651046875 0.210774903125 0.5772571609375 0.1850043953125 0.5277057296875001 0.1847329109375 0.529513671875 0.210774903125
7 0.42787890624999997 0.185275390625 0.4282408859375 0.21050341718749999 0.4781536453125 0.21023242187500002 0.47670703124999997 0.185275390625 0.42787890624999997 0.185275390625
7 0.3779661453125 0.1866318359375 0.3783274734375 0.21185986406250001 0.4282408859375 0.21131738281249998 0.42751757812499996 0.1863608390625 0.3779661453125 0.1866318359375
7 0.6072773437500001 0.3504775390625 0.6087239578125 0.375705078125 0.6571901046875 0.376248046875 0.658275390625 0.3504775390625 0.6072773437500001 0.3504775390625
7 0.5577259109375 0.3515625 0.5598958328125 0.3765190421875 0.6090859375 0.375162596875 0.6069153640625 0.3504775390625 0.5577259109375 0.3515625
7 0.5081744796875001 0.3521049796875 0.5088977859375 0.3759765625 0.558810546875 0.375705078125 0.5573639328125 0.351833984375 0.5081744796875001 0.3521049796875
7 0.4582610671875 0.352376465625 0.4604309890625 0.3770615234375 0.5074505203124999 0.3759765625 0.5070891921875 0.3526474609375 0.4582610671875 0.352376465625
1 0.5146848953125 0.40256054687500004 0.5150462234375001 0.4258896484375 0.5620657546875 0.425618653125 0.5617044265625 0.40283203125 0.5146848953125 0.40256054687500004
1 0.1938658859375 0.48041455 0.1953125 0.5021157234375 0.24197070312500002 0.5021157234375 0.2412473953125 0.48041455 0.1938658859375 0.48041455
1 0.197482421875 0.4041884765625 0.199291015625 0.428060059375 0.24594921875 0.42724609375 0.24486393281250002 0.4041884765625 0.197482421875 0.4041884765625
5 0.4802682296875 0.499361328125 0.4915364578125 0.499361328125 0.4910358078125 0.477201171875 0.48001822968749996 0.477388671875 0.4802682296875 0.499361328125
5 0.46799869843749997 0.477388671875 0.4682493484375 0.499361328125 0.48001822968749996 0.49879785156249995 0.479767578125 0.477388671875 0.46799869843749997 0.477388671875
5 0.4557291671875 0.4775766609375 0.45648046875 0.499361328125 0.46799869843749997 0.499361328125 0.4677486984375 0.4775766609375 0.4557291671875 0.4775766609375
5 0.4442109375 0.47795214843749995 0.4442109375 0.499361328125 0.45673046875 0.499173828125 0.4559798171875 0.47776464843750005 0.4442109375 0.47795214843749995
5 0.4201725265625 0.47795214843749995 0.42067317656250003 0.4995493171875 0.4324420578125 0.4995493171875 0.4316907546875 0.47795214843749995 0.4201725265625 0.47795214843749995
5 0.40790234375 0.4783276359375 0.40865364531250004 0.499361328125 0.4204225265625 0.4995493171875 0.4201725265625 0.478515625 0.40790234375 0.4783276359375
5 0.3958834640625 0.4781401359375 0.3971354171875 0.49879785156249995 0.4084036453125 0.49879785156249995 0.40765234375 0.4781401359375 0.3958834640625 0.4781401359375
5 0.3841145828125 0.478515625 0.38436523437500003 0.4995493171875 0.396634765625 0.4995493171875 0.3958834640625 0.4783276359375 0.3841145828125 0.478515625
5 0.3725963546875 0.4783276359375 0.3730970046875 0.49992480468749995 0.3851158859375 0.4995493171875 0.384615234375 0.4783276359375 0.3725963546875 0.4783276359375
5 0.3595755203125 0.47795214843749995 0.36007617187499996 0.49992480468749995 0.37234570312500004 0.49992480468749995 0.37234570312500004 0.4781401359375 0.3595755203125 0.47795214843749995
5 0.34805664062499997 0.4781401359375 0.34805664062499997 0.50048828125 0.3598255203125 0.49973730468750005 0.3595755203125 0.4781401359375 0.34805664062499997 0.4781401359375
5 0.33678906249999996 0.478515625 0.3362877609375 0.5008637703125001 0.34855794218749997 0.5006762703125001 0.3483072921875 0.478515625 0.33678906249999996 0.478515625
5 0.3242688796875 0.4783276359375 0.32451953125 0.5010517578125 0.3362877609375 0.5006762703125001 0.3365384109375 0.4783276359375 0.3242688796875 0.4783276359375
5 0.3130006515625 0.4788911140625 0.3132513015625 0.5012392578125 0.3242688796875 0.5012392578125 0.3237682296875 0.4787036140625 0.3130006515625 0.4788911140625
5 0.30023046875000003 0.4788911140625 0.30048046875 0.5012392578125 0.3125 0.5010517578125 0.3127506515625 0.4788911140625 0.30023046875000003 0.4788911140625
5 0.289212890625 0.4787036140625 0.2897135421875 0.5019907234375001 0.3007311203125 0.501802734375 0.30048046875 0.4787036140625 0.289212890625 0.4787036140625
5 0.27694335937500003 0.4788911140625 0.277193359375 0.501802734375 0.2887122390625 0.5014272453124999 0.2889622390625 0.4788911140625 0.27694335937500003 0.4788911140625
5 0.26592578125 0.4788911140625 0.26592578125 0.5021787109375 0.27694335937500003 0.501802734375 0.27644205781250003 0.4787036140625 0.26592578125 0.4788911140625
5 0.2529049484375 0.479642578125 0.2531549484375 0.501802734375 0.2654244796875 0.5021787109375 0.2656751296875 0.4794545890625 0.2529049484375 0.479642578125
5 0.24188671875 0.47907910156250005 0.24163671875 0.5021787109375 0.25265429687499996 0.501802734375 0.2529049484375 0.47907910156250005 0.24188671875 0.47907910156250005
5 0.6219954421875 0.4249926765625 0.6340143234375 0.4248046875 0.6340143234375 0.4024565421875 0.6217447921875 0.4024565421875 0.6219954421875 0.4249926765625
5 0.6102265625000001 0.4026440421875 0.6107272140625 0.4249926765625 0.6217447921875 0.4248046875 0.621244140625 0.4026440421875 0.6102265625000001 0.4026440421875
5 0.5989583328125 0.40283203125 0.5984576828125 0.42536816406250005 0.6104765624999999 0.4248046875 0.6099759109375 0.40283203125 0.5989583328125 0.40283203125
5 0.5869388015625 0.4024565421875 0.5876901046875 0.4248046875 0.5984576828125 0.4248046875 0.5984576828125 0.4024565421875 0.5869388015625 0.4024565421875
5 0.5864381515625 0.4030200203125 0.5754205734375 0.4030200203125 0.5759212234375 0.4246166984375 0.5759212234375 0.4249926765625 0.5869388015625 0.4248046875 0.5864381515625 0.4030200203125
5 0.5636516921875 0.4249926765625 0.5746692703125 0.4249926765625 0.5751705734375 0.4026440421875 0.5629003906250001 0.4024565421875 0.5636516921875 0.4249926765625
5 0.4254309890625 0.425931640625 0.4374498703125 0.42555566406249995 0.43719921875 0.4032075203125 0.4254309890625 0.4032075203125 0.4254309890625 0.425931640625
5 0.413912109375 0.4032075203125 0.413662109375 0.42555566406249995 0.42518033906249997 0.425931640625 0.42518033906249997 0.4032075203125 0.413912109375 0.4032075203125
5 0.401642578125 0.40283203125 0.40189322968749996 0.4257436515625 0.413662109375 0.42536816406250005 0.413662109375 0.4032075203125 0.401642578125 0.40283203125
5 0.3903743484375 0.40283203125 0.3903743484375 0.42536816406250005 0.401642578125 0.42555566406249995 0.401642578125 0.40283203125 0.3903743484375 0.40283203125
5 0.37835546875000003 0.40339550781250005 0.3781048171875 0.425931640625 0.3898736984375 0.4251801765625 0.3901243484375 0.40358300781249995 0.37835546875000003 0.40339550781250005
5 0.3658352859375 0.40339550781250005 0.36633593750000004 0.425931640625 0.37735351562499997 0.42555566406249995 0.37785481718749997 0.40358300781249995 0.3658352859375 0.40339550781250005
5 0.35406640624999997 0.4037709953125 0.35381640625 0.425931640625 0.3655846359375 0.425931640625 0.36608593749999996 0.4037709953125 0.35406640624999997 0.4037709953125
5 0.3422975265625 0.40358300781249995 0.3425481765625 0.42649511718750005 0.3543170578125 0.426119140625 0.35381640625 0.4037709953125 0.3422975265625 0.40358300781249995
5 0.32952734375000003 0.4030200203125 0.3305286453125 0.4270581046875 0.341796875 0.42668261718749995 0.3420475265625 0.4032075203125 0.32952734375000003 0.4030200203125
5 0.31750781250000004 0.4037709953125 0.31750781250000004 0.42668261718749995 0.3292766921875 0.42668261718749995 0.32977734375 0.40358300781249995 0.31750781250000004 0.4037709953125
5 0.306490234375 0.4037709953125 0.306490234375 0.4268706046875 0.3180091140625 0.42668261718749995 0.3182591140625 0.40358300781249995 0.306490234375 0.4037709953125
5 0.2947213546875 0.40358300781249995 0.29422070312500004 0.42668261718749995 0.3067408859375 0.42668261718749995 0.3067408859375 0.40358300781249995 0.2947213546875 0.40358300781249995
5 0.2814505203125 0.40452246093750005 0.28195117187499996 0.4270581046875 0.29296875 0.42668261718749995 0.2927180984375 0.40452246093750005 0.2814505203125 0.40452246093750005
5 0.2691809890625 0.4048979484375 0.2691809890625 0.42668261718749995 0.2814505203125 0.42668261718749995 0.2811998703125 0.4052734375 0.2691809890625 0.4048979484375
5 0.25741210937500003 0.4050854484375 0.25691080781250003 0.4268706046875 0.2689303390625 0.42668261718749995 0.2691809890625 0.4048979484375 0.25741210937500003 0.4050854484375
5 0.2461438796875 0.4043344734375 0.2461438796875 0.4270581046875 0.2566608078125 0.4268706046875 0.2571614578125 0.4043344734375 0.2461438796875 0.4043344734375