0 0.3632356765625 0.0746313484375 0.3395768234375 0.0746313484375 0.3395768234375 0.09655029375 0.3632356765625 0.09655029375 0.3632356765625 0.0746313484375
0 0.38480794218750003 0.0751538078125 0.36184570312500003 0.0751538078125 0.36184570312500003 0.0970727546875 0.38480794218750003 0.0970727546875 0.38480794218750003 0.0751538078125
0 0.4077766921875 0.0746313484375 0.3868977859375 0.0746313484375 0.3868977859375 0.09655029375 0.4077766921875 0.09655029375 0.4077766921875 0.0746313484375
0 0.4328255203125 0.0746313484375 0.40777343750000006 0.0746313484375 0.40777343750000006 0.095505371875 0.4328255203125 0.095505371875 0.4328255203125 0.0746313484375
0 0.4543977859375 0.0746313484375 0.4335188796875 0.0746313484375 0.4335188796875 0.09655029375 0.4543977859375 0.09655029375 0.4543977859375 0.0746313484375
0 0.4815364578125 0.07462890625 0.45648437499999994 0.07462890625 0.45648437499999994 0.098115234375 0.4815364578125 0.098115234375 0.4815364578125 0.07462890625
0 0.5024088546875001 0.0751513671875 0.4801432296875 0.0751513671875 0.4801432296875 0.0975927734375 0.5024088546875001 0.0975927734375 0.5024088546875001 0.0751513671875
0 0.5260709640625 0.0741088875 0.5017154953125 0.0741088875 0.5017154953125 0.098117675 0.5260709640625 0.098117675 0.5260709640625 0.0741088875
7 0.2581640625 0.20771240156249998 0.2059765625 0.20771240156249998 0.2059765625 0.2364184578125 0.2581640625 0.2364184578125 0.2581640625 0.20771240156249998
7 0.6352278640625 0.3708740234375 0.5835611984375 0.3708740234375 0.5835611984375 0.3974462890625 0.6352278640625 0.3974462890625 0.6352278640625 0.3708740234375
7 0.25691015625 0.23390624999999998 0.2818307296875 0.233532715625 0.28307682343749996 0.2499697265625 0.30545247343750004 0.2498310546875 0.30600390625 0.21074511718750003 0.2579069015625 0.209998046875 0.25691015625 0.23390624999999998
7 0.6851106765625 0.3732890625 0.6594427078125 0.37291552656250004 0.6594427078125 0.3572255859375 0.6376888015625 0.3569013671875 0.6342727859374999 0.3975712890625 0.6841139328125 0.39682421875 0.6851106765625 0.3732890625
7 0.1940104171875 0.277994628125 0.1957467453125 0.267903809375 0.20833333281250002 0.267903809375 0.20572916718749998 0.2119140625 0.18446158906250001 0.214192871875 0.18359375 0.237955565625 0.1792532546875 0.238932128125 0.181423828125 0.279622559375 0.1940104171875 0.277994628125
7 0.306423828125 0.234700684375 0.3563365890625 0.234375 0.3559029953125 0.208984375 0.3055553390625 0.209310059375 0.306423828125 0.234700684375
7 0.4058157546875 0.208658690625 0.3563365890625 0.208984375 0.3567708328125 0.234375 0.3580729171875 0.234700684375 0.4066842453125 0.234375 0.4058157546875 0.208658690625
7 0.40625 0.233724121875 0.4561634109375 0.234049315625 0.4557291671875 0.207356934375 0.4053821609375 0.2080078125 0.40625 0.233724121875
7 0.4565970046875 0.233072753125 0.506076171875 0.232747559375 0.5065104171875 0.208333496875 0.4557291671875 0.207682128125 0.4565970046875 0.233072753125
7 0.5069446609375 0.233072753125 0.5577259109375 0.2333984375 0.5559895828125 0.2080078125 0.5065104171875 0.2080078125 0.5069446609375 0.233072753125
7 0.5559895828125 0.232747559375 0.6063365890625 0.232421875 0.60546875 0.207682128125 0.5551217453125 0.207682128125 0.5559895828125 0.232747559375
7 0.6059029953125 0.232747559375 0.6553821609375 0.232421875 0.654513671875 0.207356934375 0.60546875 0.206705565625 0.6059029953125 0.232747559375
7 0.6553821609375 0.232421875 0.704861328125 0.232096190625 0.704861328125 0.207356934375 0.6536458328125 0.206380371875 0.6553821609375 0.232421875
0 0.4071178390625 0.1800131828125 0.4053821609375 0.1875 0.4735240890625 0.1875 0.4730904953125 0.1513671875 0.4071178390625 0.1516928703125 0.4071178390625 0.1800131828125
7 0.53515625 0.373372559375 0.5355904953125 0.398111815625 0.5850696609375 0.3974609375 0.5846354171875 0.373046875 0.53515625 0.373372559375
7 0.4848092453125 0.372721190625 0.4848092453125 0.398763184375 0.5360240890625 0.3984375 0.53515625 0.372395996875 0.4848092453125 0.372721190625
7 0.43533007812499996 0.373046875 0.4361979171875 0.398763184375 0.4856770828125 0.398763184375 0.4848092453125 0.372721190625 0.43533007812499996 0.373046875
1 0.49240429687500004 0.448079590625 0.539279296875 0.447591309375 0.5390625 0.42431640625 0.49197070312499996 0.424153809375 0.49240429687500004 0.448079590625
1 0.1781686203125 0.42626953125 0.17881966093749999 0.44970703125 0.22439257812500002 0.449544434375 0.224609375 0.426106934375 0.1781686203125 0.42626953125
1 0.22048632812500002 0.5013022453125 0.1744791671875 0.5016274421875 0.173828125 0.5206704109375 0.175564453125 0.5244140625 0.21983528593749999 0.5240883796875 0.22048632812500002 0.5013022453125
0 0.4192708328125 0.42578125 0.4186197921875 0.42626953125 0.4166666671875 0.42626953125 0.4153645828125 0.42724609375 0.4153645828125 0.4287109375 0.416015625 0.42919921875 0.416015625 0.43701171875 0.4166666671875 0.4375 0.416015625 0.4462890625 0.4173177078125 0.447265625 0.4244791671875 0.447265625 0.4270833328125 0.44873046875 0.435546875 0.44873046875 0.4381510421875 0.447265625 0.4388020828125 0.42724609375 0.4381510421875 0.4267578125 0.4381510421875 0.42578125 0.435546875 0.42431640625 0.4296875 0.42431640625 0.4244791671875 0.42626953125 0.4212239578125 0.42626953125 0.4205729171875 0.42578125 0.4192708328125 0.42578125
5 0.4036458328125 0.424642090625 0.40408007812499996 0.447916503125 0.4153645828125 0.4482421875 0.4151477859375 0.4248046875 0.4036458328125 0.424642090625
5 0.3912760421875 0.425130371875 0.3914928390625 0.448079590625 0.4032115890625 0.4482421875 0.4036458328125 0.42529296875 0.3912760421875 0.425130371875
5 0.3804251296875 0.425455565625 0.3804251296875 0.448404784375 0.3914928390625 0.4482421875 0.3910592453125 0.425455565625 0.3804251296875 0.425455565625
5 0.3680553390625 0.425130371875 0.3682727859375 0.448404784375 0.3793404953125 0.447916503125 0.3795572921875 0.42529296875 0.3680553390625 0.425130371875
5 0.3567708328125 0.425455565625 0.3569876296875 0.448893065625 0.3671875 0.448567871875 0.3671875 0.42578125 0.3567708328125 0.425455565625
5 0.3446178390625 0.425618653125 0.3441842453125 0.44873046875 0.3563365890625 0.448567871875 0.3563365890625 0.425618653125 0.3446178390625 0.425618653125
5 0.33203125 0.426106934375 0.332248046875 0.448893065625 0.343533203125 0.4482421875 0.3433157546875 0.425943846875 0.33203125 0.426106934375
5 0.331814453125 0.425618653125 0.3209635421875 0.425618653125 0.3207467453125 0.44873046875 0.3211803390625 0.448404784375 0.331814453125 0.4482421875 0.331814453125 0.425618653125
5 0.308810546875 0.425618653125 0.308376953125 0.44921875 0.3203125 0.449056153125 0.3207467453125 0.425618653125 0.308810546875 0.425618653125
5 0.296875 0.426106934375 0.296875 0.44921875 0.308376953125 0.44873046875 0.308810546875 0.426106934375 0.296875 0.426106934375
5 0.2847220046875 0.42578125 0.28515625 0.44921875 0.296875 0.448893065625 0.296875 0.42578125 0.2847220046875 0.42578125
5 0.273654296875 0.426106934375 0.2738717453125 0.449056153125 0.284939453125 0.449381346875 0.2847220046875 0.426106934375 0.273654296875 0.426106934375
5 0.2610677078125 0.426106934375 0.2606334640625 0.44970703125 0.2721354171875 0.44921875 0.2721354171875 0.425943846875 0.2610677078125 0.426106934375
5 0.24913216093749999 0.426106934375 0.24891471406250001 0.448893065625 0.2601998703125 0.448404784375 0.2608509109375 0.426106934375 0.24913216093749999 0.426106934375
5 0.2367623703125 0.426432128125 0.23654492187499998 0.44921875 0.24891471406250001 0.448404784375 0.24869791718749998 0.426432128125 0.2367623703125 0.426432128125
5 0.22547721406250001 0.425943846875 0.22569466093749999 0.449056153125 0.23611132812500002 0.448567871875 0.236328125 0.425943846875 0.22547721406250001 0.425943846875
5 0.5989583328125 0.446614746875 0.611111328125 0.446614746875 0.6102428390625 0.424153809375 0.5980904953125 0.423990721875 0.5989583328125 0.446614746875
5 0.5870227859375 0.424153809375 0.5870227859375 0.446451659375 0.5985240890625 0.446451659375 0.5983072921875 0.424153809375 0.5870227859375 0.424153809375
5 0.576171875 0.424153809375 0.5766061203125 0.446939940625 0.5863717453125 0.446939940625 0.5863717453125 0.424153809375 0.576171875 0.424153809375
5 0.564236328125 0.423828125 0.564453125 0.447103028125 0.5753040359375 0.446939940625 0.5753040359375 0.423665528125 0.564236328125 0.423828125
5 0.5523001296875 0.424479003125 0.5516490890625 0.44775390625 0.5640188796875 0.446939940625 0.5635852859375 0.424642090625 0.5523001296875 0.424479003125
5 0.5397135421875 0.4248046875 0.5401477859375 0.447591309375 0.5518665359375 0.447591309375 0.5520833328125 0.424642090625 0.5397135421875 0.4248046875
5 0.4578990890625 0.52197265625 0.4698352859375 0.5221352546875 0.46875 0.499837403125 0.4576822921875 0.499674315625 0.4578990890625 0.52197265625
5 0.4457467453125 0.499674315625 0.4466145828125 0.5218100578125 0.4574654953125 0.521484375 0.4576822921875 0.5 0.4457467453125 0.499674315625
5 0.4459635421875 0.51611328125 0.4461803390625 0.5074868171875 0.4457467453125 0.499837403125 0.43381054687500004 0.499837403125 0.43337695312499996 0.5060219734375 0.4346790359375 0.5152993171875 0.4340279953125 0.52197265625 0.4444446609375 0.52197265625 0.4442272140625 0.51708984375 0.4459635421875 0.51611328125
5 0.43359375 0.5126953125 0.4331595046875 0.5081381828125 0.43359375 0.499349121875 0.4214407546875 0.499349121875 0.4223092453125 0.50830078125 0.4227428390625 0.5222983390625 0.43337695312499996 0.5218100578125 0.43381054687500004 0.51708984375 0.43359375 0.5126953125
5 0.4108072921875 0.51025390625 0.40993945312499996 0.5056967765625 0.40993945312499996 0.499837403125 0.3973522140625 0.499674315625 0.3975696609375 0.5048828125 0.398654296875 0.5135092765625 0.398654296875 0.5218100578125 0.4092884109375 0.5224609375 0.41015625 0.5144858390625 0.4108072921875 0.51025390625
5 0.3984375 0.5104165046875 0.3973522140625 0.499674315625 0.3862845046875 0.499674315625 0.3871529953125 0.5104165046875 0.3871529953125 0.5146484375 0.3871529953125 0.5221352546875 0.3973522140625 0.5222983390625 0.3977864578125 0.5152993171875 0.3984375 0.5104165046875
5 0.3862845046875 0.5089516609375 0.3862845046875 0.5 0.3743489578125 0.5003256828125 0.372830078125 0.5096030265625 0.375 0.5138344734375 0.374783203125 0.5227866203125 0.3856334640625 0.5227866203125 0.3860677078125 0.5166015625 0.3862845046875 0.5089516609375
5 0.3736979171875 0.5 0.363064453125 0.5001625984375 0.3628470046875 0.5081381828125 0.3637154953125 0.5146484375 0.3639322921875 0.5232749015625 0.374783203125 0.5231118171875 0.375 0.5126953125 0.3736979171875 0.5
5 0.3626302078125 0.5006508796875 0.351345703125 0.5 0.3506946609375 0.5226235359375 0.351779296875 0.5236000984375 0.3626302078125 0.5227866203125 0.3626302078125 0.5006508796875
5 0.340060546875 0.5001625984375 0.340060546875 0.5226235359375 0.3506946609375 0.5231118171875 0.3500436203125 0.5001625984375 0.340060546875 0.5001625984375
5 0.327908203125 0.5003256828125 0.327908203125 0.5231118171875 0.3387584640625 0.5226235359375 0.3391927078125 0.5003256828125 0.327908203125 0.5003256828125
5 0.31640625 0.5001625984375 0.3159720046875 0.5232749015625 0.3270397140625 0.5226235359375 0.3270397140625 0.5003256828125 0.31640625 0.5001625984375
5 0.3038196609375 0.5003256828125 0.3038196609375 0.5231118171875 0.3151041671875 0.5236000984375 0.3159720046875 0.50048828125 0.3038196609375 0.5003256828125
5 0.2925345046875 0.5013022453125 0.293185546875 0.5240883796875 0.302951171875 0.52392578125 0.3033854171875 0.5013022453125 0.2925345046875 0.5013022453125
5 0.28125 0.5008139640625 0.2805989578125 0.52392578125 0.2914498703125 0.52392578125 0.2918834640625 0.5008139640625 0.28125 0.5008139640625
5 0.2686634109375 0.5006508796875 0.2690970046875 0.5236000984375 0.2801647140625 0.5232749015625 0.2808157546875 0.5006508796875 0.2686634109375 0.5006508796875
5 0.255859375 0.5009765625 0.255859375 0.52392578125 0.267794921875 0.5232749015625 0.267361328125 0.5006508796875 0.255859375 0.5009765625
5 0.24479166718749998 0.5009765625 0.24544270781250002 0.5236000984375 0.255642578125 0.5234375 0.255859375 0.5006508796875 0.24479166718749998 0.5009765625
5 0.23350716093749999 0.5008139640625 0.23415820312500002 0.5231118171875 0.24522591093749999 0.5236000984375 0.2445748703125 0.5008139640625 0.23350716093749999 0.5008139640625
5 0.2211373703125 0.5008139640625 0.22091992187499998 0.52392578125 0.23372395781250002 0.5234375 0.23328971406250001 0.5008139640625 0.2211373703125 0.5008139640625