5 0.434737753125 0.16140740625 0.4465648703125 0.10471693906249999 0.3607741953125 0.0947828609375 0.359715040625 0.094385496875 0.348240978125 0.1497514265625 0.434737753125 0.16140740625
5 0.5216047296874999 0.1705422328125 0.5314900734375 0.1153087625 0.44635018750000005 0.10431863125 0.4347548984375 0.1606081546875 0.5216047296874999 0.1705422328125
5 0.6204321890625 0.125533134375 0.532876265625 0.11533415 0.5222848234375 0.170700075 0.607898984375 0.18142888125 0.6204321890625 0.125533134375
5 0.7076350625 0.1346724875 0.6217325812500001 0.1253308015625 0.6121355640624999 0.16831589687499998 0.6984558187500001 0.17891225625 0.7076350625 0.1346724875
5 0.3336287578125 0.265227134375 0.245682065625 0.2542510109375 0.23480890468750001 0.3104916265625 0.322361896875 0.32141146875 0.3336287578125 0.265227134375
5 0.42242834218749997 0.27534773437500004 0.334012575 0.2652556421875 0.323373746875 0.3202599765625 0.41069201718750004 0.33117981093750004 0.42242834218749997 0.27534773437500004
5 0.4986135515625 0.34108083906250003 0.5110540625 0.28524876250000003 0.4226365421875 0.27493971875 0.42303162499999997 0.275209546875 0.411530021875 0.3310416375 0.4986135515625 0.34108083906250003
5 0.59790286875 0.295287965625 0.511260509375 0.28506397968749997 0.4993177375 0.34072859218749996 0.5854623578125 0.3528813125 0.59790286875 0.295287965625
5 0.776163434375 0.3155359640625 0.686747703125 0.305092409375 0.678047765625 0.34600584218749997 0.76583548125 0.3581585625 0.776163434375 0.3155359640625
8 0.6564959375 0.5057588765625 0.6609466937499999 0.48130809062499996 0.6599929609374999 0.47749138437500005 0.6421899109375 0.4747481234375 0.6351958515625 0.5077865125 0.65379368125 0.510768315625 0.6564959375 0.5057588765625
8 0.6163562796875001 0.6011142 0.6366634359375001 0.6035521734375 0.63930335625 0.5997428171875 0.643770940625 0.576429559375 0.64356785625 0.5704869671874999 0.624345634375 0.5680347 0.6242760578125 0.571705959375 0.6185900625 0.5966953328125 0.6163562796875001 0.6011142
8 0.389020334375 0.541390728125 0.3689162453125 0.5395622359375001 0.362011809375 0.5723226984374999 0.37967904531249996 0.5744559515625001 0.389020334375 0.541390728125
0 0.38984459375 0.5420359968749999 0.38761080937500003 0.5424931234375 0.37887872499999997 0.5805866859375 0.3815186609375 0.5824151718749999 0.3803002203125 0.5859197843749999 0.3817217296875 0.58668165625 0.3792848625 0.5953669890625 0.4168531015625 0.5994810890625 0.4330988265625 0.5257319593750001 0.395344428125 0.5217647765625 0.393906025 0.5321316734375 0.39085994999999996 0.5348744140624999 0.38984459375 0.5420359968749999
0 0.4268036109375 0.5470643515625 0.4170561859375 0.60161433125 0.4554367 0.6064903015625001 0.4698547765625 0.5310650578125 0.43342666875 0.5270962906250001 0.432489621875 0.5275604453125 0.4292404796875 0.5455406093749999 0.4268036109375 0.5470643515625
0 0.647124053125 0.56941808125 0.65301313125 0.5723131890625 0.6442810640625 0.611321 0.6400165484375 0.60751164375 0.6387981218750001 0.614673228125 0.6353459109374999 0.61193049375 0.6333151953125 0.6233585671874999 0.6712895734375001 0.6280821671875 0.6727110828125 0.6193968390625 0.677787871875 0.6183302125 0.6781940093750001 0.61513035625 0.6840830875 0.6148256125 0.6913936609375 0.5793224078125 0.6867230078125 0.574598803125 0.6869260921875 0.5683514609375 0.6828646609375 0.565761096875 0.6855045828125 0.554485409375 0.646687215625 0.55051686875 0.6450933375 0.5619517421875 0.64753020625 0.563475484375 0.647124053125 0.56941808125
0 0.6859107343749999 0.5735321875 0.6909875234375 0.578408159375 0.684489225 0.6120828703125001 0.677787871875 0.614673228125 0.677990940625 0.6183302125 0.6731172203125 0.61863496875 0.67189879375 0.6277774234375 0.7094670328125 0.632501021875 0.7121069703125 0.6230538125 0.7169806750000001 0.6232061953125 0.7165745375 0.6189397125 0.7246973999999999 0.6198539546874999 0.7307895484375 0.5826746421875 0.725306621875 0.5790176578125 0.7265250328125 0.5729226890625 0.7216513265625 0.570027575 0.7240881796874999 0.5589042562500001 0.6855311000000001 0.5543250937499999 0.6840830875 0.56545635 0.6875352984374999 0.5678943390625 0.6859107343749999 0.5735321875
0 0.725509675 0.578408159375 0.7324141265625 0.5826746421875 0.7240881796874999 0.6197015828125 0.7184021703125001 0.6189397125 0.7173868109375 0.622444325 0.7114977484375 0.6238156828125 0.7092639484375 0.63265339375 0.7484567671875 0.63737699375 0.7498782625 0.6273202953125 0.75576735625 0.6274726671875 0.7565796296875 0.6230538125 0.764093271875 0.6233585671874999 0.772216134375 0.5858745 0.7649055765624999 0.58206514375 0.7651086296875 0.5761225453125001 0.7604380078124999 0.573379809375 0.7628748609375 0.5631707375 0.7243749859374999 0.5587045500000001 0.7220574640625 0.56941808125 0.7267281156250001 0.5724655671875001 0.725509675 0.578408159375
4 0.1825355171875 0.426687578125 0.16819854843749998 0.424177490625 0.16177371093749998 0.4445321203125 0.17599240625 0.4474590046875 0.1825355171875 0.426687578125
4 0.20166154062500002 0.42829264375 0.18487367500000002 0.42594725625 0.1780056703125 0.44793108281249994 0.19411179375 0.45057472499999995 0.20166154062500002 0.42829264375
4 0.2191517921875 0.42961445937500004 0.2024165234375 0.42763173437499996 0.19650254843749998 0.45123562812499995 0.21273450781249997 0.45425692343749996 0.2191517921875 0.42961445937500004
4 0.2371453609375 0.431880434375 0.22168480625 0.429958725 0.21575440937499998 0.453029525 0.231860540625 0.45557874218750005 0.2371453609375 0.431880434375
4 0.25489499531250004 0.434759196875 0.23835993437499997 0.43279035 0.23451068125000002 0.4560027046875 0.249736003125 0.45732451718749995 0.25489499531250004 0.434759196875
4 0.2747760015625 0.43730841875 0.25833862343749997 0.4349140703125 0.2531333859375 0.45798543125 0.2686103734375 0.46062906249999996 0.2747760015625 0.43730841875
4 0.29453118125 0.4396688078125 0.27653760156249996 0.43740283281250003 0.272385246875 0.4608178984375 0.287736396875 0.46308387343749996 0.29453118125 0.4396688078125
4 0.3131997765625 0.4413880703125 0.29608701718749997 0.43959417187499994 0.2915571703125 0.4631980734375 0.30728581093749996 0.4663137796875 0.3131997765625 0.4413880703125
4 0.3311933453125 0.4431819640625 0.3152857578125 0.4409312734375 0.3091732484375 0.465086384375 0.32515354375 0.46716352031249997 0.3311933453125 0.4431819640625
4 0.35069686093749997 0.44573118437500003 0.33383575625 0.44346520937499995 0.32918008125 0.4677300125 0.3449087234375 0.469146246875 0.35069686093749997 0.44573118437500003
4 0.3676838015625 0.4477139109375 0.35241151406250004 0.4461225875 0.346796159375 0.469146246875 0.3636572640625 0.4710345578125 0.3676838015625 0.4477139109375
4 0.386972978125 0.44981237968750004 0.3703635375 0.44801848125 0.36583369062500004 0.4713391359375 0.38156233125 0.4740771828125 0.386972978125 0.44981237968750004
4 0.403708265625 0.4509453671875 0.3886087609375 0.45000121093749995 0.3837014234375 0.4740771828125 0.39968172812499997 0.47577666250000006 0.403708265625 0.4509453671875
4 0.4214501609375 0.4532113375 0.4066023203125 0.4509453671875 0.40320493749999997 0.476154325 0.418178615625 0.4784203015625 0.4214501609375 0.4532113375
4 0.440868421875 0.45585315 0.4263484 0.453319634375 0.42186822656249995 0.47785198125 0.436338575 0.47945704375 0.440868421875 0.45585315
4 0.45861033593749995 0.4584967890625 0.44428202812500006 0.45662319843750004 0.44074259531250004 0.481062109375 0.4537029890625 0.482100678125 0.45861033593749995 0.4584967890625
4 0.4757230859375 0.46029068281249996 0.46079984218750003 0.4587469171875 0.45760370000000006 0.4822895140625 0.47094157656249996 0.4837057484375 0.4757230859375 0.46029068281249996
4 0.49497494687500004 0.462462240625 0.4792054078125 0.46075265156249995 0.4739614859375 0.4847443171875 0.48893514531250004 0.486538215625 0.49497494687500004 0.462462240625
4 0.5101202390624999 0.46462819062499994 0.4977889796875 0.46377844687499997 0.4928816421875 0.486060521875 0.5059678734374999 0.4884209109375 0.5101202390624999 0.46462819062499994
4 0.529497915625 0.465572346875 0.5145242578125 0.4649114328125 0.5108752109375 0.48832649687499996 0.5253455609375 0.4895538984375 0.529497915625 0.465572346875
4 0.542709984375 0.4918198734375 0.545352384375 0.4680271484375 0.5308820453124999 0.4666109140625 0.5303787265625 0.4667997453125 0.5272329984375 0.4907813 0.542709984375 0.4918198734375
4 0.121436609375 0.5392614421874999 0.12811097031250002 0.516677796875 0.1137033140625 0.514380771875 0.11350293593750001 0.5140320140625 0.1080878984375 0.5366156531249999 0.121436609375 0.5392614421874999
4 0.14737844687499999 0.5175282265625001 0.13176296875 0.5167722875 0.1269775859375 0.5402063640625 0.14145968125 0.541812725 0.14737844687499999 0.5175282265625001
4 0.1666459328125 0.520457484375 0.153045353125 0.5182841640625 0.14624506406249999 0.5415292484374999 0.1608530875 0.543797059375 0.1666459328125 0.520457484375
4 0.1857874796875 0.5220638515625 0.1703817890625 0.5209932609375 0.1647569640625 0.5455924125 0.17911311875 0.5467263203125 0.1857874796875 0.5220638515625
4 0.2175683 0.528366609375 0.2018268921875 0.52543735 0.1955303296875 0.5497218484374999 0.21076801875 0.551800678125 0.2175683 0.528366609375
4 0.23696171562499999 0.5293115312500001 0.221234975 0.527841909375 0.21580527031250002 0.551989659375 0.23104295000000002 0.553029075 0.23696171562499999 0.5293115312500001
4 0.30970076406249997 0.5367512828125001 0.29484088124999996 0.53571186875 0.288670246875 0.55952390625 0.3050413109375 0.560468828125 0.30970076406249997 0.5367512828125001
4 0.3292201078125 0.53873561875 0.3134787015625 0.5369402671875 0.307056209375 0.5610357796875001 0.3225457578125 0.5624531625 0.3292201078125 0.53873561875
4 0.346220828125 0.53949155625 0.3303535015625 0.537979684375 0.3245606546875 0.5633035937499999 0.340050203125 0.565004459375 0.346220828125 0.53949155625
4 0.07382399375000001 0.664919496875 0.080329859375 0.642315271875 0.06604523906250001 0.6399805640625 0.06562093906250001 0.6397683171875 0.0609536921875 0.6620541640625001 0.07382399375000001 0.664919496875
4 0.09744311875 0.6456050859375 0.08367086093750001 0.642543434375 0.0790569703125 0.6632215203125 0.0910786828125 0.6664052125000001 0.09744311875 0.6456050859375
4 0.11554640625000001 0.6471969328125 0.1011203453125 0.644862225 0.09560450937500001 0.667148071875 0.1088991109375 0.669907275 0.11554640625000001 0.6471969328125
4 0.1330839546875 0.6477275484375 0.1197419859375 0.6466544828125 0.11498068749999998 0.66884604375 0.12841671875 0.6700133953125 0.1330839546875 0.6477275484375
4 0.1522603703125 0.64955576875 0.138258609375 0.6483884125 0.1341570921875 0.6697191546875 0.146320234375 0.6719477453125 0.1522603703125 0.64955576875
4 0.1705050890625 0.6517843515624999 0.155105834375 0.6494393859375001 0.15141178125000002 0.6724783609375 0.1644235125 0.67438856875 0.1705050890625 0.6517843515624999
4 0.1818196515625 0.6536945671875001 0.1736718546875 0.6520916734375 0.16965650000000002 0.673964078125 0.1770109546875 0.6746008234375 0.1818196515625 0.6536945671875001
4 0.1962457015625 0.6577272437499999 0.18127508125 0.655009190625 0.1744651859375 0.6795886 0.189032665625 0.682241678125 0.1962457015625 0.6577272437499999
4 0.2706568484375 0.6653370437499999 0.25483188437500004 0.663098671875 0.250714940625 0.6858187984375 0.2666967515625 0.689002490625 0.2706568484375 0.6653370437499999
4 0.2893258671875 0.666928890625 0.27039197812500004 0.6646900453125 0.2678282109375 0.689002490625 0.2843757390625 0.6911249515625 0.2893258671875 0.666928890625
4 0.36211059218749997 0.67501679375 0.3464242515625 0.6725142953125001 0.3414615359375 0.6965597781249999 0.3574433453125 0.69953123125 0.36211059218749997 0.67501679375
4 0.3792238625 0.6761841453125 0.364106175 0.6745035125000001 0.358716234375 0.6985761140625 0.37469803437500004 0.7008047015625001 0.3792238625 0.6761841453125
4 0.39761 0.6780943609375 0.38196491875 0.675962271875 0.37582949375 0.7010169484375 0.3933670421875 0.703033284375 0.39761 0.6780943609375
4 0.416420446875 0.68042906875 0.4001773 0.67834933125 0.3952056609375 0.7038822687499999 0.41048031093750004 0.7062169765624999 0.416420446875 0.68042906875
4 0.4340994359375 0.681702546875 0.41825906718750006 0.680216821875 0.41203607187499997 0.7062169765624999 0.42900790000000005 0.70759658125 0.4340994359375 0.681702546875
4 0.5066428078125 0.688090903125 0.4908855703125 0.685643125 0.485286590625 0.7112257359374999 0.5012683906250001 0.714303303125 0.5066428078125 0.688090903125
4 0.52347320625 0.6910623499999999 0.5087443125 0.6892237140625 0.5043798984375 0.7138788140625 0.5190888203124999 0.715789028125 0.52347320625 0.6910623499999999
4 0.5369092375 0.7179114906249999 0.5412936359375 0.6916990875 0.5261604156249999 0.69063785625 0.5258775453125 0.690956225 0.5217760171875 0.715470659375 0.5369092375 0.7179114906249999
4 0.6499040125 0.7071593109375 0.6350536609375 0.7047184859375 0.6312349937499999 0.7294451609375 0.64650964375 0.7306125125 0.6499040125 0.7071593109375
4 0.667865859375 0.70843279375 0.6528519937499999 0.7059331328125 0.6487725515625 0.7307186390625 0.6639057734375 0.732628853125 0.667865859375 0.70843279375
4 0.6837062406250001 0.7094940234375 0.66913875 0.707265434375 0.6656029515624999 0.7324166062499999 0.6803118718750001 0.7343268203125 0.6837062406250001 0.7094940234375
4 0.7332073984374999 0.7411187 0.7374503546875 0.714481803125 0.7216346765625 0.7120333953125 0.7218928453125 0.7122532203125 0.7182156281250001 0.7397391 0.7332073984374999 0.7411187
4 0.75512934375 0.7427105453125 0.7582408625 0.717028759375 0.74338344375 0.7158792140625 0.742683353125 0.71607365 0.740420434375 0.7411187 0.75512934375 0.7427105453125
4 0.07159914687499999 0.7766533109375 0.056545590624999996 0.775103775 0.05000976875 0.799029646875 0.0664736078125 0.8011274281249999 0.07159914687499999 0.7766533109375
4 0.089616178125 0.7779352890625 0.07363354375 0.7759775921875 0.0684927625 0.8015936031249999 0.0837140421875 0.8029921203124999 0.089616178125 0.7779352890625
4 0.1062353328125 0.7797999812499999 0.0918865859375 0.7785990390624999 0.08604382968749999 0.8027590375000001 0.101265121875 0.8043906421875 0.1062353328125 0.7797999812499999
4 0.11881620156249999 0.807071140625 0.124097046875 0.7828301109375 0.11027363125 0.780615790625 0.1093417171875 0.780848875 0.10328426406249999 0.8059057062500001 0.11881620156249999 0.807071140625
4 0.14289068437500002 0.78492789375 0.1280043078125 0.78296811875 0.12207789218750001 0.807071140625 0.1374545109375 0.8088192921875 0.14289068437500002 0.78492789375
4 0.1601311078125 0.7863264140624999 0.1450922625 0.7847157499999999 0.1402502625 0.8080034906250001 0.15469493437499998 0.8103343593749999 0.1601311078125 0.7863264140624999
4 0.17431937656250002 0.8127223734375001 0.178202359375 0.7891806015625 0.162956940625 0.7874828328125 0.1620491546875 0.78778208125 0.1595640484375 0.8108576749999999 0.17431937656250002 0.8127223734375001
4 0.19823853281249998 0.7908122125 0.1812099828125 0.7893761015625 0.178357675 0.8127223734375001 0.1920257625 0.814587065625 0.19823853281249998 0.7908122125
4 0.21035345 0.816218675 0.21563429531249997 0.7917445578125 0.19965720625 0.7905411890625 0.1996364078125 0.790695665625 0.195132146875 0.814587065625 0.21035345 0.816218675
4 0.23427260468750002 0.7936092515625 0.21946369843750002 0.7919975484374999 0.2134598359375 0.8168013921874999 0.2289917609375 0.8187826312500001 0.23427260468750002 0.7936092515625
4 0.25151305156250003 0.796755925 0.23616329062500002 0.7946189968749999 0.2311662203125 0.8191322609375 0.2457662203125 0.8205307828124999 0.25151305156250003 0.796755925
4 0.270306665625 0.799203334375 0.2540279703125 0.7973860796875 0.2482513375 0.8214631296875 0.2644045296875 0.823327821875 0.270306665625 0.799203334375
4 0.2873314734375 0.8005718999999999 0.2720868296875 0.799279346875 0.26698464375 0.8231813203125 0.2818953 0.8250460171875 0.2873314734375 0.8005718999999999
4 0.306435734375 0.802786221875 0.29053405312499997 0.8005900703125001 0.28531231875 0.8249294718750001 0.30084424374999996 0.82760996875 0.306435734375 0.802786221875
4 0.354643553125 0.8343087046875001 0.362409515625 0.806571371875 0.347343553125 0.8047066796875001 0.34749886874999997 0.8051728499999999 0.33988822343749997 0.8311620359375 0.354643553125 0.8343087046875001
4 0.3790286703125 0.80820298125 0.364739303125 0.80668791875 0.3577499375 0.8337259875 0.3718839859375 0.83535760625 0.3790286703125 0.80820298125
4 0.397822309375 0.811233109375 0.3819934453125 0.808308778125 0.3760776140625 0.8358237718750001 0.39238613437500003 0.837921553125 0.397822309375 0.811233109375
4 0.41537337656249995 0.8120489140625 0.3998581234375 0.810638953125 0.3947159234375 0.8376884734375001 0.40962656875 0.8399027875 0.41537337656249995 0.8120489140625
4 0.451655440625 0.8162997187500001 0.43655838906250005 0.814279853125 0.4299107453125 0.8397249531250001 0.44466607500000005 0.8428716171874999 0.451655440625 0.8162997187500001
4 0.47029375 0.8183975 0.4553831046875 0.8164162609375 0.44870438437500004 0.8442701390625 0.46377034687499996 0.8454355734375 0.47029375 0.8183975
4 0.48831079375 0.8206118218749999 0.4724819296875 0.8185032953125001 0.46501290624999997 0.8463679187500001 0.48194269375000004 0.8485822421875 0.48831079375 0.8206118218749999
4 0.5049299484375 0.8225930609375001 0.4897640640625 0.8212703796874999 0.485359725 0.8485822421875 0.49949377500000003 0.8502138562500001 0.5049299484375 0.8225930609375001
4 0.54317606875 0.8286475546875 0.5271617640625 0.8262110796875 0.52036355 0.8502566453125 0.535733684375 0.8543842359375 0.54317606875 0.8286475546875
4 0.5536923421875 0.856145871875 0.5598404 0.8299236000000001 0.545441009375 0.82919520625 0.5447938437500001 0.829559403125 0.5391311625 0.85456768125 0.5536923421875 0.856145871875
4 0.5731072484374999 0.8580882609374999 0.5777991859375 0.831501796875 0.5621548515625 0.8297002750000001 0.5616200984375 0.8304092000000001 0.5569281593750001 0.8556602718749999 0.5731072484374999 0.8580882609374999
4 0.595757971875 0.8349009781250001 0.58022605 0.833444184375 0.575210534375 0.8578454609374999 0.5913896234375 0.860030653125 0.595757971875 0.8349009781250001
4 0.6137167578125 0.83672196875 0.59775475625 0.8350099203125 0.5938164859375 0.8593022546875 0.609995575 0.8619730499999999 0.6137167578125 0.83672196875
4 0.6326462984375001 0.8390285546875 0.6165660703125 0.8374371859374999 0.61209885 0.8629442359375 0.6284397265624999 0.8647652265625 0.6326462984375001 0.8390285546875
4 0.650605084375 0.8410923453124999 0.6347705671874999 0.8392576359374999 0.6297340578124999 0.8648866249999999 0.646074934375 0.8662220250000001 0.650605084375 0.8410923453124999
4 0.66824028125 0.8419421421875001 0.6520611921875 0.8404853484375 0.6478546328125 0.866707615625 0.66371015625 0.8687714109375 0.66824028125 0.8419421421875001
4 0.6857137015625 0.8447343265624999 0.6703704703125 0.8430502390625 0.6667841734375 0.8681644125 0.6798892453125001 0.86986400625 0.6857137015625 0.8447343265624999
4 0.7033489234375 0.8465553187499999 0.6876551875 0.8447343265624999 0.6834486390625 0.8707137984375001 0.699789503125 0.87229199375 0.7033489234375 0.8465553187499999
4 0.7222784515625 0.8478907140624999 0.7051612875 0.8465394343750001 0.7012456359375 0.873263184375 0.7182336796875 0.875205571875 0.7222784515625 0.8478907140624999
5 0.2600684078125 0.1266014734375 0.2689550203125 0.0865932609375 0.1835449234375 0.0773320984375 0.1835449234375 0.0769616375 0.1751520203125 0.11659941562500001 0.2600684078125 0.1266014734375
5 0.3593020796875 0.0965952984375 0.2692345546875 0.08526995781249999 0.26253690625 0.1269719140625 0.34942808125 0.13660353125 0.3593020796875 0.0965952984375
5 0.24723221718750002 0.2543642296875 0.15443026875000002 0.2417370890625 0.14849221875000002 0.2847408453125 0.2348897203125 0.2984473546875 0.24723221718750002 0.2543642296875
5 0.6891399421875 0.30649370625 0.5982167265625 0.2958987875 0.5899062703125 0.3383520984375 0.67531633125 0.349835934375 0.6891399421875 0.30649370625
0 0.49049470624999997 0.53541498125 0.47167814999999996 0.5339175140625 0.45970398437500004 0.59638323125 0.47852054062500005 0.5987363703125 0.49049470624999997 0.53541498125
0 0.49990299374999997 0.6002338375 0.511877159375 0.5386238359375 0.4905236515625 0.5360402046875 0.489354303125 0.5366985203125 0.479375825 0.5976667531250001 0.49990299374999997 0.6002338375
0 0.5321192124999999 0.5399073750000001 0.5115532234375 0.5376441562500001 0.49933278281250004 0.599592084375 0.5207152359375 0.603228771875 0.5321192124999999 0.5399073750000001
0 0.5520761703125 0.5414048421875 0.53151349375 0.53951543125 0.521000353125 0.601731321875 0.542097690625 0.604298390625 0.5520761703125 0.5414048421875
0 0.5748841421875001 0.5439719265625 0.5514737656250001 0.54138670625 0.5406721937500001 0.6057958484375 0.5626248609375 0.609218640625 0.5748841421875001 0.5439719265625
0 0.59398579375 0.545255465625 0.5746419359375 0.5435253062500001 0.5640503578125 0.606651546875 0.5837221984375 0.6094325609375 0.59398579375 0.545255465625
0 0.616508628125 0.5476086296875 0.594245775 0.5456639078125 0.5854328109375 0.609218640625 0.6051046515625 0.6119996375000001 0.616508628125 0.5476086296875
0 0.5652888515625001 0.5197641749999999 0.5721830406249999 0.5056999609374999 0.579292684375 0.46819540625 0.5810162234375 0.45251463125 0.560030828125 0.44971887343750006 0.5497769046875 0.5090947734375 0.546760690625 0.5163693625 0.5652888515625001 0.5197641749999999
0 0.564211634375 0.51911754375 0.5857559921875 0.5218657171875 0.5937273984375 0.507478196875 0.599975265625 0.46948867187500004 0.6008370421875 0.45461617499999996 0.580770715625 0.452345028125 0.5805853421875 0.46075916093749997 0.5715367031249999 0.511842946875 0.564211634375 0.51911754375
0 0.5932965171875 0.5068315765625 0.5859714328125001 0.5205724625 0.604068696875 0.523643946875 0.6137636578125 0.5105496875 0.6208732859375 0.4717518734375 0.6202269640625 0.4573643578125 0.60043320625 0.4545671578125 0.599975265625 0.4547778296875 0.6010524828125 0.46738711874999994 0.5932965171875 0.5068315765625
0 0.614840875 0.5086097953125 0.6118246609375 0.514429471875 0.6053613546875 0.5226740046875 0.6238894984375001 0.5272004203125 0.63466169375 0.5102263703125 0.6419867625 0.4741767375 0.6409095453125 0.45930424375 0.6206343953125 0.45699130156249995 0.621950503125 0.457526009375 0.623027721875 0.47062026875 0.614840875 0.5086097953125
0 0.6862774890625001 0.47902310000000003 0.6828303953125 0.463503978125 0.663228915625 0.46178283750000004 0.6643022515625 0.4775681859375 0.6576235031250001 0.5131328484375001 0.6483594234375001 0.5276820296875 0.6675339046875 0.53075351875 0.6783060843750001 0.516366 0.6862774890625001 0.47902310000000003
0 0.6673184640625001 0.531238496875 0.688431925 0.533663359375 0.70071221875 0.5178209140625001 0.70760640625 0.48096299218749994 0.7041593140625 0.466737128125 0.682584709375 0.46365769375 0.685415728125 0.47918476249999997 0.6791678609375 0.5153960515625 0.6673184640625001 0.531238496875
0 0.6890782625 0.5326934171875 0.7082527437499999 0.5347949578125 0.7222565765625 0.5220240140625 0.729150765625 0.4845194609375 0.7254882312500001 0.46867702343750006 0.7039438734375 0.465928840625 0.708899065625 0.4819329359375 0.7017894375 0.5171742874999999 0.6890782625 0.5326934171875