5 0.35625 0.13828125 0.08828125 0.0609375
5 0.44296875 0.14140625 0.0875 0.06171875
5 0.52890625 0.14375 0.08515625 0.0609375
5 0.6109375 0.14765625 0.08125 0.0609375
5 0.77578125 0.1453125 0.07890625 0.0453125
8 0.7360014640625 0.3199394328125 0.7357052984375 0.295198340625 0.7330398312499999 0.2925316328125 0.7220425734375 0.29215806093749996 0.7205022546875 0.32490246875 0.7330398312499999 0.3257172953125 0.7360014640625 0.3199394328125
8 0.4996372390625 0.3802215640625 0.47994551875 0.3798630828125 0.47885444687499995 0.41116002656250006 0.499748384375 0.4115769875 0.4996372390625 0.3802215640625
8 0.7341513671875 0.40913643750000006 0.734373640625 0.385536478125 0.73215088125 0.38120008906249997 0.7132350015625 0.38121780156249996 0.712034915625 0.4127222953125 0.7307060843750001 0.4134728234375 0.7341513671875 0.40913643750000006
0 0.51875 0.396875 0.03984375 0.07109375
0 0.55546875 0.396875 0.0390625 0.071875
0 0.7374677937499999 0.378853678125 0.74495214375 0.3787413609375 0.743904328125 0.41322276406249997 0.735521859375 0.41412130156250004 0.735521859375 0.42108496874999995 0.7295343796875 0.4216465546875 0.729235009375 0.4314181625 0.7629145828125 0.43130584687500007 0.7632139515625 0.42119729218749996 0.7705486171875 0.4208603375 0.7699498671875 0.413896675 0.7783323359375001 0.41378434999999997 0.780278271875 0.37963990000000003 0.7720454875 0.3776181890625 0.7723448562499999 0.3737994015625 0.7657586265625 0.3726762296875 0.7657586265625 0.3639154828125 0.7306312328125 0.36368750156249996 0.7305821828125 0.37447331093749997 0.73686904375 0.3730131828125 0.7374677937499999 0.378853678125
0 0.7705486171875 0.413896675 0.7706983015625 0.4200741203125 0.763513321875 0.4213096078125 0.7633636375 0.43108120625 0.797641971875 0.430968890625 0.7986897765625 0.4213096078125 0.8052759953124999 0.42018643593749994 0.8049766249999999 0.41333508906249994 0.8147062796875 0.4124365421875 0.816951584375 0.3790783140625 0.8061741265625001 0.3770566015625 0.8061741265625001 0.37323781562499997 0.7994382109375 0.371665378125 0.799288515625 0.3639154828125 0.7659121359375 0.3636894375 0.7660580078125 0.372226965625 0.77174610625 0.3739117234375 0.7718958015624999 0.3776181890625 0.780577640625 0.37963990000000003 0.779679521875 0.4129981296875 0.7705486171875 0.413896675
0 0.8070722343750001 0.37323781562499997 0.8063237984375 0.37671965625000003 0.8165025187499999 0.3790783140625 0.8157540843750001 0.41221191562500004 0.8057250609375 0.4134473953125 0.8061741265625001 0.4208603375 0.7986897765625 0.4208603375 0.7980910140625 0.43130584687500007 0.8311718484374999 0.43164279375000003 0.8316209140625 0.420748021875 0.8386561984375 0.4204110671875 0.8388058953125 0.41221191562500004 0.8498827234374999 0.41187495625 0.8516789625 0.37784282812500003 0.8410512000000001 0.3763827 0.84135056875 0.3731255 0.8337165234375 0.37211464375 0.8332674578124999 0.3640278015625 0.8000601015625 0.36368750156249996 0.8001866468750001 0.3640278015625 0.7989891453125 0.3713284234375 0.8070722343750001 0.37323781562499997
1 0.8 0.9421875 0.071875 0.0328125
2 0.45859375 0.95546875 0.03828125 0.06328125
3 0.48671875 0.96015625 0.0171875 0.034375
3 0.5046875 0.95859375 0.01953125 0.034375
3 0.3203125 0.85625 0.0203125 0.03359375
3 0.340625 0.85625 0.01953125 0.03359375
3 0.359375 0.85390625 0.02109375 0.034375
3 0.3796875 0.85390625 0.0203125 0.0359375
3 0.3984375 0.853125 0.01953125 0.03515625
3 0.4171875 0.8515625 0.01875 0.034375
3 0.4359375 0.85078125 0.01953125 0.03359375
3 0.4984375 0.8484375 0.01796875 0.03515625
3 0.515625 0.84765625 0.0171875 0.03359375
3 0.534375 0.846875 0.01875 0.0359375
3 0.55234375 0.84609375 0.01796875 0.03359375
3 0.5703125 0.8453125 0.01796875 0.03359375
3 0.58828125 0.84453125 0.01796875 0.034375
3 0.60703125 0.84453125 0.01796875 0.034375
3 0.703125 0.83984375 0.01953125 0.034375
3 0.72109375 0.8390625 0.015625 0.0328125
3 0.7390625 0.8390625 0.01875 0.03359375
3 0.75625 0.83828125 0.0171875 0.0328125
3 0.77421875 0.83671875 0.01796875 0.03203125
3 0.79140625 0.83671875 0.01796875 0.0328125
3 0.809375 0.8359375 0.01796875 0.0328125
3 0.82734375 0.83515625 0.01875 0.0328125
4 0.27890625 0.29609375 0.01484375 0.02421875
4 0.2953125 0.2953125 0.01484375 0.02421875
4 0.31328125 0.29609375 0.015625 0.02421875
4 0.33125 0.29609375 0.01640625 0.0234375
4 0.3484375 0.29765625 0.015625 0.02421875
4 0.36640625 0.2984375 0.01640625 0.0234375
4 0.38515625 0.2984375 0.015625 0.0234375
4 0.403125 0.29921875 0.01640625 0.02421875
4 0.42109375 0.29921875 0.01484375 0.0234375
4 0.43984375 0.30078125 0.01640625 0.02421875
4 0.45625 0.3 0.015625 0.02421875
4 0.4734375 0.30078125 0.01484375 0.0234375
4 0.490625 0.30078125 0.015625 0.02265625
4 0.50859375 0.3015625 0.01484375 0.02265625
4 0.52578125 0.3015625 0.0140625 0.02109375
4 0.54375 0.30234375 0.01328125 0.021875
4 0.559375 0.30234375 0.01484375 0.0234375
4 0.5765625 0.303125 0.01484375 0.0234375
4 0.59296875 0.303125 0.01328125 0.0234375
4 0.61015625 0.30234375 0.0140625 0.021875
4 0.62578125 0.303125 0.01484375 0.02109375
4 0.25546875 0.38359375 0.015625 0.025
4 0.27421875 0.384375 0.01640625 0.025
4 0.2921875 0.384375 0.01640625 0.02421875
4 0.3109375 0.384375 0.015625 0.025
4 0.33359375 0.39140625 0.015625 0.0234375
4 0.3515625 0.390625 0.015625 0.02265625
4 0.42109375 0.3921875 0.0140625 0.0234375
4 0.43828125 0.39140625 0.01484375 0.0234375
4 0.4546875 0.3921875 0.01328125 0.0234375
4 0.22734375 0.5109375 0.015625 0.02109375
4 0.246875 0.5109375 0.0140625 0.02265625
4 0.2640625 0.51015625 0.01328125 0.021875
4 0.28125 0.5109375 0.01328125 0.021875
4 0.2984375 0.51015625 0.01328125 0.0203125
4 0.315625 0.5109375 0.01484375 0.021875
4 0.33203125 0.5109375 0.01484375 0.02109375
4 0.34921875 0.509375 0.01875 0.02421875
4 0.41640625 0.5078125 0.01484375 0.021875
4 0.4328125 0.5078125 0.01640625 0.02265625
4 0.49921875 0.5078125 0.01484375 0.02109375
4 0.515625 0.5078125 0.0125 0.02265625
4 0.53203125 0.5078125 0.0140625 0.02265625
4 0.54765625 0.50703125 0.01328125 0.0234375
4 0.56484375 0.5078125 0.01328125 0.02265625
4 0.6265625 0.50625 0.0171875 0.0234375
4 0.64453125 0.50625 0.01484375 0.0234375
4 0.6609375 0.50625 0.0140625 0.02265625
4 0.75546875 0.50546875 0.01796875 0.02265625
4 0.7734375 0.50546875 0.0140625 0.021875
4 0.7875 0.50546875 0.0140625 0.0234375
4 0.83125 0.5046875 0.01796875 0.0234375
4 0.85234375 0.50546875 0.01484375 0.02421875
4 0.2546875 0.63046875 0.01328125 0.02421875
4 0.2703125 0.6296875 0.015625 0.02265625
4 0.28828125 0.6296875 0.01484375 0.02265625
4 0.3046875 0.6296875 0.015625 0.0234375
4 0.321875 0.62890625 0.01484375 0.021875
4 0.33828125 0.628125 0.015625 0.02265625
4 0.35546875 0.628125 0.01484375 0.02421875
4 0.3734375 0.628125 0.015625 0.02265625
4 0.38984375 0.628125 0.01484375 0.02421875
4 0.40625 0.6265625 0.0140625 0.02421875
4 0.42265625 0.6265625 0.01640625 0.02421875
4 0.4390625 0.62578125 0.01484375 0.02421875
4 0.45546875 0.62578125 0.0140625 0.02421875
4 0.471875 0.625 0.01484375 0.025
4 0.51953125 0.6234375 0.015625 0.02421875
4 0.5375 0.6234375 0.015625 0.0234375
4 0.55390625 0.6234375 0.015625 0.02578125
4 0.56953125 0.6234375 0.0140625 0.025
4 0.60078125 0.6234375 0.01484375 0.0234375
4 0.61796875 0.62265625 0.01484375 0.0234375
4 0.63359375 0.621875 0.0125 0.02265625
4 0.65 0.621875 0.0140625 0.021875
4 0.68046875 0.62109375 0.01484375 0.02421875
4 0.6984375 0.621875 0.0140625 0.0234375
4 0.7140625 0.62109375 0.0125 0.02109375
4 0.728125 0.621875 0.01171875 0.02109375
4 0.74453125 0.621875 0.015625 0.0203125
4 0.7609375 0.621875 0.01484375 0.021875
4 0.77734375 0.62109375 0.01328125 0.02109375
4 0.79140625 0.62109375 0.0125 0.02265625
4 0.80703125 0.62109375 0.0140625 0.02109375
4 0.821875 0.61953125 0.0140625 0.02265625
4 0.83828125 0.6203125 0.0140625 0.02265625
5 0.26796875 0.1265625 0.08984375 0.046875
5 0.69453125 0.14296875 0.0828125 0.04765625
0 0.643741765625 0.32398967343749996 0.6340364953125001 0.3430476609375 0.6524145453125 0.3428927203125 0.6639782578125 0.325539103125 0.6656302234375 0.28928245625 0.65489249375 0.278281503125 0.63919886875 0.278126559375 0.63816639375 0.278436453125 0.6456002234375 0.2877330265625 0.643741765625 0.32398967343749996
0 0.6829758 0.28866268125 0.6759549687499999 0.278591390625 0.6558381265625 0.27809899531250004 0.6645977484375 0.2874231390625 0.663152290625 0.324919334375 0.6515885625 0.3424278859375 0.6714120875 0.3428927203125 0.683182290625 0.32476438750000003 0.6829758 0.28866268125
0 0.6728575453125 0.3428927203125 0.6883446640625001 0.343822375 0.7009408515625 0.32414461875 0.7013538500000001 0.28866268125 0.6943330203125 0.278436453125 0.6777255671875 0.2780786609375 0.6829758 0.2872681921875 0.68462775 0.3213556421875 0.6728575453125 0.3428927203125
0 0.6899966296875 0.34351248125 0.70899415625 0.3425828265625 0.719112409375 0.3256940484375 0.7209708671875 0.288817621875 0.7116785953125 0.278126559375 0.696810953125 0.278591390625 0.701973325 0.2878879671875 0.701973325 0.3236797859375 0.6899966296875 0.34351248125
0 0.72799168125 0.34351248125 0.7465762234375 0.3432026015625 0.7604113921875 0.324919334375 0.7597919015625 0.2909868265625 0.7515321046875 0.28014081874999996 0.7342629359374999 0.27982125 0.7412073593749999 0.28897256875 0.73893591875 0.3232149578125 0.72799168125 0.34351248125
0 0.7614438671875 0.32352485625 0.74740220625 0.34351248125 0.76619325625 0.34351248125 0.7796154265624999 0.3260039296875 0.7806479000000001 0.2900571703125 0.77156210625 0.280760596875 0.7521515953125 0.280450703125 0.7521515953125 0.280760596875 0.762889325 0.2902121109375 0.7614438671875 0.32352485625
0 0.7668127484375 0.343822375 0.782093359375 0.3456816859375 0.7979934609375 0.326623715625 0.80150386875 0.2897472828125 0.793244071875 0.28122541874999996 0.7730075953125 0.280915534375 0.781680375 0.28990222499999996 0.7800284093750001 0.3236797859375 0.7668127484375 0.343822375
0 0.58359375 0.39453125 0.0203125 0.05703125
0 0.60390625 0.3953125 0.01875 0.06015625
0 0.6234375 0.3953125 0.01875 0.059375
0 0.64296875 0.396875 0.01953125 0.0609375
0 0.6625 0.396875 0.0203125 0.0609375
0 0.68203125 0.39765625 0.01796875 0.06328125
0 0.7015625 0.39609375 0.0203125 0.0609375