5 0.21640625 0.20546875 0.13125 0.06484375
5 0.340625 0.2046875 0.12265625 0.065625
5 0.46171875 0.2046875 0.11796875 0.0640625
5 0.58125 0.20390625 0.11796875 0.0640625
0 0.38203125 0.4046875 0.05234375 0.1
0 0.43515625 0.40390625 0.05234375 0.0984375
0 0.53671875 0.403125 0.05234375 0.09765625
0 0.5890625 0.40234375 0.05234375 0.096875
0 0.6142884671875 0.36988144843750004 0.6142884671875 0.37710049687499997 0.6200610421875 0.3802287453125 0.6184575515625 0.4288370140625 0.6146091609375001 0.43244653906249997 0.615250571875 0.43557479218750006 0.609798690625 0.438943675 0.61076079375 0.45049416249999996 0.65918619375 0.449050346875 0.6582241140625 0.43966558750000007 0.66495876875 0.43557479218750006 0.66495876875 0.4293182765625 0.6713727296875 0.42643066406249996 0.67297621875 0.37974747343750004 0.6652794609375 0.376378584375 0.6665622578125 0.3694001671875 0.6614310953125 0.3655500109375 0.66207248125 0.35255571875 0.6165333687500001 0.3532776265625 0.6117228984375 0.353037 0.61076079375 0.3667531859375 0.6142884671875 0.36988144843750004
0 0.6665025124999999 0.3764397265625 0.67484065625 0.38004925156249997 0.6745199640624999 0.42625116875 0.6648990218749999 0.428416878125 0.6655404093749999 0.434192140625 0.66105065625 0.43683910312499996 0.6607299375 0.44959276406250004 0.7085139515625001 0.4510365890625 0.70883464375 0.4361172 0.7165314015625001 0.434914025 0.7152486046875 0.429379440625 0.7235867734375 0.428416878125 0.72615234375 0.3778835328125 0.7190969968750001 0.3759584546875 0.7197383828125 0.36825813749999997 0.7123623421875 0.36585178749999997 0.713003728125 0.35189495625 0.663616225 0.35237622812499997 0.6613713484375 0.3663330546875 0.6671438984375 0.36849876875 0.6665025124999999 0.3764397265625
0 0.7168520953125 0.3680175015625 0.7187763031250001 0.3752365515625 0.7264730359375 0.3781241734375 0.7245488531250001 0.4264918 0.7165314015625001 0.430101325 0.7162107093750001 0.435154665625 0.7081932578125001 0.43563592812499996 0.7097967484375001 0.4491114921875 0.7588635578125 0.4476676765625 0.7604670484375 0.434192140625 0.7672017015625 0.43371085000000004 0.7678430890625 0.4264918 0.77682264375 0.42697309062500005 0.7803503171874999 0.3754771875 0.7707293765625 0.3740333765625 0.772653559375 0.367776875 0.7620705390625 0.3644079765625 0.76303261875 0.35141368906250003 0.7139658328125 0.35189495625 0.71460721875 0.3521356015625 0.7114002390625 0.36585178749999997 0.7168520953125 0.3680175015625
0 0.7704086828125 0.374995925 0.7816331140624999 0.3774022703125 0.7774640296875 0.4264918 0.7665602921875 0.42721370312499996 0.7678430890625 0.43347021874999997 0.7595049453125 0.43347021874999997 0.7579014546875 0.44790831718749996 0.8088924484375 0.44790831718749996 0.8092131406249999 0.435154665625 0.8185133890625 0.432507675 0.8181926953125 0.42601052968750003 0.8310206171875001 0.42528862500000003 0.8323034140625 0.374995925 0.8220410625 0.3735521046875 0.8230031671875 0.36585178749999997 0.813382225 0.36416735 0.81370291875 0.35045115 0.7643154156249999 0.351173053125 0.761429128125 0.3651298796875 0.7700879890625 0.3668143265625 0.7704086828125 0.374995925
0 0.8212546265625 0.3748146328125 0.8350446515625001 0.3760178078125 0.8321583640625001 0.42438544062499994 0.8186890312499999 0.42751369375000003 0.8180476453125 0.4330483046875 0.8093888078125 0.4335295671875 0.8093888078125 0.44724576406249994 0.8584555937499999 0.4462832296875 0.8584555937499999 0.4335295671875 0.8693593328125001 0.43160448906250004 0.8696800250000001 0.42462608125 0.8828286406249999 0.42366353749999996 0.8860356203125 0.37385209375 0.8741698031249999 0.3724082828125 0.87288700625 0.36470796562499996 0.8639074750000001 0.3627828875 0.8648695546875 0.3485854203125 0.8147884546874999 0.34977928125 0.8138785609375001 0.3632641640625 0.8218960125000001 0.3668736890625 0.8212546265625 0.3748146328125
0 0.8624205593750001 0.362542234375 0.873965684375 0.3651892203125 0.8733242984375 0.3728895359375 0.8864729125 0.37433335625 0.8845487296875 0.4236635234375 0.8691552140625 0.42606987343749997 0.8707587046875 0.433288921875 0.8592135796875 0.43304828124999994 0.858251475 0.446042575 0.9086010828125 0.446042575 0.907638978125 0.43280765 0.919504796875 0.43280765 0.9201462078124999 0.42342288281249996 0.9355397234374999 0.4227009796875 0.9393880890625 0.37240826875 0.9243152921875 0.3704831875 0.9233531875000001 0.3635047828125 0.913732246875 0.36182033125 0.913732246875 0.3483447703125 0.864701725 0.34881708125 0.8662689265625 0.349307309375 0.86402405 0.34882603749999996 0.8624205593750001 0.362542234375
4 0.1328125 0.54453125 0.02265625 0.034375
4 0.18203125 0.54296875 0.02890625 0.03046875
4 0.25390625 0.54140625 0.02109375 0.0328125
4 0.2765625 0.54140625 0.0234375 0.03203125
4 0.30078125 0.54140625 0.0234375 0.034375
4 0.34921875 0.53984375 0.01796875 0.0359375
4 0.371875 0.53984375 0.01875 0.0328125
4 0.46328125 0.53828125 0.02109375 0.034375
4 0.48515625 0.5390625 0.01953125 0.034375
4 0.51015625 0.5375 0.0203125 0.0328125
4 0.5328125 0.53671875 0.01953125 0.03515625
4 0.55390625 0.53671875 0.0203125 0.034375
4 0.57734375 0.53515625 0.01796875 0.03515625
4 0.60078125 0.53515625 0.0203125 0.0375
4 0.64453125 0.534375 0.02421875 0.03671875
4 0.66875 0.53515625 0.02109375 0.03671875
4 0.7359375 0.5328125 0.0265625 0.03515625
4 0.7625 0.5328125 0.0234375 0.03515625
4 0.7859375 0.5328125 0.02265625 0.0359375
4 0.8078125 0.53203125 0.021875 0.0359375
4 0.83203125 0.53203125 0.0234375 0.034375
4 0.85546875 0.53203125 0.021875 0.034375
4 0.896875 0.53125 0.0328125 0.034375
4 0.925 0.53046875 0.021875 0.03359375
4 0.10859375 0.69765625 0.0203125 0.03203125
4 0.1296875 0.696875 0.0203125 0.03203125
4 0.15078125 0.696875 0.0234375 0.03046875
4 0.1765625 0.696875 0.028125 0.03125
4 0.2234375 0.696875 0.021875 0.03203125
4 0.2921875 0.69609375 0.0203125 0.03046875
4 0.31640625 0.69609375 0.02109375 0.02890625
4 0.3390625 0.6953125 0.02109375 0.02890625
4 0.36328125 0.69453125 0.02109375 0.028125
4 0.3859375 0.6953125 0.0203125 0.0296875
4 0.409375 0.69375 0.01953125 0.03046875
4 0.4328125 0.69296875 0.02265625 0.03203125
4 0.45546875 0.69296875 0.0203125 0.03046875
4 0.47734375 0.69453125 0.0203125 0.03359375
4 0.5015625 0.69375 0.02109375 0.034375
4 0.521875 0.69296875 0.01875 0.03671875
4 0.5453125 0.69375 0.0203125 0.03515625
4 0.5671875 0.69140625 0.01875 0.0328125
4 0.58984375 0.69140625 0.01875 0.034375
4 0.6109375 0.69140625 0.0203125 0.03359375
4 0.63359375 0.69140625 0.01875 0.03515625
4 0.65625 0.690625 0.01875 0.034375
4 0.678125 0.68984375 0.01796875 0.0359375
4 0.7015625 0.6875 0.02109375 0.0328125
4 0.7234375 0.68671875 0.01875 0.03046875
4 0.8078125 0.67890625 0.028125 0.0390625
4 0.8328125 0.67890625 0.02421875 0.0390625
4 0.85546875 0.678125 0.0234375 0.03828125
4 0.878125 0.67734375 0.02265625 0.03671875
4 0.90078125 0.678125 0.02265625 0.03828125
8 0.13035210625 0.810930675 0.2932415234375 0.8064658765624999 0.2939853 0.7601436703125 0.1403932234375 0.762934165625 0.141508915625 0.7634922671875 0.1262612828125 0.7841419203125 0.13035210625 0.810930675
8 0.373965275 0.8046526843749999 0.42528660625 0.8035364812499999 0.42528660625 0.7530285343750001 0.3748380140625 0.7532793609375 0.37619663124999997 0.7535866343750001 0.373965275 0.7535866343750001 0.373965275 0.8046526843749999
8 0.5682216765625 0.7502384546875 0.509834390625 0.7516337015625 0.5146689906249999 0.8007464015625001 0.57380008125 0.7999092765625 0.5682216765625 0.7502384546875
8 0.68204056875 0.7961423 0.68166868125 0.7732602421875 0.6705118734375 0.7447971953125 0.6165872984375 0.7464714875 0.6217938140625 0.76879544375 0.6217938140625 0.7969794453125 0.68204056875 0.7961423
8 0.73113054375 0.7961423 0.7315024328125 0.7657259046875 0.721461315625 0.7439600484375 0.693789740625 0.74421295 0.7039822984375 0.7626563640625 0.7039822984375 0.79502611875 0.73113054375 0.7961423
8 0.8096001203125001 0.7933518046875 0.8073687359375 0.758470621875 0.796211928125 0.7431229015625 0.7337337890625 0.74451815 0.7482376453125 0.7632144546874999 0.7445187093750001 0.793630871875 0.8096001203125001 0.7933518046875
8 0.180186475 0.8505996437500001 0.1809302515625 0.8824112859375 0.348654296875 0.876551240625 0.350885625 0.8238109 0.19920263437500002 0.8279850421875 0.180186475 0.8505996437500001
8 0.8315186656250001 0.8669221765625 0.8337500500000001 0.8317619390625 0.816642921875 0.8116703812500001 0.36739890625 0.8223235765625001 0.3601807015625 0.8496211078125 0.36241205781249997 0.8800374921874999 0.8315186656250001 0.8669221765625
6 0.126399125 0.98604294375 0.12890029375 0.99975 0.15426913125 0.99975 0.15248259375 0.9637902281249999 0.159628746875 0.9474358328125 0.159628746875 0.9289365890625 0.1356891453125 0.930545225 0.1356891453125 0.9468996203125 0.1274710578125 0.962449703125 0.126399125 0.98604294375
6 0.15426913125 0.9986438765625 0.180709903125 0.99975 0.17570759062500002 0.9667393875 0.18428297968750001 0.9533341421875001 0.1853548859375 0.9286684890625001 0.161415284375 0.9294728015624999 0.1617725875 0.9490444578125 0.1531971984375 0.964862671875 0.15426913125 0.9986438765625
6 0.204292203125 0.99975 0.2275172 0.99975 0.2268025953125 0.964862671875 0.2332341171875 0.9452909953124999 0.23109027656249997 0.9321538500000001 0.20679334531250002 0.9324219609375 0.20857988437500002 0.94850825625 0.2017910609375 0.9653988640625 0.204292203125 0.99975
6 0.2275172 0.999180078125 0.25181413125 0.99975 0.25002759218750004 0.966203196875 0.2593175859375 0.9466315203125 0.2575310484375 0.9286684890625001 0.233271284375 0.9287744328124999 0.23430605 0.9468996203125 0.22823180468749998 0.963522146875 0.2275172 0.999180078125
6 0.2514568015625 0.99975 0.279326809375 0.999180078125 0.27575373281250004 0.966203196875 0.283614490625 0.9460953078125 0.2828998859375 0.9267917515624999 0.259180390625 0.9284394 0.2593175859375 0.9444866828125 0.250742196875 0.9632540265625 0.2514568015625 0.99975
6 0.4230995609375 0.99817259375 0.42131302187499997 0.924711853125 0.3984453265625 0.9233713296875001 0.3977307234375 0.9236394296875 0.3995172609375 0.99975 0.4230995609375 0.99817259375
6 0.44811109531250004 0.92390753125 0.4235691984375 0.923748959375 0.4252434015625 0.9995131171875 0.44846839843749997 0.99975 0.44811109531250004 0.92390753125
6 0.47169339531250004 0.9995131171875 0.4745518671875 0.9241756421874999 0.4491830296875 0.9236394296875 0.44846839843749997 0.92390753125 0.44703918906249995 0.9995131171875 0.47169339531250004 0.9995131171875
6 0.4974195625 0.9236394296875 0.474047284375 0.9230788953125 0.47169339531250004 0.9992450171874999 0.495275721875 0.9987088156249999 0.4974195625 0.9236394296875
6 0.5210018609375 0.92095838125 0.49777686406250005 0.9214945921875 0.4959903265625 0.998976915625 0.520644559375 0.9987088156249999 0.5210018609375 0.92095838125
6 0.5445841609375 0.91961785625 0.521716465625 0.91881354375 0.5210018609375 0.998976915625 0.5481572375 0.99817259375 0.5445841609375 0.91961785625
6 0.681817296875 0.9700944843749999 0.6771722859375 0.975992784375 0.675743078125 0.9912747765625 0.698968075 0.9896661515625 0.698968075 0.9867169812500001 0.7036130578125 0.9805505796875 0.7057568984375 0.9443564062500001 0.7003972843749999 0.931219271875 0.6996826796875 0.9140605531249999 0.6782442203125 0.913792453125 0.676814984375 0.932023584375 0.6821746 0.9454288500000001 0.681817296875 0.9700944843749999
6 0.7043276890625 0.9692901718750001 0.702898453125 0.97974625625 0.69825344375 0.986180778125 0.6993253765625 0.9896661515625 0.7211211390625001 0.9891299281249999 0.7239796109375 0.9786738328125001 0.7296965265625001 0.972507421875 0.7296965265625001 0.9473055671875 0.7243369125 0.9325597968749999 0.7243369125 0.912988140625 0.7009753125 0.9123578875 0.7003972843749999 0.9322916859375001 0.705399596875 0.9454288500000001 0.7043276890625 0.9692901718750001
6 0.7300538296875 0.9727755328125 0.721478440625 0.9816230031250001 0.7207638359375 0.9893980296875 0.7439888328125 0.9899342515624999 0.7461326734375 0.9818911046875 0.7511349859374999 0.972507421875 0.7550653656249999 0.9473055671875 0.7479192125 0.9314873734375 0.7479192125 0.9124519281250001 0.7257661484375 0.912988140625 0.722550375 0.932023584375 0.7300538296875 0.94408830625 0.7300538296875 0.9727755328125
6 0.7500630515625 0.9733117453125001 0.7443461359375 0.9792100546875 0.7447034375 0.9896661515625 0.767928434375 0.9864488796875 0.772216115625 0.9786738328125001 0.776146521875 0.974384159375 0.7782903890624999 0.9459650421875001 0.7740026546875 0.933096009375 0.7736453796875 0.9119157171875001 0.7483264375 0.9123578875 0.7486338156250001 0.930414959375 0.7532788265625 0.94569693125 0.7500630515625 0.9733117453125001
6 0.776146521875 0.9733117453125001 0.772216115625 0.97974625625 0.770429578125 0.9877894046875 0.7911534312499999 0.9893980296875 0.7940119046875 0.9794781562500001 0.8018726609375 0.972507421875 0.8033019250000001 0.9435520937499999 0.7968703765625 0.9290744343749999 0.7986569140625 0.9113795046875 0.7746822515625 0.9110177609375001 0.772216115625 0.9317554843750001 0.780434203125 0.9435520937499999 0.776146521875 0.9733117453125001
6 0.804731134375 0.9719712203125 0.7990141890625 0.975992784375 0.7990141890625 0.9875213031250001 0.8129492203125 0.9891299281249999 0.8286707359375001 0.9810867812499999 0.8308146031250001 0.94489261875 0.8197380437499999 0.9274658 0.8222391859375 0.9084303546875001 0.7983578140625001 0.9080024765625 0.7954411125 0.9290744343749999 0.80758960625 0.9427477812499999 0.804731134375 0.9719712203125
2 0.57109375 0.959375 0.04765625 0.0796875
5 0.0859375 0.20625 0.128125 0.06640625
0 0.48828125 0.40390625 0.03359375 0.09375