5 0.36796875 0.0859375 0.10703125 0.07109375
5 0.4796875 0.08828125 0.10625 0.07578125
5 0.5890625 0.090625 0.1078125 0.0765625
5 0.70234375 0.08359375 0.1078125 0.0578125
5 0.25390625 0.2890625 0.11015625 0.075
5 0.3671875 0.29140625 0.1125 0.075
5 0.48203125 0.29375 0.10859375 0.07578125
5 0.5953125 0.29765625 0.1109375 0.07890625
5 0.82734375 0.2921875 0.1109375 0.05625
4 0.1296875 0.48828125 0.02109375 0.03203125
4 0.153125 0.4890625 0.01796875 0.03046875
4 0.17734375 0.490625 0.02109375 0.03125
4 0.2015625 0.490625 0.021875 0.03203125
4 0.22578125 0.49296875 0.01875 0.03203125
4 0.25 0.49296875 0.01875 0.03125
4 0.27421875 0.49453125 0.01875 0.03125
4 0.30078125 0.4953125 0.01953125 0.03359375
4 0.32578125 0.49609375 0.021875 0.0328125
4 0.35 0.496875 0.01953125 0.03203125
4 0.37421875 0.496875 0.0203125 0.03359375
4 0.3984375 0.496875 0.01953125 0.03359375
4 0.421875 0.49765625 0.0203125 0.03203125
4 0.446875 0.49921875 0.01953125 0.03203125
4 0.46953125 0.5 0.02109375 0.03359375
4 0.49375 0.5 0.021875 0.03203125
4 0.51796875 0.5 0.021875 0.034375
4 0.540625 0.50234375 0.0203125 0.0359375
4 0.5640625 0.50234375 0.02109375 0.03125
4 0.58828125 0.50078125 0.0203125 0.03203125
4 0.61171875 0.503125 0.01875 0.03515625
4 0.36171875 0.6234375 0.0203125 0.03828125
4 0.3390625 0.62265625 0.0203125 0.03359375
4 0.31484375 0.62265625 0.01953125 0.03359375
4 0.21640625 0.6203125 0.025 0.034375
4 0.190625 0.6203125 0.025 0.034375
4 0.14609375 0.6171875 0.0234375 0.0359375
4 0.11953125 0.61640625 0.0234375 0.034375
4 0.09296875 0.61640625 0.02109375 0.03359375
4 0.06953125 0.615625 0.0203125 0.0328125
4 0.9640625 0.821875 0.02734375 0.03984375
4 0.934375 0.821875 0.02734375 0.0390625
4 0.8609375 0.81953125 0.0234375 0.03671875
4 0.83671875 0.81953125 0.025 0.03828125
4 0.81171875 0.81875 0.0203125 0.0375
4 0.659375 0.8140625 0.02265625 0.03828125
4 0.6359375 0.81328125 0.02109375 0.0359375
4 0.60859375 0.81015625 0.02421875 0.03828125
4 0.509375 0.80859375 0.02109375 0.03984375
4 0.48359375 0.80859375 0.01953125 0.03984375
4 0.45859375 0.8078125 0.021875 0.03828125
4 0.434375 0.8078125 0.0203125 0.0375
4 0.409375 0.80625 0.01953125 0.0359375
4 0.30625 0.8046875 0.02109375 0.03671875
4 0.2828125 0.80546875 0.01953125 0.03828125
4 0.18125 0.80234375 0.02109375 0.0359375
4 0.16640625 0.79375 0.0078125 0.03125
4 0.14765625 0.79375 0.015625 0.03359375
4 0.12265625 0.79453125 0.015625 0.034375
4 0.09921875 0.79375 0.01875 0.03359375
4 0.071875 0.7921875 0.01875 0.03359375
4 0.04921875 0.7921875 0.01875 0.0328125
4 0.025 0.7921875 0.01953125 0.034375
4 0.02734375 0.98359375 0.01875 0.03203125
4 0.05 0.9828125 0.021875 0.034375
4 0.07578125 0.984375 0.02109375 0.03125
4 0.10078125 0.98515625 0.0203125 0.0296875
4 0.1265625 0.98515625 0.021875 0.0296875
4 0.15234375 0.9859375 0.021875 0.028125
4 0.17734375 0.98515625 0.0203125 0.02890625
4 0.20390625 0.9859375 0.01953125 0.028125
4 0.22890625 0.9859375 0.0203125 0.028125
4 0.2546875 0.98671875 0.01875 0.02578125
4 0.28046875 0.98671875 0.0203125 0.0265625
4 0.30546875 0.9875 0.0203125 0.025
4 0.33046875 0.98671875 0.02109375 0.02578125
4 0.3578125 0.98671875 0.01875 0.0265625
4 0.434375 0.98828125 0.0203125 0.0234375
4 0.45859375 0.9875 0.01953125 0.02421875
4 0.48515625 0.98828125 0.01875 0.0234375
4 0.51015625 0.9875 0.0203125 0.025
4 0.5625 0.9890625 0.01953125 0.021875
4 0.5875 0.9890625 0.02109375 0.021875
4 0.6140625 0.9890625 0.01953125 0.021875
4 0.63828125 0.98828125 0.0203125 0.02265625
4 0.6890625 0.98984375 0.025 0.0203125
4 0.7140625 0.98984375 0.02265625 0.0203125
4 0.740625 0.98984375 0.02421875 0.0203125
4 0.76640625 0.9890625 0.02265625 0.02109375
4 0.79140625 0.98984375 0.02421875 0.0203125
4 0.8171875 0.98984375 0.02421875 0.0203125
4 0.84375 0.9921875 0.02265625 0.01484375
4 0.86796875 0.9921875 0.0234375 0.01484375
4 0.89453125 0.9921875 0.02421875 0.015625
4 0.91875 0.9921875 0.021875 0.015625
4 0.94375 0.9921875 0.02578125 0.015625
0 0.45390625 0.62890625 0.0515625 0.10078125
4 0.5078125 0.63125 0.05625 0.10234375
0 0.829302621875 0.6122455062500001 0.843435371875 0.617042765625 0.8437718859375 0.66728783125 0.8309850937500001 0.6682977671875 0.831658071875 0.6736000234375 0.820890265625 0.6733475203125 0.8205537749999999 0.6864768703124999 0.8730468796874999 0.6884967796875 0.8723739 0.6756199031250001 0.8838147109375001 0.6751149265625 0.8828052187500001 0.6698127078125 0.8982839765625 0.668802734375 0.8986204390625 0.617295259375 0.8834781968750001 0.6130029671874999 0.8844876890625001 0.604670871875 0.8727103890624999 0.6011360453125 0.8733833687500001 0.586996740625 0.82294925625 0.5862914031249999 0.82156324375 0.60088355625 0.8303121156250001 0.6039134203125001 0.829302621875 0.6122455062500001
0 0.7771460078125 0.61148805 0.7895962859375001 0.61426540625 0.78858681875 0.66602539375 0.7778189859375 0.662238059375 0.7781555015625 0.6736000234375 0.7700796328124999 0.6682977671875 0.7694066296875001 0.6864768703124999 0.8212267546875 0.68748684375 0.8205537749999999 0.674357465625 0.8303121156250001 0.6728425437500001 0.829302621875 0.6685502703124999 0.8420894156250001 0.669055228125 0.8444448640625 0.617042765625 0.8303121156250001 0.6132554515625 0.8313215828124999 0.6041659 0.8212267546875 0.6011360453125 0.82156324375 0.585734303125 0.7707839828124999 0.5847138234375 0.7704161218750001 0.600378584375 0.778491990625 0.6021459953125 0.7771460078125 0.61148805
0 0.883273971875 0.6124022578125 0.8991934390624999 0.6180490359374999 0.8991934390624999 0.6684357234375 0.8841423140625 0.669304446875 0.8844317546875 0.675602775 0.8728539765625 0.6753855953125 0.8731434171875 0.6871135296875 0.9252434375 0.6886338109375 0.9252434375 0.6760371609375 0.937110634375 0.6766886953125 0.9365317531249999 0.670390365625 0.952740659375 0.669955996875 0.9524511984374999 0.6176146671875 0.936821215625 0.6147912765625 0.9374000953125 0.6056695546875 0.9249539765625 0.60328053125 0.9249539765625 0.5885120265625 0.8732541203125 0.5865479921875 0.8731434171875 0.6019774359375 0.8841423140625 0.6041492749999999 0.883273971875 0.6124022578125
0 0.65234375 0.50546875 0.028125 0.05390625
0 0.68203125 0.50703125 0.02421875 0.0515625
0 0.709375 0.5078125 0.025 0.05234375
0 0.7375 0.50859375 0.02734375 0.05234375
0 0.79609375 0.51015625 0.0265625 0.0515625
0 0.825 0.51015625 0.02734375 0.05078125
0 0.8546875 0.5125 0.02734375 0.0515625
0 0.55 0.62578125 0.02421875 0.08828125
0 0.5765625 0.62578125 0.028125 0.08515625
0 0.6046875 0.62578125 0.0296875 0.0859375
0 0.63203125 0.628125 0.03125 0.08671875
0 0.6640625 0.628125 0.03125 0.0859375
0 0.69296875 0.62890625 0.02734375 0.08515625
0 0.721875 0.6296875 0.02734375 0.08515625
5 0.70859375 0.28984375 0.11171875 0.05859375
5 0.13515625 0.278125 0.1140625 0.06015625
5 0.14609375 0.0703125 0.1046875 0.04921875
5 0.25703125 0.0734375 0.11484375 0.05703125