5 0.321875 0.065625 0.115625 0.0734375
5 0.43671875 0.06875 0.11328125 0.07890625
5 0.55234375 0.06796875 0.1109375 0.07578125
5 0.6703125 0.0625 0.11484375 0.06484375
5 0.21328125 0.28828125 0.11796875 0.078125
5 0.33203125 0.28828125 0.1171875 0.07734375
5 0.45 0.2890625 0.11484375 0.075
5 0.56484375 0.29296875 0.11484375 0.07890625
5 0.79921875 0.284375 0.115625 0.0578125
0 0.434375 0.62578125 0.05234375 0.09921875
0 0.4875 0.6296875 0.05078125 0.1015625
0 0.7524458234375 0.59675003125 0.7531266796875 0.6062863546874999 0.764020290625 0.6115653859375 0.7637933265625 0.66112019375 0.7531266796875 0.6556708609374999 0.7519919296875 0.66554776875 0.7456373203125 0.6607796031250001 0.74495648125 0.6766167109375 0.7957932999999999 0.6772978796875 0.794885496875 0.6650368890625 0.8037365515625 0.6645260234375 0.8030556953125 0.66094990625 0.8150840562500001 0.6607796031250001 0.8157648953125 0.6103733453125 0.8044173921875 0.605775475 0.8055521421874999 0.5991341140625 0.7957932999999999 0.59436595625 0.7964741390625 0.5792100171875 0.7467720718749999 0.5788694328124999 0.7456373203125 0.5785288515625 0.74382173125 0.5928333296875 0.7524458234375 0.59675003125
0 0.8044173921875 0.6054348984375 0.8153110015625 0.611735675 0.8157648953125 0.6600984484375 0.8039634984375 0.6616310609375 0.8044173921875 0.6645260234375 0.7955663359375 0.6653774796875 0.79511244375 0.6764464218749999 0.8457222984375001 0.676787 0.845041475 0.6653774796875 0.85593505 0.6643557343750001 0.8561620140624999 0.66112019375 0.8695520546875001 0.6606093140625 0.8704598750000001 0.6103733453125 0.8554811578124999 0.6056051874999999 0.8561620140624999 0.5981123625 0.8457222984375001 0.5935145015625001 0.846176225 0.5793803078125 0.7962162734375 0.5784357203125 0.7955663359375 0.593003621875 0.8030556953125 0.5969203265624999 0.8044173921875 0.6054348984375
0 0.855254228125 0.60492401875 0.8704598750000001 0.610543640625 0.8695520546875001 0.6604390265625 0.855708121875 0.66112019375 0.85593505 0.6653774796875 0.84549536875 0.665207190625 0.84549536875 0.6764464218749999 0.8958782765625 0.676787 0.8951974187499999 0.6653774796875 0.9074527437500001 0.66554776875 0.906998815625 0.66112019375 0.9228853203125 0.6612904828125 0.921977534375 0.6103733453125 0.9072257796875001 0.605264603125 0.9067718859375 0.5969203265624999 0.8956513125000001 0.5935145015625001 0.8958782765625 0.5795505999999999 0.8458698437500001 0.5788613218750001 0.8466301187499999 0.593003621875 0.8554811578124999 0.5969203265624999 0.855254228125 0.60492401875
4 0.1 0.49609375 0.01953125 0.0296875
4 0.12421875 0.496875 0.01953125 0.03125
4 0.14765625 0.496875 0.01875 0.03125
4 0.1734375 0.49765625 0.01953125 0.03203125
4 0.196875 0.496875 0.0203125 0.03125
4 0.2234375 0.49765625 0.0203125 0.03046875
4 0.24765625 0.4984375 0.01953125 0.0296875
4 0.2734375 0.4984375 0.02109375 0.0296875
4 0.29921875 0.49921875 0.0203125 0.0296875
4 0.325 0.5 0.0203125 0.03125
4 0.34921875 0.5 0.01953125 0.03203125
4 0.37265625 0.5 0.0203125 0.03125
4 0.39609375 0.50078125 0.0203125 0.03046875
4 0.421875 0.50078125 0.0203125 0.0328125
4 0.44609375 0.5015625 0.01953125 0.03125
4 0.47109375 0.5015625 0.01796875 0.03203125
4 0.49296875 0.50078125 0.01875 0.03203125
4 0.5171875 0.5015625 0.021875 0.03203125
4 0.540625 0.5015625 0.0203125 0.0328125
4 0.5640625 0.5015625 0.02109375 0.0328125
4 0.58671875 0.5015625 0.0203125 0.03125
4 0.04765625 0.62734375 0.0234375 0.034375
4 0.0734375 0.6265625 0.02265625 0.0328125
4 0.09921875 0.6265625 0.0234375 0.03359375
4 0.12734375 0.6265625 0.0265625 0.034375
4 0.16953125 0.6265625 0.02109375 0.03359375
4 0.1953125 0.6265625 0.0234375 0.034375
4 0.29453125 0.6265625 0.021875 0.03203125
4 0.31953125 0.6265625 0.01953125 0.0328125
4 0.3421875 0.6265625 0.02109375 0.034375
4 0.0171875 0.79609375 0.01953125 0.0328125
4 0.04140625 0.79609375 0.01953125 0.03125
4 0.065625 0.79609375 0.021875 0.0328125
4 0.09140625 0.79609375 0.021875 0.03359375
4 0.115625 0.79609375 0.02265625 0.03515625
4 0.13828125 0.7953125 0.0203125 0.0328125
4 0.15859375 0.79453125 0.01015625 0.0296875
4 0.171875 0.8046875 0.01953125 0.03828125
4 0.27265625 0.80546875 0.021875 0.03515625
4 0.29453125 0.80546875 0.02265625 0.03515625
4 0.39609375 0.80546875 0.02109375 0.0375
4 0.41953125 0.80390625 0.01953125 0.03671875
4 0.44453125 0.80390625 0.0203125 0.0359375
4 0.46875 0.803125 0.01953125 0.0375
4 0.49296875 0.80234375 0.0203125 0.03828125
4 0.59140625 0.803125 0.021875 0.03671875
4 0.61640625 0.80390625 0.02109375 0.03828125
4 0.63984375 0.80390625 0.021875 0.03828125
4 0.78515625 0.8046875 0.02265625 0.034375
4 0.81015625 0.8046875 0.021875 0.034375
4 0.83203125 0.8046875 0.01953125 0.0359375
4 0.90390625 0.80546875 0.0234375 0.03515625
4 0.93125 0.8046875 0.02421875 0.03515625
4 0.034375 0.98125 0.01875 0.03359375
4 0.0578125 0.98046875 0.01953125 0.03515625
4 0.08203125 0.9796875 0.021875 0.03515625
4 0.10703125 0.98046875 0.0203125 0.034375
4 0.13125 0.98125 0.01953125 0.034375
4 0.15546875 0.98125 0.02109375 0.03515625
4 0.18125 0.98125 0.01953125 0.03515625
4 0.20546875 0.98203125 0.02109375 0.0359375
4 0.23046875 0.98203125 0.02109375 0.03515625
4 0.25546875 0.98203125 0.02109375 0.0359375
4 0.27890625 0.98125 0.0203125 0.0375
4 0.30390625 0.98203125 0.02109375 0.03515625
4 0.328125 0.98203125 0.021875 0.0359375
4 0.353125 0.98203125 0.02265625 0.0359375
4 0.428125 0.98125 0.0203125 0.0375
4 0.4515625 0.98046875 0.01875 0.0390625
4 0.4765625 0.98046875 0.01953125 0.03828125
4 0.50078125 0.98046875 0.0203125 0.0390625
4 0.55 0.98125 0.01953125 0.0375
4 0.57421875 0.98125 0.01875 0.03671875
4 0.59765625 0.98125 0.0203125 0.03671875
4 0.62265625 0.98125 0.0203125 0.0375
4 0.67109375 0.98125 0.0203125 0.0375
4 0.69609375 0.98125 0.01953125 0.03671875
4 0.71953125 0.98125 0.0203125 0.0375
4 0.7453125 0.98125 0.02109375 0.03671875
4 0.76953125 0.98125 0.0203125 0.0375
4 0.79453125 0.98203125 0.0171875 0.0359375
4 0.8171875 0.98125 0.01875 0.0375
4 0.840625 0.98125 0.01875 0.0375
4 0.86640625 0.98125 0.02109375 0.03671875
4 0.88984375 0.98125 0.01953125 0.03671875
4 0.91328125 0.98125 0.021875 0.0375
0 0.528125 0.62421875 0.028125 0.0921875
0 0.5546875 0.6234375 0.02421875 0.08984375
0 0.5796875 0.6234375 0.03125 0.0890625
0 0.6109375 0.6234375 0.03046875 0.08828125
0 0.6390625 0.6234375 0.0265625 0.0859375
0 0.66796875 0.62421875 0.028125 0.084375
0 0.6984375 0.625 0.02890625 0.084375
0 0.628125 0.5 0.028125 0.06015625
0 0.65546875 0.50078125 0.028125 0.059375
0 0.6828125 0.50078125 0.03046875 0.0578125
0 0.71015625 0.50078125 0.02890625 0.05859375
0 0.7671875 0.5015625 0.0296875 0.05859375
0 0.79609375 0.5015625 0.0328125 0.0578125
0 0.825 0.5015625 0.0328125 0.06015625
5 0.08671875 0.0546875 0.11796875 0.0609375
5 0.20703125 0.05859375 0.11484375 0.05546875
5 0.09140625 0.27734375 0.12109375 0.06875
5 0.68515625 0.284375 0.121875 0.0625