5 0.20234375 0.17578125 0.1265625 0.08125
5 0.328125 0.1765625 0.1265625 0.08359375
5 0.45390625 0.17890625 0.125 0.084375
5 0.578125 0.1796875 0.12109375 0.0859375
5 0.8265625 0.17265625 0.12265625 0.0640625
8 0.3984375 0.534375 0.028125 0.04453125
8 0.765284509375 0.42850902968750004 0.7670572671875 0.39468419843749997 0.7607259625 0.384992809375 0.7434818859375001 0.3849755703125 0.7424918140625001 0.43344973124999997 0.76300525625 0.43287966562499997 0.765284509375 0.42850902968750004
8 0.7322457546875001 0.5615252749999999 0.7597786796875 0.5624170390625001 0.764928734375 0.5557287890625 0.764928734375 0.5233279359375 0.761759465625 0.5135185046874999 0.73355724375 0.5139506828125 0.7368015671875 0.5219902890625 0.7346227062499999 0.553202121875 0.7322457546875001 0.5615252749999999
0 0.43984375 0.534375 0.05234375 0.10078125
0 0.49375 0.5375 0.05390625 0.103125
0 0.7678360171875 0.5168003703124999 0.7803015156249999 0.518047503125 0.7797475015625001 0.568971875 0.7675590109375 0.564606925 0.7664509609375 0.5781174796874999 0.7598026921875001 0.5737525375 0.7586946640625001 0.588094490625 0.8116037765625 0.5889259124999999 0.810495728125 0.5764546375 0.819360075 0.5758310828125001 0.8210221578124999 0.570219 0.8329336218750001 0.569387578125 0.8343186765624999 0.5176317921875 0.821853178125 0.514721825 0.8221301859375 0.506199790625 0.812434796875 0.5022505546875 0.8135428453125 0.48874000625 0.7602446125 0.48862478749999994 0.7600797203125 0.50474480625 0.7681130234375 0.503705534375 0.7678360171875 0.5168003703124999
0 0.8213154921875001 0.5132640687500001 0.8343350046875001 0.516797590625 0.83294995 0.5677219625000001 0.8207614578125 0.5710476421874999 0.8215925000000001 0.576036146875 0.81023505 0.576867584375 0.81023505 0.5889231328125 0.8614820999999999 0.5893388515625 0.8628671546875 0.5776989890625 0.8733935640625001 0.5762440062499999 0.8728395499999999 0.5695926734375 0.888075159375 0.5687612359374999 0.8902912562499999 0.5180447234375001 0.8758866671875 0.5151347562499999 0.875055646875 0.5032870468749999 0.8659142734374999 0.5010006453125 0.8659142734374999 0.48956864375000003 0.8138361812499999 0.48811366093749997 0.812728153125 0.501832071875 0.8221465125 0.5059891624999999 0.8213154921875001 0.5132640687500001
0 0.8742246046875 0.5030791921875 0.875332653125 0.5149269046875 0.8908452703125 0.519083996875 0.8886291734375 0.56938480625 0.8742246046875 0.5704240796875 0.875332653125 0.5776989890625 0.8631441625 0.576036146875 0.8623131203125001 0.5889231328125 0.9146682187499999 0.5899624046875 0.9149452265625 0.5781146921875 0.9271337187500001 0.576867584375 0.927410725 0.57000836875 0.9423693265624999 0.57000836875 0.9451394390625 0.516174028125 0.9279647593749999 0.5140954828125001 0.9296268218750001 0.5070284359375 0.9168843156250001 0.5045341718749999 0.9174383296874999 0.4899843546875 0.8655263015625 0.48914426874999994 0.865637265625 0.49102362812499994 0.8653602593749999 0.5010006453125 0.8742246046875 0.5030791921875
4 0.090625 0.39765625 0.02109375 0.03203125
4 0.11484375 0.3984375 0.02109375 0.03203125
4 0.140625 0.3984375 0.02265625 0.03203125
4 0.16484375 0.3984375 0.021875 0.03125
4 0.18984375 0.40078125 0.02109375 0.03203125
4 0.2171875 0.40078125 0.02421875 0.03203125
4 0.24375 0.4 0.0234375 0.03125
4 0.27109375 0.40078125 0.0234375 0.03125
4 0.29609375 0.40078125 0.021875 0.03203125
4 0.3234375 0.4015625 0.0234375 0.0328125
4 0.3484375 0.4015625 0.02109375 0.03203125
4 0.37265625 0.40234375 0.01953125 0.03203125
4 0.39921875 0.4046875 0.02421875 0.034375
4 0.42421875 0.4046875 0.0203125 0.03203125
4 0.45 0.403125 0.0234375 0.0328125
4 0.4765625 0.4046875 0.01953125 0.0296875
4 0.4984375 0.4046875 0.02109375 0.0328125
4 0.5234375 0.4046875 0.021875 0.03203125
4 0.54765625 0.4046875 0.02109375 0.0328125
4 0.5734375 0.403125 0.01953125 0.03046875
4 0.596875 0.40390625 0.0203125 0.03125
4 0.03984375 0.52890625 0.01953125 0.03046875
4 0.06796875 0.528125 0.02265625 0.03203125
4 0.09453125 0.5296875 0.02265625 0.0328125
4 0.12421875 0.52890625 0.02265625 0.034375
4 0.16796875 0.53125 0.01953125 0.03203125
4 0.19296875 0.53046875 0.021875 0.03125
4 0.29609375 0.53203125 0.0203125 0.03125
4 0.321875 0.53203125 0.0203125 0.0328125
4 0.34375 0.5328125 0.021875 0.03359375
4 0.01640625 0.70625 0.0234375 0.034375
4 0.04140625 0.70546875 0.0203125 0.0328125
4 0.065625 0.70546875 0.02109375 0.03359375
4 0.09296875 0.7046875 0.021875 0.0328125
4 0.115625 0.7046875 0.01953125 0.0328125
4 0.13984375 0.70390625 0.0203125 0.03125
4 0.16015625 0.7046875 0.0109375 0.028125
4 0.17890625 0.70859375 0.02890625 0.03671875
4 0.278125 0.7109375 0.02265625 0.034375
4 0.30078125 0.71015625 0.02265625 0.034375
4 0.40234375 0.70703125 0.021875 0.03671875
4 0.4265625 0.70625 0.0203125 0.0359375
4 0.45234375 0.7078125 0.02265625 0.0390625
4 0.4765625 0.7078125 0.02421875 0.0390625
4 0.5015625 0.7078125 0.021875 0.0390625
4 0.6 0.70703125 0.02265625 0.0390625
4 0.625 0.70625 0.021875 0.03828125
4 0.64921875 0.70703125 0.02265625 0.0390625
4 0.796875 0.709375 0.0265625 0.03671875
4 0.8234375 0.70859375 0.021875 0.03671875
4 0.846875 0.71015625 0.0203125 0.03671875
4 0.915625 0.71015625 0.0328125 0.0375
4 0.94921875 0.7125 0.02734375 0.040625
4 0.040625 0.8875 0.02109375 0.03203125
4 0.06484375 0.8875 0.02265625 0.03359375
4 0.08984375 0.88828125 0.021875 0.0328125
4 0.11484375 0.8875 0.021875 0.0328125
4 0.13828125 0.8890625 0.02109375 0.0328125
4 0.16328125 0.88671875 0.021875 0.0328125
4 0.1875 0.8875 0.02109375 0.03359375
4 0.2140625 0.88671875 0.02109375 0.0328125
4 0.23828125 0.88671875 0.0203125 0.03359375
4 0.26328125 0.88671875 0.02109375 0.0328125
4 0.2875 0.8859375 0.0234375 0.0328125
4 0.3109375 0.8859375 0.0203125 0.03125
4 0.33671875 0.88515625 0.02109375 0.0328125
4 0.3625 0.88515625 0.021875 0.034375
4 0.4359375 0.8859375 0.021875 0.0359375
4 0.46015625 0.88515625 0.01953125 0.03515625
4 0.48515625 0.8859375 0.02109375 0.0359375
4 0.50859375 0.88515625 0.0203125 0.0359375
4 0.55859375 0.88515625 0.021875 0.03515625
4 0.58359375 0.88515625 0.02109375 0.034375
4 0.60859375 0.884375 0.021875 0.0359375
4 0.63203125 0.88515625 0.02109375 0.0359375
4 0.68125 0.8859375 0.021875 0.03515625
4 0.7046875 0.8859375 0.02421875 0.03671875
4 0.73125 0.8859375 0.01953125 0.03515625
4 0.75625 0.8875 0.021875 0.034375
4 0.7796875 0.8875 0.0234375 0.034375
4 0.80625 0.8875 0.021875 0.034375
4 0.82890625 0.8875 0.0234375 0.034375
4 0.85390625 0.8875 0.021875 0.0375
4 0.878125 0.88828125 0.02109375 0.034375
4 0.9015625 0.8890625 0.01953125 0.0328125
4 0.92734375 0.88828125 0.0234375 0.03671875
0 0.5359375 0.5359375 0.02578125 0.09609375
0 0.5625 0.53671875 0.03046875 0.09375
0 0.59140625 0.5390625 0.03046875 0.09296875
0 0.621875 0.53828125 0.03125 0.09140625
0 0.653125 0.53515625 0.0296875 0.0875
0 0.68046875 0.5359375 0.025 0.09296875
0 0.71015625 0.53671875 0.0328125 0.0921875
0 0.6211224921875 0.4489941359375 0.6499211359375 0.44824116406250003 0.65059083125 0.4387035328125 0.6552789984375 0.4356916453125 0.6572882046874999 0.383736609375 0.6522651890625 0.37319500781250003 0.6455678140625001 0.3644103359375 0.6233727796874999 0.3654615046875 0.6298290734374999 0.3849915546875 0.6278198671874999 0.43544064843749997 0.6204527359374999 0.43343273125000004 0.6211224921875 0.4489941359375
0 0.683073040625 0.380473725 0.6767105124999999 0.3679242078125 0.6499211359375 0.367422221875 0.6589625640625 0.38448958125 0.6566184500000001 0.43468767656249996 0.648581625 0.438452534375 0.6509257390625 0.4484921625 0.6776082203125 0.44794457187500003 0.67871971875 0.43744858750000004 0.68407764375 0.43544064843749997 0.686421696875 0.3842385828125 0.683073040625 0.380473725
0 0.7098624171875 0.38298363750000003 0.7098624171875 0.37369698125 0.7028301953125 0.367422221875 0.6770454203125 0.36666925156249996 0.684412490625 0.3754539234375 0.683742734375 0.38323463593749996 0.683742734375 0.434938675 0.6813986812499999 0.4467352203125 0.7082412015624999 0.44606139687499996 0.7128762265625 0.445731275 0.7138808296875 0.3842385828125 0.7098624171875 0.38298363750000003
0 0.7165597906250001 0.3849915546875 0.711201928125 0.4454802765625 0.7339728921875001 0.4447273046875 0.7343078015625 0.43594264374999997 0.7410051140625 0.43594264374999997 0.7446886796875 0.3849915546875 0.7379913046875 0.382732640625 0.7373216109375 0.37495195 0.729284784375 0.36692023749999997 0.7082412015624999 0.36583813906249996 0.7108670203125 0.37495195 0.70952756875 0.38172869375 0.7165597906250001 0.3849915546875
0 0.773152415625 0.4387035328125 0.76612019375 0.4351896734375 0.76612019375 0.45627287499999997 0.7962582874999999 0.45752782031250006 0.79558859375 0.436946590625 0.8022859062500001 0.4351896734375 0.80630431875 0.385995525 0.7986024031250001 0.38172869375 0.79960700625 0.37495195 0.78889121875 0.3639083515625 0.760970103125 0.3639549640625 0.77013860625 0.37495195 0.7718129640625 0.3890074109375 0.7744919265625 0.4136044734375 0.773152415625 0.4387035328125
0 0.83577271875 0.386246521875 0.8274009859375001 0.38323463593749996 0.8277358937500001 0.372944009375 0.8193641609375 0.3644103359375 0.789895821875 0.364912321875 0.797932646875 0.375202925 0.79826749375 0.38323463593749996 0.805634625 0.3854935515625 0.8022859062500001 0.436946590625 0.795253684375 0.4387035328125 0.79692804375 0.45602187812499995 0.8252491453124999 0.45585390625000005 0.8257266874999999 0.4387035328125 0.832758909375 0.43769956250000003 0.83577271875 0.386246521875
0 0.8649062109375001 0.3847405796875 0.8578739890625 0.37997175156249996 0.8582088359375 0.37319500781250003 0.8474930484375 0.3636573640625 0.8183595562500001 0.3644103359375 0.8284055890625 0.37369698125 0.8297451 0.38197966875 0.8361075671875 0.386246521875 0.8344332078125 0.43719758906250006 0.8243871765625 0.43744858750000004 0.8240523281250001 0.44824116406250003 0.857388665625 0.446814665625 0.8555298734375001 0.43920550625 0.8639016078124999 0.43769956250000003 0.8649062109375001 0.3847405796875
5 0.07421875 0.16953125 0.134375 0.0765625
5 0.703125 0.1703125 0.125 0.0625