4 0.0296875 0.0671875 0.02265625 0.03125
4 0.05625 0.06796875 0.0203125 0.03203125
4 0.0828125 0.06796875 0.02109375 0.03359375
4 0.10859375 0.0671875 0.01953125 0.03125
4 0.1328125 0.0671875 0.01875 0.0296875
4 0.15625 0.06875 0.01953125 0.03203125
4 0.17890625 0.06875 0.01796875 0.02734375
4 0.1953125 0.05 0.0265625 0.04609375
4 0.296875 0.053125 0.021875 0.04609375
4 0.321875 0.05234375 0.02890625 0.0453125
4 0.425 0.0546875 0.0203125 0.04453125
4 0.45 0.0546875 0.02109375 0.04453125
4 0.475 0.0546875 0.02265625 0.04609375
4 0.49921875 0.05390625 0.021875 0.0453125
4 0.52421875 0.0546875 0.01953125 0.046875
4 0.62421875 0.053125 0.02265625 0.03984375
4 0.64921875 0.0546875 0.01875 0.0421875
4 0.675 0.05546875 0.021875 0.04296875
4 0.82265625 0.05625 0.025 0.04375
4 0.8484375 0.0546875 0.021875 0.04609375
4 0.87265625 0.0546875 0.0203125 0.0453125
4 0.940625 0.0578125 0.02734375 0.04296875
4 0.97265625 0.05625 0.0234375 0.04296875
4 0.0734375 0.24453125 0.0203125 0.0375
4 0.0953125 0.2453125 0.02265625 0.03828125
4 0.1203125 0.24375 0.021875 0.03671875
4 0.1453125 0.2453125 0.02265625 0.0390625
4 0.1703125 0.2453125 0.0234375 0.0390625
4 0.19375 0.24453125 0.02265625 0.03984375
4 0.21796875 0.24609375 0.02109375 0.0375
4 0.2421875 0.246875 0.025 0.040625
4 0.26953125 0.246875 0.021875 0.03984375
4 0.29296875 0.2453125 0.02265625 0.0390625
4 0.3171875 0.24609375 0.0234375 0.03984375
4 0.34140625 0.24609375 0.02109375 0.04140625
4 0.3640625 0.246875 0.02421875 0.04140625
4 0.3890625 0.2484375 0.021875 0.04296875
4 0.4625 0.24765625 0.02421875 0.04140625
4 0.4859375 0.246875 0.02421875 0.040625
4 0.51015625 0.2484375 0.02109375 0.04140625
4 0.53203125 0.24921875 0.02265625 0.0453125
4 0.5796875 0.25078125 0.0234375 0.0421875
4 0.6046875 0.24921875 0.0203125 0.0421875
4 0.62890625 0.24921875 0.021875 0.040625
4 0.6515625 0.2484375 0.0203125 0.03984375
4 0.69609375 0.2484375 0.02578125 0.04140625
4 0.72109375 0.25 0.01875 0.04296875
4 0.74453125 0.24921875 0.0234375 0.040625
4 0.77109375 0.246875 0.0234375 0.04140625
4 0.79453125 0.246875 0.01953125 0.040625
4 0.8171875 0.246875 0.0234375 0.0375
4 0.840625 0.246875 0.01953125 0.03984375
4 0.86484375 0.2484375 0.021875 0.040625
4 0.88984375 0.24765625 0.01953125 0.0375
4 0.9109375 0.24921875 0.0203125 0.04140625
4 0.93515625 0.246875 0.021875 0.03828125
1 0.8515625 0.71875 0.10078125 0.04609375
2 0.38671875 0.7171875 0.04921875 0.08203125
3 0.42265625 0.72265625 0.0234375 0.04453125
3 0.446875 0.72265625 0.025 0.0453125
3 0.1953125 0.57734375 0.03046875 0.04609375
3 0.22265625 0.57734375 0.025 0.046875
3 0.24765625 0.57734375 0.02578125 0.04609375
3 0.27421875 0.57734375 0.0265625 0.046875
3 0.29921875 0.5765625 0.0265625 0.046875
3 0.33828125 0.57578125 0.05078125 0.046875
3 0.4484375 0.57421875 0.04921875 0.046875
3 0.48515625 0.57421875 0.02421875 0.04609375
3 0.51015625 0.5734375 0.0234375 0.04375
3 0.53515625 0.57421875 0.02421875 0.04609375
3 0.5609375 0.57421875 0.0234375 0.04765625
3 0.5859375 0.5734375 0.0234375 0.046875
3 0.73203125 0.571875 0.05078125 0.04453125
3 0.77109375 0.5734375 0.025 0.046875
3 0.79609375 0.571875 0.02421875 0.04453125
3 0.821875 0.5734375 0.02265625 0.046875
3 0.846875 0.57265625 0.02421875 0.04609375
3 0.87265625 0.57265625 0.025 0.0453125
3 0.89765625 0.57265625 0.0234375 0.0453125