8 0.27421875 0.04921875 0.18203125 0.07578125
8 0.62734375 0.04140625 0.5015625 0.07109375
2 0.6 0.23515625 0.05078125 0.17734375
6 0.12346408281250001 0.2230757078125 0.12295179375000001 0.23833744375000002 0.1301237703125 0.285261575 0.140369440625 0.29141183593750003 0.14207705312500002 0.3280855484375 0.1673496984375 0.32922448437499996 0.16632513437500002 0.29186740312500004 0.1559087046875 0.285489375 0.1514689171875 0.1971079875 0.1606900234375 0.19619683593749998 0.160177734375 0.16043427187499998 0.133709753125 0.158839759375 0.13507584687500002 0.1946023296875 0.12465940625000001 0.19483011249999999 0.12346408281250001 0.2230757078125
6 0.1569269328125 0.2855047046875 0.1668119375 0.29104286875 0.167602740625 0.32928259375 0.19409456875 0.3287551578125 0.19271064375 0.29077915 0.18262794375 0.2828674828125 0.1798601546875 0.1982126390625 0.1887566421875 0.20295964375 0.1879658546875 0.160500359375 0.1614489109375 0.1602295640625 0.16206714687499998 0.1947842625 0.15218214375 0.196894028125 0.1569269328125 0.2855047046875
6 0.205976909375 0.2295278 0.20241830312500003 0.2411315734375 0.2093378046875 0.2878104140625 0.21823430937500002 0.291502528125 0.219420521875 0.331060865625 0.2457146234375 0.33079714843749997 0.24512153125 0.292029975 0.238202028125 0.28701926875 0.2322710265625 0.19999090625 0.23938822656249997 0.1947164609375 0.238202028125 0.161751178125 0.21014063906249997 0.161218228125 0.21329180625 0.19761740625 0.20498840937499999 0.19972719375 0.205976909375 0.2295278
6 0.23780661875 0.28596435468750003 0.24492381875000002 0.292821140625 0.245516925 0.3271050328125 0.27042713281249997 0.32789620625000004 0.2700317375 0.2857006578125 0.2609375375 0.28253596875000003 0.2569835359375 0.188387128125 0.266868540625 0.18680479375 0.265682328125 0.1604325671875 0.238811909375 0.15891134375 0.2403767265625 0.19392529218750001 0.2332595265625 0.1986722953125 0.23780661875 0.28596435468750003
6 0.2609375375 0.2817448234375 0.27042713281249997 0.2864918015625 0.2708225421875 0.32736875 0.29474424843749997 0.328159925 0.2963258390625 0.2872829671875 0.28545233593749997 0.2791076015625 0.284068440625 0.18654108125 0.29355805 0.197881125 0.29296494375000004 0.1509385671875 0.2655058515625 0.1506724734375 0.26647313125 0.18654108125 0.257576628125 0.1886508515625 0.2609375375 0.2817448234375
6 0.4403845796875 0.1560825265625 0.41380552968749995 0.153968021875 0.4188352671875 0.32460105 0.44433858125 0.32407359375 0.4403845796875 0.1560825265625
6 0.4672717875 0.15687368906250002 0.4414881359375 0.15594535 0.44414086875000003 0.32486476875000003 0.470039590625 0.3253922046875 0.4672717875 0.15687368906250002
6 0.49336819218750005 0.1560825265625 0.468182078125 0.1549566859375 0.470039590625 0.32407359375 0.4943566921875 0.32407359375 0.49336819218750005 0.1560825265625
6 0.5196623078125 0.155027634375 0.49534519218749995 0.154763915625 0.4939612984375 0.32433731250000003 0.5192669140625 0.3227549828125 0.5196623078125 0.155027634375
6 0.545956425 0.15397274375 0.5205812984375 0.15297935625 0.5194645953125 0.321963828125 0.5443748171875 0.3230187015625 0.545956425 0.15397274375
6 0.54754835625 0.271137925 0.5441874609374999 0.280104484375 0.5439897484375 0.3223000453125 0.569690759375 0.3223000453125 0.5687022578125001 0.281423096875 0.5734470625 0.27562119531249996 0.5750286703125 0.1830546890625 0.57107466875 0.181999796875 0.57206316875 0.14639729375 0.546039409375 0.1453995953125 0.5455713546875 0.18437330000000002 0.548734553125 0.182263525 0.54754835625 0.271137925
6 0.7186773703125 0.18052409687499998 0.7175769437499999 0.2688926359375 0.7103141359375 0.2747642984375 0.7078932 0.312636509375 0.7329829203125 0.3129301109375 0.734083346875 0.27535145625 0.7400256625 0.27065412968749997 0.74266668125 0.2424701625 0.7437671078125 0.2374792234375 0.7464081421875 0.22837815 0.7459679625 0.22103857031250002 0.7442072890625 0.2128182453125 0.744647453125 0.18375350625 0.7365043 0.178762590625 0.7376047265625 0.1455876953125 0.71187433125 0.14498698125 0.7118547265624999 0.1450005265625 0.7111944796875 0.185808590625 0.7186773703125 0.18052409687499998
6 0.744647453125 0.2128182453125 0.7457478796875 0.21868990781250003 0.7475085703125 0.22691023437500002 0.7442072890625 0.23835997031249997 0.7404658265624999 0.26947979375000003 0.734303446875 0.27535145625 0.73320301875 0.312636509375 0.75763249375 0.3120493515625 0.758732921875 0.2732963828125 0.766215828125 0.2718284671875 0.7679765015625 0.24746105625 0.77083761875 0.2371856453125 0.7739188171875 0.22250648593750003 0.7706175359375 0.21634123437500002 0.77127778125 0.182285590625 0.7626944484375 0.180817675 0.7635747937499999 0.14676203906250002 0.738044890625 0.1461748640625 0.7369444640625 0.17788184375 0.7455277984374999 0.183459928125 0.744647453125 0.2128182453125
6 0.7710577 0.21516690781249997 0.7741388984375 0.22426798125 0.7717179625 0.2336626453125 0.76775641875 0.24775463437499998 0.76775641875 0.26947979375000003 0.758732921875 0.2732963828125 0.758292740625 0.3120493515625 0.7827222328125 0.3108750140625 0.783162396875 0.2744706984375 0.7935064203125 0.2718284671875 0.795267109375 0.24364447656250002 0.7972478656249999 0.23659849843749997 0.80010898125 0.232781896875 0.7998888828124999 0.22250648593750003 0.797027765625 0.21340540156249999 0.7974679640625 0.180817675 0.789324778125 0.178762590625 0.7904252046875 0.1455876953125 0.7644284421875 0.14498698125 0.7626944484375 0.179349759375 0.7717179625 0.18140484375000002 0.7710577 0.21516690781249997
6 0.7957072734375 0.2125246546875 0.7985683906250001 0.21634123437500002 0.7998888828124999 0.2236808125 0.80010898125 0.23102039218749998 0.7957072734375 0.2424701625 0.7941666828125 0.26947979375000003 0.7836025609374999 0.27505787812500004 0.7825021343749999 0.3105814359375 0.8075918718749999 0.3094070984375 0.8089123984375 0.272415625 0.8174957140625001 0.268599034375 0.819476503125 0.24746105625 0.8216773578125001 0.23689205468750002 0.824538440625 0.22837815 0.826079065625 0.2160476546875 0.8234380140625 0.20929524375000003 0.8238782109375 0.17905618125 0.81375426875 0.17788184375 0.8152948609375 0.1447069484375 0.7905679218749999 0.1453538515625 0.789985040625 0.178762590625 0.7972478656249999 0.181111253125 0.7957072734375 0.2125246546875
6 0.824329503125 0.2087813671875 0.82609019375 0.21494660937500001 0.8267504562499999 0.2211118515625 0.8256500296875 0.2272771046875 0.821468403125 0.240488346875 0.81948763125 0.26691083125000004 0.8093637062499999 0.27395683125 0.8076030171875 0.30977396874999996 0.8324726734375 0.309480390625 0.8333530187499999 0.2719017359375 0.8432568609375 0.26925950468750004 0.8474384703125001 0.24371775625 0.84787865 0.23549745312499998 0.85184019375 0.2275706828125 0.85184019375 0.22081827187499997 0.8525004578125 0.21524018749999999 0.8491991593750001 0.2096621140625 0.85051966875 0.1767807984375 0.84039574375 0.175019303125 0.8421564343749999 0.14389948125000002 0.8159662687499999 0.14448665 0.813765415625 0.17736796562499998 0.8236692578125 0.1803037984375 0.824329503125 0.2087813671875
6 0.85382095 0.2246348515625 0.8480987328125 0.23461668281249998 0.8439171062499999 0.26808516875 0.8335731 0.2719017359375 0.832252590625 0.3068381375 0.85844275625 0.30625097968750004 0.8621842015625001 0.266030084375 0.8747290624999999 0.258396915625 0.8782504421875 0.24753433593750002 0.8804512953125 0.24019475625000003 0.881551721875 0.2313872609375 0.8793508687499999 0.2161209453125 0.8804512953125 0.16914764531249998 0.86570558125 0.167386134375 0.8670260734375 0.1347984015625 0.8421564343749999 0.1339176546875 0.8419363343749999 0.1776615453125 0.8547013109374999 0.16826688750000002 0.85382095 0.2246348515625
6 0.162550015625 0.5684953687500001 0.171062503125 0.5693470203125 0.1719137546875 0.5980190046875 0.22022213281249997 0.599438409375 0.219158071875 0.5713341796875 0.2112840109375 0.5676437156249999 0.20787901875 0.4890086671875 0.21596588906249997 0.483898809375 0.2157530640625 0.44869755156249996 0.16659345 0.44841368125000003 0.16659345 0.483614921875 0.1580809625 0.4875892609375 0.162550015625 0.5684953687500001
6 0.210645584375 0.5650888046875 0.2185196296875 0.5713341796875 0.219583690625 0.5980190046875 0.26959455625 0.596883475 0.2685304953125 0.5684953687500001 0.2619333203125 0.5659404343750001 0.2576770765625 0.4887247796875 0.26491269375000004 0.4844665640625 0.2640614421875 0.447562028125 0.2157530640625 0.44841368125000003 0.21660431562500002 0.481911640625 0.20894307968749998 0.4898603078125 0.210645584375 0.5650888046875
6 0.2626899078125 0.5647353234375 0.2680102140625 0.567574134375 0.26907427500000003 0.59624611875 0.31929795 0.5953944671875 0.3178082703125 0.5689935390625 0.3112110953125 0.5667224828124999 0.30823172187500003 0.491210109375 0.3139776453125 0.48382920625 0.31227515625 0.44749242499999997 0.2645162640625 0.4474055109375 0.2652436484375 0.4824098 0.259497725 0.48780354531250003 0.2626899078125 0.5647353234375
6 0.3116367140625 0.5647353234375 0.318446696875 0.5667224828124999 0.3195107578125 0.5942589375 0.36739351875000004 0.5922717796875 0.36590384062500003 0.5616126140625 0.3620732140625 0.5641675484374999 0.3571785265625 0.49064235624999997 0.36228600625 0.4835453296875 0.3614347703125 0.44635690156249996 0.3131263921875 0.44635690156249996 0.314190453125 0.4824098 0.30844453125000004 0.4866680171875 0.3116367140625 0.5647353234375
7 0.5439741421875001 0.558341471875 0.5416332125000001 0.556070403125 0.5412075781250001 0.5878650750000001 0.5865365828125 0.5844585109375 0.5869622 0.559193090625 0.5905800171875 0.558341471875 0.591005634375 0.4825452 0.5878134515625 0.4745965328125 0.5869622 0.4399630390625 0.5412180546875 0.441020084375 0.5401435171875 0.47715147187499996 0.5424844484375 0.4805580359375 0.5439741421875001 0.558341471875
7 0.5910668359375 0.4815530984375 0.5912796453125 0.557065459375 0.587236209375 0.5582009875 0.5865977828125 0.5843180390625 0.6327780234375 0.5831825312500001 0.633842084375 0.5576332453124999 0.637672709375 0.5573493468749999 0.63958800625 0.47928205625000003 0.6346933359375 0.473604434375 0.6349061453125 0.438403171875 0.5875123921875 0.43995584687499995 0.587236209375 0.4415258640625 0.5870234 0.47417218906249997 0.5910668359375 0.4815530984375
7 0.638691825 0.55366015 0.633584328125 0.5573506125 0.6331587109375 0.58375155 0.67976456875 0.58204826875 0.6808286296875 0.5550795546875 0.6855105078125 0.5528085093749999 0.6878514375 0.47672838281249996 0.682105515625 0.47048299687500006 0.6829567515625 0.43670115000000004 0.636201265625 0.437827371875 0.63507400625 0.472470165625 0.6395430765625 0.47928331718750006 0.638691825 0.55366015
7 0.68657456875 0.551672990625 0.682105515625 0.5553634421875 0.680190203125 0.5817643921875 0.7265832515625 0.5800610875000001 0.7267960765625 0.55224074375 0.73381886875 0.551672990625 0.7378623046875 0.4733218078125 0.73020106875 0.4684958328125 0.729988259375 0.43357845624999997 0.6838259 0.4360536421875 0.681892690625 0.46963135625 0.6889155 0.4753089765625 0.68657456875 0.551672990625
7 0.7377193531249999 0.47396508125 0.73559123125 0.551180725 0.7281428046875 0.5520323765625 0.7272915515625 0.57956884375 0.77538710625 0.5772977859374999 0.7758127234375001 0.5506129718749999 0.7843252109375001 0.5483419140625 0.7877302187499999 0.4722617890625 0.7783664796875 0.4660164015625 0.778792096875 0.4305312734375 0.731184475 0.43250618281250003 0.730909353125 0.4345056078125 0.730909353125 0.46771969531249996 0.7377193531249999 0.47396508125
7 0.7864533328125 0.4711262703125 0.7841124015625 0.5455031031249999 0.7758127234375001 0.5506129718749999 0.77538710625 0.5764461562500001 0.820290475 0.577013909375 0.82263140625 0.5483419140625 0.8322079562500001 0.5469225093750001 0.8351873296875001 0.4685713359375 0.82561078125 0.46289371562500004 0.82561078125 0.4293957453125 0.77964335 0.43138292500000003 0.7792177312499999 0.43138292500000003 0.7779408453125 0.46346147968749996 0.7864533328125 0.4711262703125
7 0.831995146875 0.54607086875 0.82326985 0.5486258015625001 0.821141728125 0.577013909375 0.8683860453125 0.57275569375 0.8694501062500001 0.5466386546875001 0.8803035078124999 0.5432320578125001 0.88285728125 0.468003571875 0.87328073125 0.46175819218749997 0.87285508125 0.42655693437500003 0.8266998062500001 0.4293134703125 0.8258235890625001 0.46232595 0.8354001390624999 0.46913910000000003 0.831995146875 0.54607086875
7 0.880516334375 0.5375544359375 0.8711526109375001 0.54635475625 0.8677476015625001 0.57275569375 0.9143534593749999 0.5713362875 0.9162687890625 0.5426642937499999 0.927973459375 0.5420965390625 0.9313784359374999 0.4643131203125 0.919673765625 0.45835162656249995 0.919673765625 0.4245697703125 0.8739191421875001 0.4271246984375 0.87370635 0.46062266249999995 0.8832828984375001 0.46771969531249996 0.880516334375 0.5375544359375
1 0.7406033046875 0.7357478625 0.73826290625 0.8093746703125 0.7316317578125 0.7979273890624999 0.7306565890625001 0.8291472375 0.8197869765625001 0.8249845953125 0.8203720828125001 0.8046916859375 0.8297337062500001 0.8041713625 0.8336343796874999 0.7354876906250001 0.8240777265625001 0.72117859375 0.8240777265625001 0.6868367625 0.7332533359375 0.69059889375 0.73319201875 0.691259571875 0.7333870640625 0.725341246875 0.7406033046875 0.7357478625
1 0.8344735046875 0.7314868999999999 0.83174303125 0.800430734375 0.821601284375 0.80381288125 0.8206261171874999 0.8225447828125001 0.90995155 0.8191626453125 0.9119018859375 0.7986095734374999 0.9224336937500001 0.7986095734374999 0.92750458125 0.7281047421875 0.916777728125 0.7163973046875001 0.9163876671875 0.6838766281249999 0.8251118828124999 0.6854376171875 0.8256969890624999 0.6854376171875 0.8251118828124999 0.7189989578125 0.8344735046875 0.7314868999999999