5 0.21171875 0.3234375 0.12421875 0.1
5 0.33046875 0.32265625 0.1140625 0.09765625
5 0.44296875 0.32265625 0.1109375 0.09765625
5 0.553125 0.31875 0.1078125 0.0984375
4 0.11015625 0.91171875 0.021875 0.0609375
4 0.1609375 0.91015625 0.0234375 0.05703125
4 0.234375 0.90390625 0.0203125 0.05390625
4 0.2578125 0.903125 0.0203125 0.05546875
4 0.28203125 0.9015625 0.02109375 0.05703125
4 0.33125 0.89921875 0.02265625 0.0578125
4 0.35546875 0.89765625 0.01796875 0.05625
4 0.446875 0.88828125 0.021875 0.05546875
4 0.47109375 0.8875 0.0203125 0.0546875
4 0.49375 0.88515625 0.01875 0.0546875
4 0.5171875 0.884375 0.01953125 0.05390625
4 0.540625 0.88203125 0.01875 0.0546875
4 0.5625 0.8796875 0.01953125 0.05625
4 0.5859375 0.8765625 0.02109375 0.0546875
4 0.628125 0.87265625 0.02421875 0.05703125
4 0.653125 0.87265625 0.0203125 0.05625
4 0.721875 0.86796875 0.01953125 0.05546875
4 0.74296875 0.865625 0.0203125 0.0546875
4 0.76640625 0.86484375 0.01796875 0.0546875
4 0.78828125 0.86328125 0.01953125 0.05546875
4 0.81015625 0.86015625 0.01875 0.053125
4 0.8328125 0.8578125 0.02109375 0.053125
4 0.87578125 0.85390625 0.01875 0.053125
4 0.89765625 0.853125 0.01875 0.05703125
0 0.36171875 0.63828125 0.053125 0.16328125
0 0.41640625 0.6375 0.0546875 0.165625
0 0.46796875 0.62265625 0.0328125 0.1515625
0 0.515625 0.628125 0.053125 0.165625
0 0.5401965703125 0.5927413609375 0.545363925 0.6015490812500001 0.5470863703125 0.68196726875 0.5427802484375001 0.6865625828125 0.54306731875 0.6930726296875 0.5387611953125 0.6930726296875 0.539048265625 0.7106880531249999 0.5858414703125 0.70800744375 0.5867027046875 0.6907749734374999 0.5910088265625 0.6888602546875 0.5910088265625 0.6850308171874999 0.596176159375 0.6838819890625001 0.5958890890624999 0.6023149562500001 0.588138078125 0.5889119234375 0.5889992890625 0.5785724531249999 0.58383195625 0.5735941718750001 0.5829707234375 0.54678810625 0.5377086281250001 0.54754258125 0.5370387515624999 0.5720623984375 0.541057803125 0.5785724531249999 0.5401965703125 0.5927413609375
0 0.5872768453125 0.5900607671875 0.5947407859375 0.59886845625 0.5987598375000001 0.6804354890625001 0.590721734375 0.6838819890625001 0.5918700375 0.6892431921875 0.5858414703125 0.6900091125000001 0.5861285406250001 0.70839038125 0.6337829578124999 0.706092725 0.632634675 0.6880943937499999 0.6380890796875 0.6865625828125 0.6369407984375 0.6804354890625001 0.6469883953125 0.67852076875 0.646414253125 0.5973366828125 0.6363666343750001 0.586614259375 0.6363666343750001 0.5758918359375 0.6306251390625001 0.565935296875 0.6311993015625 0.5452563265625 0.5832893234375 0.54658550625 0.5841190265625 0.569764734375 0.5872768453125 0.5732112265625 0.5872768453125 0.5900607671875
0 0.6371080359375 0.58623758125 0.6468685828125 0.5981088328124999 0.6480168875000001 0.6804417765624999 0.639117571875 0.680058809375 0.6402658546875 0.686185934375 0.6330889828124999 0.6888665140625 0.633663146875 0.7038013125 0.6798821875 0.702269546875 0.6790209546875 0.6838882484375 0.6870590578125 0.6846541234375 0.686197825 0.6789099671875001 0.69681960625 0.6785270578125 0.6965325359375 0.5923646765624999 0.6841883109375 0.5850887375 0.6859107546875001 0.5743663156250001 0.6784468140625 0.5651756796875 0.67672436875 0.5433478734375 0.6321001453124999 0.54419281875 0.6313665390625001 0.5670903984375 0.6371080359375 0.5747492750000001 0.6371080359375 0.58623758125
0 0.6847624515625 0.585854628125 0.6973937484375 0.5927476140625 0.6991161921875 0.6766123390625001 0.6867719875 0.6789099671875001 0.6859107546875001 0.6850370765625 0.6798821875 0.6850370765625 0.6798821875 0.70112071875 0.7249529265625 0.69805715625 0.7249529265625 0.6823564953125001 0.7341393328125 0.6808246859375 0.7344264046875 0.6743146531249999 0.7473447703125 0.67201698125 0.7470576999999999 0.5889181765625 0.732703959375 0.583556971875 0.7332780999999999 0.56977099375 0.7243787859374999 0.5640268374999999 0.7235175515625001 0.54028431875 0.676963034375 0.54180013125 0.6772985109375 0.567856275 0.68504954375 0.5701539312499999 0.6847624515625 0.585854628125
0 0.7338522625 0.58240815 0.745909396875 0.59006701875 0.7473447703125 0.672399934375 0.7355747078125 0.6735487625000001 0.7355747078125 0.6812076390625 0.72524001875 0.6815905765625 0.7258141593749999 0.69805715625 0.7720332015625 0.695759528125 0.7714590609374999 0.6789099671875001 0.7826549828125 0.6758464187500001 0.7820808203125 0.67163404375 0.7964345609375 0.669719325 0.7964345609375 0.58623758125 0.7803583749999999 0.5801104718750001 0.7803583749999999 0.567856275 0.769162453125 0.5609632828125 0.7700236859375 0.5387525453124999 0.7236204374999999 0.53988598125 0.7240917140625001 0.5632609609375 0.732703959375 0.5709198375 0.7338522625 0.58240815
0 0.780932515625 0.5797275265625 0.7955733281249999 0.5908328953125 0.797869934375 0.669719325 0.7820808203125 0.6727829015625 0.7826549828125 0.6773781999999999 0.77174613125 0.6796758578125 0.772894434375 0.6946106703125 0.8171039390624999 0.6926959515625 0.815668565625 0.6766123390625001 0.8285869328125001 0.673165809375 0.8271515578124999 0.66818754375 0.84495023125 0.6670387437499999 0.8446631390625001 0.583556971875 0.82743865 0.5774298703125 0.8277257421875 0.5647927203124999 0.8145202828125001 0.5594315234375 0.8139461421874999 0.5360719359375 0.7702778421875001 0.53845036875 0.7700236859375 0.5609632828125 0.7800713046875 0.5659415562500001 0.780932515625 0.5797275265625
0 0.828012790625 0.57666399375 0.8446631390625001 0.585471690625 0.8469597468750001 0.66780460625 0.828874025 0.6689534640625 0.8297352578125 0.6743146531249999 0.8159556578125 0.678144090625 0.81624275 0.693078890625 0.8616005375 0.6900153718750001 0.8607393468750001 0.6727829015625 0.874518903125 0.6708681828125 0.874518903125 0.6658898859375 0.89289171875 0.6639751671874999 0.8920304859374999 0.58240815 0.8733706218749999 0.5743663156250001 0.8739447625000001 0.56249505625 0.8595910218749999 0.55713384375 0.8593039734374999 0.5330083890624999 0.814422925 0.53605768125 0.814807375 0.5590485640625 0.828012790625 0.5647927203124999 0.828012790625 0.57666399375
5 0.08984375 0.32734375 0.121875 0.103125