5 0.2421875 0.11640625 0.1140625 0.06171875
5 0.35234375 0.11640625 0.11171875 0.0625
5 0.4640625 0.11640625 0.10703125 0.06015625
5 0.5703125 0.11875 0.1078125 0.05859375
8 0.2296875 0.65390625 0.15234375 0.0421875
8 0.3984375 0.65 0.046875 0.0421875
8 0.5234375 0.64921875 0.0578125 0.04296875
8 0.64889181875 0.667454884375 0.6507266703125001 0.639722846875 0.643125184375 0.625365121875 0.5925552203125 0.6260466234375001 0.592273890625 0.6401162078125 0.594108721875 0.667061528125 0.64889181875 0.667454884375
8 0.69502494375 0.636379265625 0.6871613421875 0.6249717625 0.661373159375 0.6255550671875 0.66697810625 0.6662748 0.6939764796875 0.666078121875 0.69502494375 0.636379265625
8 0.76422464375 0.6654880734375 0.764748875 0.6353958609375 0.7534777453125 0.623791675 0.699480996875 0.62398835625 0.707606734375 0.6350024999999999 0.7047233984375 0.6650947171875 0.76422464375 0.6654880734375
8 0.351000184375 0.7376063453125 0.3494274671875 0.7053506359374999 0.3507380671875 0.694139809375 0.2123386703125 0.6943365 0.2026402359375 0.7100709859375 0.20395083593750002 0.7387864296875 0.351000184375 0.7376063453125
8 0.7809964734375 0.7303358296875 0.7848541359375 0.7025959625 0.762672490625 0.682816228125 0.366218184375 0.690939425 0.3634034171875 0.7093500140625 0.3643678328125 0.73684866875 0.7809964734375 0.7303358296875
2 0.52801089375 0.8369542390625 0.5251324859375 0.8394951921875 0.52496315625 0.844322996875 0.566784809375 0.844322996875 0.5674620859374999 0.8384788078125001 0.5710177703125 0.838605853125 0.5716950453125 0.8022702296875 0.56847799375 0.7894384171875 0.5701711781250001 0.77254108125 0.5278415765625 0.77317631875 0.526487025 0.7894384171875 0.528518853125 0.8020161328125001 0.52801089375 0.8369542390625
6 0.1774973734375 0.9381677406250001 0.1757123109375 0.9421859906250001 0.1773188703125 0.946606065625 0.1778543796875 0.9574553390625 0.184102096875 0.9569195703125001 0.18428061406250001 0.9609378203125001 0.225515540625 0.9600002328125001 0.22569404375 0.9559819828125 0.2201603546875 0.9554462140625001 0.2201603546875 0.9508922 0.216768734375 0.9437932874999999 0.2181967890625 0.92584510625 0.2230164515625 0.9125848781249999 0.2228379484375 0.8967797609374999 0.181246 0.897985240625 0.18106749687499998 0.9144600625000001 0.17624783593749999 0.9245056890625 0.1774973734375 0.9381677406250001
6 0.21597102031249998 0.9430212859375 0.220433675 0.9510577859374999 0.2202551578125 0.9550760359374999 0.225788859375 0.9560136234375 0.2248963296875 0.9598979453125001 0.26613125625 0.9598979453125001 0.265417228125 0.95587969375 0.2618471046875 0.9542723828125 0.2616686015625 0.9463698265625 0.259348015625 0.9420836921875001 0.2609545734375 0.934984784375 0.2607760703125 0.922930034375 0.26434619375 0.9130183484375 0.264524696875 0.8965435203125001 0.22311126718750002 0.8970792890625001 0.22293275 0.9130183484375 0.2184700953125 0.92426945 0.21597102031249998 0.9430212859375
6 0.260653334375 0.922728025 0.2611888578125 0.93424700625 0.25851126562500004 0.941479859375 0.261902884375 0.94616781875 0.2615458640625 0.9531327859375001 0.26565151249999996 0.9555437453125 0.26600851875 0.9598298703125 0.30813599062499997 0.9583565078125 0.3086715015625 0.9551419109375001 0.3038518390625 0.953936434375 0.3040303421875 0.946033878125 0.30099574375000004 0.9432211 0.302423784375 0.9366579609375 0.3020667765625 0.9233977328125 0.3058154046875 0.9124145140625 0.3051013765625 0.896207571875 0.2649471625 0.8963391156249999 0.264401975 0.8956718046875001 0.2642234578125 0.911878753125 0.260653334375 0.922728025
6 0.3027808046875 0.935050659375 0.301174246875 0.942953215625 0.3038518390625 0.944962340625 0.3040303421875 0.9535346203125 0.308492996875 0.9563473828125 0.30706494218749997 0.9587583375 0.34865688906250003 0.9572849765625 0.3479428625 0.9513915453124999 0.3465148203125 0.9512575999999999 0.3431232 0.9233977328125 0.3465148203125 0.9121466328125001 0.34615779999999996 0.8956718046875001 0.30578723124999996 0.8965064921874999 0.3058154046875 0.911878753125 0.302423784375 0.9223262 0.3027808046875 0.935050659375
7 0.49958195625 0.929896390625 0.500295984375 0.931905515625 0.4988679359375 0.9533361828125001 0.5377822906249999 0.9523985953125 0.5404598843749999 0.9475766921875 0.5406383875 0.9187792312499999 0.539031828125 0.90672448125 0.539567353125 0.8914551312500001 0.49994494375 0.8926568140625 0.49922495 0.9072602468750001 0.500295984375 0.9179755843749999 0.49958195625 0.929896390625
7 0.54064401875 0.94821276875 0.536895384375 0.95263284375 0.577773296875 0.9510255531249999 0.5772377859375 0.94714123125 0.580450890625 0.94660546875 0.5811649171875 0.91660253125 0.579558359375 0.90602114375 0.5802723859375 0.8907517875 0.540115503125 0.8919873046875001 0.539037459375 0.9065569046874999 0.541179528125 0.9176740625 0.54064401875 0.94821276875
7 0.5800573671875 0.9456340390625 0.576308740625 0.9473752859375001 0.577379775 0.95099170625 0.6162941296875 0.9508577765625 0.6168296390625 0.9456340390625 0.6203997625000001 0.9450982765625 0.6227203484375 0.91603293125 0.61879321875 0.9037102953125 0.6203997625000001 0.8888427703125 0.5807324046875 0.8904809078125 0.579700353125 0.905183659375 0.581663925 0.9152292828125 0.5800573671875 0.9456340390625
7 0.62250103125 0.9138576234375 0.6205374671875 0.9447981484374999 0.6162533156250001 0.9461375640625 0.6157177921875 0.9498879359375 0.6560602015625 0.94948610625 0.65695273125 0.9447981484374999 0.66052285625 0.9447981484374999 0.6633789515624999 0.9135897390625001 0.6590948 0.9034101703124999 0.660165834375 0.8874711124999999 0.6226883234375 0.8888071343749999 0.6203589640625 0.8882747625 0.619287915625 0.9034101703124999 0.62250103125 0.9138576234375
7 0.6612876109375 0.94352819375 0.6571819765625 0.9445997265624999 0.657538984375 0.9488858562500001 0.6975243734375 0.9475464390624999 0.698059884375 0.943126365625 0.70216553125 0.9423227265625 0.7046646203125 0.9125876640625 0.6998449453125 0.9014705062499999 0.700201965625 0.8859332703125 0.6612966953125 0.8873007390625001 0.659324046875 0.9020062765624999 0.6637867015625 0.9121858390625001 0.6612876109375 0.94352819375
7 0.70230440625 0.9421893750000001 0.6983772765625 0.9432609062499999 0.6976632484375 0.947011278125 0.7360420796875 0.9458057999999999 0.735863575 0.9421893750000001 0.7419327890625 0.9420554296875 0.7455029125 0.9314740406249999 0.74461038125 0.9100433718750001 0.7394337 0.9016050421875 0.7403262296875 0.8848623359375001 0.7001282375 0.8857943421875 0.6994483109375 0.8999977484375 0.7044464890625 0.9117846125 0.70230440625 0.9421893750000001
7 0.74585991875 0.92892915625 0.74157576875 0.9417875453125 0.735863575 0.942457253125 0.73675610625 0.9462076203124999 0.774063903125 0.945403971875 0.774063903125 0.9409839078125 0.781025646875 0.939376596875 0.78423875 0.9279915531249999 0.7849527765625 0.910445196875 0.7785265578125 0.89879226875 0.7794190890625 0.8837908000000001 0.74052196875 0.8851248328124999 0.7401477265625 0.9002656281249999 0.7451458921875 0.9105791359375001 0.74585991875 0.92892915625
7 0.7845957703125 0.9229017703125001 0.780133115625 0.9397784203124999 0.774063903125 0.9413857218749999 0.7738853984375 0.9455379109375001 0.8133352640625 0.943796675 0.8129782562500001 0.93924265625 0.821546559375 0.9387068875000001 0.8229745875000001 0.9300006796875 0.8263662203125 0.9243751281250001 0.8227960968750001 0.9200889984374999 0.8247596484375 0.9074984781250001 0.8179764359374999 0.8977207343750001 0.8186904500000001 0.8819156171874999 0.7800230203125 0.88412056875 0.7790620671874999 0.89879226875 0.784417253125 0.90964154375 0.7845957703125 0.9229017703125001
0 0.3875 0.30625 0.04765625 0.09453125
0 0.4359375 0.30546875 0.046875 0.09296875
0 0.528125 0.30625 0.05 0.09140625
0 0.5517134640625 0.273116396875 0.55147724375 0.2787884109375 0.5550206140625 0.2805609171875 0.5543119328125 0.324873565625 0.5502961203125001 0.3289503359375 0.5507685625 0.33586310468749997 0.5476976515625 0.3381673609375 0.5479338734375 0.3505749109375 0.591635440625 0.3516384125 0.5925803421875 0.3388763796875 0.596359934375 0.3362176203125 0.5973048359375001 0.329127596875 0.601084428125 0.326646071875 0.601084428125 0.282156171875 0.5982497390625 0.2805609171875 0.5989584015625 0.27417989375 0.5949425890625 0.2725846390625 0.5949425890625 0.2605315953125 0.5535072703125 0.26008226562500003 0.549114996875 0.2605315953125 0.5479338734375 0.27045763749999996 0.5517134640625 0.273116396875
0 0.5989106671875 0.277283228125 0.6024540375 0.2797647390625 0.6017453749999999 0.325318140625 0.5972571015625 0.3272679015625 0.59772954375 0.33488969062499996 0.59371373125 0.337725690625 0.59300505 0.35031048125 0.6374152984375 0.3508422375 0.637179078125 0.3391436875 0.64213979375 0.3354214265625 0.642612234375 0.3290404078125 0.6489903124999999 0.3254953953125 0.65040765625 0.2799419875 0.64497448125 0.277814978125 0.6452107203125 0.2728519625 0.64095866875 0.271965709375 0.642848475 0.2604444203125 0.5954441140625 0.2603037640625 0.5944224124999999 0.2703704546875 0.5989106671875 0.273738215625 0.5989106671875 0.277283228125
0 0.6451032890625 0.2776356203125 0.6500640046874999 0.28011713125000004 0.647937978125 0.3249615375 0.6436859453125 0.3274430421875 0.6422686 0.3357738359375 0.638488990625 0.3377235765625 0.63754410625 0.35084013125 0.6819543375 0.35084013125 0.6819543375 0.3368373234375 0.688096175 0.335242071875 0.6883324140625 0.3286838125 0.6954191546875 0.32655678906249996 0.6980176234375 0.279585378125 0.6904584218750001 0.2781673734375 0.69211200625 0.27320435781249996 0.6862063890625001 0.2716091 0.6873875125 0.2604423125 0.6435828859375 0.26008226562500003 0.6408512375 0.270191096875 0.64486706875 0.2726726109375 0.6451032890625 0.2776356203125
0 0.6917098328125 0.277988021875 0.6983241312499999 0.27940602187499997 0.69619810625 0.32549118125 0.6881664625 0.32850444375 0.6876940203124999 0.3354172125 0.6827333062500001 0.3364807203125 0.681788403125 0.3499517703125 0.7264348734375 0.35083802343750004 0.7273797578125001 0.33754423437500003 0.733757834375 0.3355944671875 0.7344664984375 0.3274409359375 0.7429706015625 0.32495943125000004 0.746513971875 0.279760528125 0.737064984375 0.2781652671875 0.7375374265625 0.2735567578125 0.7316318093749999 0.2714297421875 0.7316318093749999 0.2602629546875 0.687587040625 0.26008226562500003 0.6853317734375 0.27089799062500003 0.69218229375 0.2723159953125 0.6917098328125 0.277988021875
0 0.73760045625 0.2768376 0.745868321875 0.2793191140625 0.74279739375 0.3236317625 0.733820865625 0.32629052187499996 0.733820865625 0.33462129531249996 0.7269703453125 0.33603930625 0.7264978859375 0.34986485312500004 0.770908134375 0.350396609375 0.7718530375 0.33603930625 0.7791759984375 0.33426680000000003 0.7801209015625 0.32735403750000003 0.7895698890625 0.3252270140625 0.7933494796875 0.2784328609375 0.783664271875 0.27736934999999996 0.7846091734375 0.27205183125 0.7770499734375 0.270633828125 0.778231096875 0.2601760421875 0.73216728125 0.2592897890625 0.73145861875 0.270279325 0.738545359375 0.2731153421875 0.73760045625 0.2768376
0 0.78332061875 0.2771049296875 0.7941869500000001 0.27887743593750003 0.7906435796875 0.3254943421875 0.780249690625 0.32602610625 0.780249690625 0.3340023828125 0.7719818265625 0.335597628125 0.770800703125 0.349600421875 0.8152109515625 0.3492459265625 0.8163920750000001 0.3354203734375 0.8256048421875001 0.33417961875 0.826077284375 0.32691235937499996 0.8374160765625 0.32354458125 0.840723225 0.2785229265625 0.8305655562500001 0.276927671875 0.8308017765625 0.27161015312500003 0.8222976921875 0.2703694015625 0.8234788156249999 0.2593798625 0.77930480625 0.2593798625 0.7776512234374999 0.269837646875 0.7840293 0.27249640625 0.78332061875 0.2771049296875
0 0.8303293359374999 0.2758641671875 0.8421405703125 0.27887743593750003 0.83788851875 0.3228355828125 0.8279670890625 0.3253170875 0.8258410625 0.33311613125 0.8163920750000001 0.335597628125 0.8147385093749999 0.3492459265625 0.8586762984374999 0.3492459265625 0.8608023234375001 0.33453412031249996 0.8690701875 0.33417961875 0.8709599750000001 0.32638059531249997 0.882771209375 0.323899084375 0.8879681625 0.2771049296875 0.8752120265625001 0.276395921875 0.8749758046875 0.27161015312500003 0.8664717015625 0.26966039999999997 0.8676528250000001 0.2586708609375 0.8246599390625 0.2597343640625 0.8222976921875 0.268774146875 0.8303293359374999 0.2717874125 0.8303293359374999 0.2758641671875
4 0.165625 0.425 0.0265625 0.0296875
4 0.209375 0.42578125 0.021875 0.0296875
4 0.2734375 0.425 0.0203125 0.0296875
4 0.29453125 0.42578125 0.01953125 0.0296875
4 0.31640625 0.425 0.02109375 0.03046875
4 0.35859375 0.4265625 0.01875 0.0296875
4 0.38046875 0.425 0.01953125 0.02890625
4 0.4609375 0.4265625 0.01796875 0.03046875
4 0.48125 0.42578125 0.01640625 0.03046875
4 0.50234375 0.425 0.0171875 0.028125
4 0.52265625 0.42421875 0.0171875 0.0265625
4 0.54375 0.42578125 0.0171875 0.02890625
4 0.56328125 0.42421875 0.0171875 0.02890625
4 0.584375 0.4234375 0.01875 0.02890625
4 0.62421875 0.42421875 0.01796875 0.0296875
4 0.64609375 0.4234375 0.01953125 0.0296875
4 0.70546875 0.42421875 0.0203125 0.03125
4 0.72734375 0.4234375 0.01953125 0.0296875
4 0.74765625 0.42265625 0.01875 0.0296875
4 0.76953125 0.421875 0.01875 0.028125
4 0.7890625 0.42109375 0.01875 0.02890625
4 0.81015625 0.42265625 0.02109375 0.0296875
4 0.84921875 0.421875 0.0203125 0.02890625
4 0.87109375 0.42109375 0.0203125 0.0296875
4 0.14296875 0.565625 0.0171875 0.0265625
4 0.16171875 0.565625 0.01796875 0.02734375
4 0.18203125 0.565625 0.0203125 0.02734375
4 0.20234375 0.565625 0.01796875 0.02734375
4 0.2453125 0.565625 0.01875 0.0265625
4 0.3078125 0.565625 0.01875 0.0265625
4 0.328125 0.565625 0.0171875 0.0265625
4 0.34921875 0.56484375 0.01640625 0.025
4 0.36953125 0.56484375 0.01796875 0.0265625
4 0.38984375 0.5640625 0.0171875 0.0265625
4 0.4109375 0.5640625 0.01640625 0.02578125
4 0.43046875 0.56328125 0.01640625 0.02578125
4 0.45078125 0.56328125 0.015625 0.02734375
4 0.4703125 0.5625 0.015625 0.0265625
4 0.490625 0.5625 0.0171875 0.02578125
4 0.509375 0.5625 0.01640625 0.02734375
4 0.53046875 0.5625 0.015625 0.0265625
4 0.55 0.56171875 0.0171875 0.02734375
4 0.5703125 0.56171875 0.01640625 0.02734375
4 0.58984375 0.56171875 0.01640625 0.02734375
4 0.61015625 0.5609375 0.01640625 0.025
4 0.63046875 0.56015625 0.0171875 0.0265625
4 0.64921875 0.56171875 0.015625 0.028125
4 0.6703125 0.5609375 0.0171875 0.02578125
4 0.6890625 0.56015625 0.0171875 0.02734375
4 0.76875 0.559375 0.01796875 0.028125
4 0.7890625 0.559375 0.015625 0.02734375
4 0.8078125 0.5578125 0.01796875 0.0265625
4 0.82734375 0.5578125 0.01796875 0.02734375
4 0.8484375 0.5578125 0.01796875 0.028125
6 0.1557452953125 0.8181029687500001 0.1549925203125 0.8253048312500001 0.15367513593749998 0.829682415625 0.1580036625 0.8422503640624999 0.1625203828125 0.8443685562500001 0.163649559375 0.852841325 0.1860449515625 0.8521352625 0.1862331453125 0.844650978125 0.18115182968750002 0.8419679328124999 0.180210846875 0.83476608125 0.1773879 0.8312357609375001 0.1771997046875 0.8281290875 0.178517090625 0.8206447984375 0.1773879 0.808641709375 0.1830337953125 0.7986155968750001 0.183598390625 0.7812464203125 0.1613911921875 0.7811052093749999 0.1612029984375 0.7980507484375 0.15480431249999999 0.80722958125 0.1557452953125 0.8181029687500001
6 0.17832888125 0.8213508624999999 0.17682331874999999 0.8298236328125 0.180210846875 0.8350485078125001 0.18115182968750002 0.8425327859375 0.18548035624999998 0.8456394640625 0.1860449515625 0.852276471875 0.20674657343749997 0.8515704078124999 0.20561738125 0.8385788218749999 0.2016652578125 0.8404145937499999 0.200724275 0.8099126218749999 0.20580559062499998 0.799745303125 0.206181978125 0.7818112734375 0.1838044421875 0.7812394859375 0.183410196875 0.7990392390625 0.178705284375 0.80680594375 0.17832888125 0.8213508624999999
6 0.2261409640625 0.799919878125 0.2225652265625 0.8098047749999999 0.22218884062500002 0.8253381859375001 0.2210596640625 0.830280634375 0.22369441874999998 0.834658240625 0.2248235953125 0.8455316171874999 0.2282111234375 0.8456728281249999 0.22896391249999998 0.8518861937500001 0.25023012968749997 0.8506152765625 0.247595375 0.8352230828125 0.24477242656249998 0.832963675 0.24439603906250001 0.8263266703125 0.2428904609375 0.8235024140625 0.2451488140625 0.8188423921875 0.24420783125 0.8100871968750001 0.2483481640625 0.7978016890624999 0.24740718125 0.7829743375 0.22632915781250001 0.7836804015625 0.2261409640625 0.7836804015625 0.227081946875 0.7838216140625 0.2261409640625 0.799919878125
6 0.24401963750000003 0.8079690046874999 0.24496062031250002 0.8154532874999999 0.24364325 0.8215254375000001 0.24439603906250001 0.8253381859375001 0.24420783125 0.8307042718750001 0.247595375 0.8342345921875 0.25098291875 0.8503328546875 0.27074355625 0.8497680015625001 0.27206092656249997 0.845107975 0.2666032234375 0.8445431375 0.2643448703125 0.8393182515625 0.2666032234375 0.8312691187500001 0.2662268359375 0.808392646875 0.2713081375 0.7951186406249999 0.27111994375 0.7814209953125 0.25098291875 0.781703421875 0.2507947109375 0.781138571875 0.24947734062500002 0.798507753125 0.24401963750000003 0.8079690046874999
6 0.26641502968749997 0.8322576093749999 0.26396846875 0.837341275 0.265850434375 0.8438370734375 0.2718727328125 0.84539040625 0.27074355625 0.8507564875 0.2935153359375 0.850474065625 0.2921979515625 0.8420012968749999 0.2888104234375 0.8424249453125 0.2876812453125 0.8089574953125 0.294268125 0.7948362125 0.2935153359375 0.7777494625 0.27149633125 0.7773258249999999 0.2718727328125 0.79427136875 0.2660386421875 0.80740415625 0.26641502968749997 0.8322576093749999
6 0.40703125 0.8109375 0.02265625 0.07109375
6 0.42890625 0.81171875 0.02109375 0.0703125
6 0.4515625 0.81171875 0.02109375 0.0703125
6 0.47265625 0.81015625 0.0203125 0.06953125
6 0.49453125 0.8109375 0.021875 0.0703125
6 0.51640625 0.80859375 0.02109375 0.0734375
6 0.6465946578125 0.8090336609375001 0.6481002359375 0.8165179453125001 0.6456536749999999 0.8278149656249999 0.6428307265625001 0.8258380000000001 0.64151335625 0.839394421875 0.6631559593749999 0.8396768437500001 0.6631559593749999 0.8333222671874999 0.6684254546874999 0.8223076796875001 0.66917824375 0.7974542140625 0.6654143125 0.7875693171875 0.6652261187499999 0.7710474171875 0.6456536749999999 0.7710474171875 0.6428307265625001 0.787145675 0.647723834375 0.796183296875 0.6465946578125 0.8090336609375001
6 0.6693664375 0.8110106531250001 0.6678608734375 0.8211779671875 0.6624031703125 0.8327574140625 0.66127399375 0.8396768437500001 0.6834811796875 0.8396768437500001 0.6831047921875 0.8320513500000001 0.6872451093749999 0.8223076796875001 0.6911972484375 0.82089555 0.690820846875 0.796606934375 0.6855513531249999 0.787286890625 0.687056915625 0.7711886265625 0.6661671015625 0.7703413515624999 0.6646615234375 0.786863253125 0.66899005 0.7960420859374999 0.6693664375 0.8110106531250001
6 0.6915736359375 0.8186361375000001 0.6879978984374999 0.82188403125 0.682163809375 0.8307804421875 0.682352003125 0.8395356328125001 0.702300834375 0.8389707796874999 0.7055001843750001 0.8285210296875001 0.7105814859375 0.8220252421875 0.7137808359375 0.8175064296875 0.7115224687499999 0.8134112625000001 0.7122752578125 0.7970305718749999 0.7070057484375 0.7875693171875 0.7083231328124999 0.7707649890625 0.6870785234375 0.7706516718749999 0.6864923359375 0.786863253125 0.691009040625 0.79674815 0.6915736359375 0.8186361375000001
6 0.7135926265625 0.8131288453125001 0.7118988703125 0.8193422015625 0.70361821875 0.8299331578125001 0.70361821875 0.8385471484375 0.7239434515625 0.8372762296875 0.7269545796875 0.8237198078124999 0.7303421234374999 0.82188403125 0.73467065 0.8173652312499999 0.7329768921875 0.81214034375 0.73467065 0.7959008703125 0.728648365625 0.7865808265625 0.7303421234374999 0.7699177171875 0.7087247203125 0.7699458171875 0.7075703437499999 0.7855923359375 0.7126516453125 0.79561844375 0.7135926265625 0.8131288453125001
6 0.73467065 0.8090336609375001 0.7344824421875 0.8172240093750001 0.729024753125 0.82188403125 0.7254490296875 0.8279561859375001 0.724884434375 0.8378410828125 0.7453978484375 0.8374174406250001 0.7469034265625 0.8302155890625 0.749538165625 0.8282386078125 0.7533020968749999 0.8201894875000001 0.756689640625 0.8156706640625 0.754807675 0.8059269828125 0.7561250453125 0.7949123796875 0.7501027609375 0.7860159734375001 0.752925709375 0.769070434375 0.7318477015625 0.7687880109375 0.7288365453125001 0.7847450609375 0.7348588578124999 0.79434753125 0.73467065 0.8090336609375001
6 0.757066028125 0.8156706640625 0.7472798140625 0.8296507359374999 0.7465270390625001 0.8384059265625 0.7655348734375 0.8384059265625 0.7662876765625 0.8307804421875 0.7745683140625 0.8304980109375 0.7792732265625 0.8273913328125 0.7773912609375 0.8172240093750001 0.780214209375 0.7949123796875 0.7709925906249999 0.782062015625 0.7726863484375001 0.7662461781250001 0.75272296875 0.76606361875 0.7506673562499999 0.7830505062500001 0.759324409375 0.794206315625 0.757066028125 0.8156706640625
0 0.4828125 0.29921875 0.0265625 0.075
5 0.1265625 0.1140625 0.1171875 0.06171875