5 0.5265625 0.009375 0.08359375 0.01796875
5 0.6109375 0.0109375 0.08671875 0.02109375
5 0.696875 0.01171875 0.084375 0.0234375
5 0.78203125 0.00625 0.0828125 0.0125
5 0.44921875 0.15703125 0.084375 0.05859375
5 0.53515625 0.1578125 0.08515625 0.05625
5 0.6203125 0.1609375 0.0828125 0.06015625
5 0.703125 0.16171875 0.0828125 0.05859375
5 0.871875 0.1578125 0.078125 0.04296875
8 0.5734375 0.409375 0.01875 0.03203125
8 0.798932290625 0.42713455624999996 0.8189747078125 0.42819924687500005 0.8216352062500001 0.4231419609375 0.8225220375 0.40238046718750003 0.82021626875 0.3962584859375 0.8001738640625 0.3967908328125 0.8031890890625 0.4001179953125 0.8014154234375 0.42340814375 0.798932290625 0.42713455624999996
8 0.826389778125 0.33397860625 0.82722829375 0.31170571406250003 0.8245450484375001 0.3074273109375 0.8124704234375001 0.3069239640625 0.8097871765625 0.339641215625 0.8216940890625001 0.34014455 0.826389778125 0.33397860625
1 0.875 0.96328125 0.07109375 0.03359375
2 0.53125 0.959375 0.0375 0.06328125
0 0.5855792625 0.39258217968750003 0.5884900531249999 0.3914258921875 0.587462715625 0.42675706093750004 0.58403825 0.42804182968750004 0.5854080421875001 0.434851109375 0.5807850046875 0.4345941640625 0.580613784375 0.445514703125 0.6163994578125 0.44525774374999993 0.6163994578125 0.43536501406249994 0.61845413125 0.43536501406249994 0.6179404703125 0.430354415625 0.62204981875 0.42817031562499996 0.6241045062499999 0.392839134375 0.6213649359375 0.391297409375 0.6213649359375 0.38590137812499997 0.619652703125 0.385644428125 0.6193102484375 0.37665103437499997 0.58315496875 0.3760367015625 0.581983575 0.38628681249999997 0.5848943671875 0.38590137812499997 0.5855792625 0.39258217968750003
0 0.6217073765625 0.39078350781250004 0.62461816875 0.393609996875 0.6229059359375 0.4270140109375 0.6198239234375 0.42855573593749996 0.6175980156249999 0.445771653125 0.65526714375 0.445771653125 0.65578081875 0.42984050468749996 0.658691609375 0.42894116562500006 0.6597189593749999 0.39412390468749997 0.6574930515624999 0.39258217968750003 0.6580067265625 0.37665103437499997 0.62153615625 0.37600865 0.6189678078124999 0.38525899375 0.6208512609375 0.3857729 0.6217073765625 0.39078350781250004
0 0.8248627093750001 0.3952809625 0.8347936656250001 0.39399619375 0.8320540828125 0.42829954375 0.8234929171875001 0.42984126875 0.8224655796875 0.436522078125 0.8161303234374999 0.43690750312500004 0.8151029859375001 0.44667175156249994 0.8517447625000001 0.4471856625 0.8512311 0.4371644625 0.8591073703125 0.43587969375 0.8591073703125 0.43022669843749994 0.8688670937499999 0.42907040937499996 0.8710930015624999 0.39463857812500003 0.8613332781249999 0.393225328125 0.8615044984375 0.388343203125 0.8548267875000001 0.38744386406250003 0.8553404625000001 0.3785789578125 0.8196964281250001 0.3784449296875 0.819212334375 0.38937101875 0.8250339296875 0.38847168125 0.8248627093750001 0.3952809625
0 0.8615044984375 0.388728634375 0.8613332781249999 0.39245446875 0.8709217812500001 0.39451009843749996 0.8686958734375001 0.42829954375 0.859278590625 0.430355178125 0.859278590625 0.43562273281249997 0.8510598796875 0.4372929375 0.850717425 0.44744262187499995 0.8865030984375 0.4471856625 0.887016775 0.4371644625 0.89489304375 0.43613664375 0.8952354843749999 0.430355178125 0.9055088843749999 0.4294558484375 0.907906025 0.39425314375 0.8981462765625 0.3923259890625 0.8983175093750001 0.38821473125 0.8900987859375 0.387058434375 0.8907836953125001 0.378450475 0.8556592921874999 0.37812383125000004 0.8553404625000001 0.37806504531249996 0.8551692296875 0.3871869109375 0.8615044984375 0.388728634375
0 0.897290159375 0.3927114234375 0.9087621421875 0.3954094375 0.9067074406250001 0.42688630937500005 0.906022559375 0.42907040937499996 0.8960916015624999 0.42958431406250003 0.895064278125 0.43703597812500006 0.8871879953124999 0.43690750312500004 0.8861606578125001 0.4473141375 0.9217750984374999 0.44821348125 0.92194633125 0.43639359375 0.9308499375 0.43639359375 0.9313636140625 0.42932736406250005 0.9426643359375 0.4285564984375 0.9447190359375 0.39348228281250003 0.9337607296874999 0.39258294375 0.9341031703124999 0.38821473125 0.925370796875 0.38744386406250003 0.9257132390624999 0.3788359078125 0.8909799625 0.3787660265625 0.8902700203125 0.38744386406250003 0.8976326265625 0.38885711562499997 0.897290159375 0.3927114234375
4 0.36953125 0.3125 0.0140625 0.0234375
4 0.38515625 0.3125 0.0125 0.021875
4 0.40234375 0.3125 0.0140625 0.02265625
4 0.4203125 0.3125 0.01484375 0.02265625
4 0.4375 0.31328125 0.01484375 0.02109375
4 0.45546875 0.3140625 0.0140625 0.021875
4 0.47265625 0.31484375 0.0140625 0.02265625
4 0.490625 0.31484375 0.015625 0.02265625
4 0.5078125 0.315625 0.015625 0.02109375
4 0.52578125 0.31640625 0.0140625 0.02265625
4 0.54296875 0.31640625 0.01484375 0.02265625
4 0.5609375 0.31640625 0.01484375 0.0234375
4 0.5765625 0.3171875 0.01328125 0.021875
4 0.5953125 0.3171875 0.0140625 0.02109375
4 0.6125 0.3171875 0.015625 0.01953125
4 0.6296875 0.31875 0.01328125 0.02109375
4 0.6453125 0.31796875 0.01328125 0.021875
4 0.6625 0.31796875 0.01328125 0.02109375
4 0.6796875 0.31796875 0.0140625 0.02109375
4 0.69609375 0.31796875 0.01328125 0.02109375
4 0.7125 0.31875 0.01328125 0.021875
4 0.346875 0.3984375 0.0140625 0.0234375
4 0.3640625 0.3984375 0.01484375 0.0234375
4 0.38203125 0.3984375 0.01640625 0.0234375
4 0.39921875 0.3984375 0.015625 0.02265625
4 0.4203125 0.40390625 0.0140625 0.021875
4 0.43828125 0.4046875 0.01328125 0.021875
4 0.50625 0.40625 0.0140625 0.0234375
4 0.52265625 0.40625 0.0140625 0.021875
4 0.53828125 0.40625 0.01328125 0.021875
4 0.3171875 0.521875 0.01484375 0.02109375
4 0.33515625 0.5203125 0.01328125 0.01953125
4 0.35078125 0.5203125 0.01171875 0.02109375
4 0.3671875 0.5203125 0.0125 0.0203125
4 0.38359375 0.5203125 0.01328125 0.0203125
4 0.4 0.5203125 0.01328125 0.0203125
4 0.415625 0.52109375 0.01484375 0.02109375
4 0.43359375 0.5203125 0.0140625 0.025
4 0.4984375 0.5203125 0.01484375 0.02265625
4 0.5140625 0.52109375 0.0140625 0.02421875
4 0.58046875 0.5203125 0.0140625 0.0234375
4 0.59765625 0.52109375 0.0125 0.0234375
4 0.6125 0.5203125 0.0140625 0.02421875
4 0.62890625 0.5203125 0.01484375 0.02265625
4 0.64609375 0.521875 0.0125 0.02578125
4 0.709375 0.52109375 0.01953125 0.0234375
4 0.728125 0.52109375 0.015625 0.02265625
4 0.74453125 0.521875 0.015625 0.0234375
4 0.84140625 0.52265625 0.0203125 0.0234375
4 0.86015625 0.52265625 0.01484375 0.0234375
4 0.87578125 0.52265625 0.0140625 0.0234375
4 0.92109375 0.52265625 0.021875 0.0234375
4 0.94140625 0.5234375 0.01796875 0.02421875
4 0.33984375 0.6359375 0.01484375 0.02421875
4 0.35625 0.63671875 0.01484375 0.02421875
4 0.37265625 0.6359375 0.01484375 0.025
4 0.3890625 0.6359375 0.0140625 0.02421875
4 0.4046875 0.6359375 0.015625 0.0234375
4 0.421875 0.6359375 0.01640625 0.0234375
4 0.4375 0.63671875 0.0140625 0.0234375
4 0.453125 0.6359375 0.0140625 0.021875
4 0.46953125 0.6375 0.01484375 0.02265625
4 0.48671875 0.63671875 0.0140625 0.02265625
4 0.50390625 0.63671875 0.0125 0.025
4 0.51953125 0.63671875 0.0140625 0.0234375
4 0.534375 0.63671875 0.0125 0.0234375
4 0.55 0.63671875 0.0140625 0.0234375
4 0.5984375 0.63828125 0.015625 0.0234375
4 0.615625 0.6375 0.01484375 0.02265625
4 0.6328125 0.6375 0.0140625 0.02265625
4 0.64921875 0.6375 0.0140625 0.02265625
4 0.68125 0.63828125 0.01640625 0.021875
4 0.69765625 0.6375 0.01328125 0.02109375
4 0.7140625 0.63828125 0.015625 0.02265625
4 0.73125 0.63828125 0.01328125 0.02109375
4 0.759375 0.6390625 0.01875 0.02421875
4 0.778125 0.6390625 0.01640625 0.0234375
4 0.79453125 0.63828125 0.0140625 0.02421875
4 0.81015625 0.6390625 0.01640625 0.0234375
4 0.8265625 0.6390625 0.0140625 0.0234375
4 0.84296875 0.63828125 0.0171875 0.0234375
4 0.859375 0.63828125 0.015625 0.02421875
4 0.8765625 0.63984375 0.01640625 0.02265625
4 0.89140625 0.63828125 0.015625 0.02265625
4 0.9078125 0.6390625 0.0140625 0.02265625
4 0.92421875 0.6390625 0.01640625 0.02578125
3 0.3984375 0.8578125 0.01953125 0.034375
3 0.41796875 0.8578125 0.01953125 0.03359375
3 0.43671875 0.8578125 0.01796875 0.034375
3 0.45546875 0.8578125 0.01796875 0.03515625
3 0.4734375 0.85703125 0.01953125 0.034375
3 0.49296875 0.85703125 0.01875 0.034375
3 0.5109375 0.85703125 0.0171875 0.034375
3 0.57109375 0.85703125 0.01796875 0.03359375
3 0.5890625 0.85625 0.01796875 0.034375
3 0.6078125 0.85703125 0.01796875 0.034375
3 0.6265625 0.85703125 0.01796875 0.0359375
3 0.64453125 0.85703125 0.01796875 0.03515625
3 0.66328125 0.85703125 0.01875 0.03515625
3 0.68203125 0.85703125 0.01796875 0.03515625
3 0.78046875 0.85625 0.01953125 0.03359375
3 0.7984375 0.85703125 0.01640625 0.03359375
3 0.81640625 0.85703125 0.01953125 0.03359375
3 0.83515625 0.85625 0.0171875 0.03359375
3 0.853125 0.85703125 0.0171875 0.03359375
3 0.87109375 0.85703125 0.01796875 0.0328125
3 0.8890625 0.85703125 0.0171875 0.03359375
3 0.9078125 0.85703125 0.01953125 0.03359375
3 0.559375 0.96640625 0.01875 0.034375
3 0.578125 0.96640625 0.01875 0.03515625
5 0.36328125 0.15078125 0.0875 0.05078125
5 0.7875 0.15703125 0.0828125 0.04921875
0 0.66796875 0.40859375 0.0203125 0.05703125
0 0.68828125 0.40859375 0.0203125 0.0578125
0 0.7078125 0.41015625 0.01953125 0.0609375
0 0.728125 0.409375 0.0203125 0.0609375
0 0.74921875 0.409375 0.0203125 0.059375
0 0.76875 0.40859375 0.01875 0.059375
0 0.78828125 0.41015625 0.0203125 0.06171875
0 0.72154896875 0.3575698140625 0.7384980171875 0.3575698140625 0.7525580374999999 0.3400829953125 0.7523654375 0.30351965000000003 0.7417722765625 0.2922471578125 0.7241146296875 0.2926003921875 0.734260759375 0.302797053125 0.7325273296875 0.33748164687500004 0.72154896875 0.3575698140625
0 0.7390758328125 0.35771433125 0.75583228125 0.3597376 0.771240515625 0.3392158765625 0.771047915625 0.302797053125 0.7639216140625 0.292536196875 0.742414946875 0.29205860625 0.7533284515625 0.3033751328125 0.7517876234374999 0.3393604 0.7390758328125 0.35771433125
0 0.756410096875 0.360026634375 0.7735517609375 0.3610382640625 0.790886025 0.340805590625 0.791078625 0.303664171875 0.7826040921875 0.2922471578125 0.7645679624999999 0.29205860625 0.7727813453125 0.3039532109375 0.77220353125 0.3383487640625 0.756410096875 0.360026634375
0 0.7760555890624999 0.359593071875 0.793389853125 0.35872595937499996 0.8093759171875 0.3393604 0.8103389328124999 0.3033751328125 0.8009013703125 0.292825234375 0.78298930625 0.2923916828125 0.7920416390625 0.3029415765625 0.7916564390625 0.3383487640625 0.7760555890624999 0.359593071875
0 0.8147687765624999 0.3593040390625 0.8347994984374999 0.3607492296875 0.8507855484375 0.3392158765625 0.851363334375 0.304097728125 0.8413479875000001 0.2934033125 0.8228581234375 0.293836875 0.8326808546875 0.30323061562500003 0.8299844249999999 0.340372028125 0.8147687765624999 0.3593040390625
0 0.8363403281249999 0.359159521875 0.85502280625 0.3597376 0.8706236265625 0.33964943281250004 0.87177925625 0.30380868906249997 0.8619564953125 0.2935478296875 0.8423443078125 0.2936839640625 0.8529041625 0.3033751328125 0.8507855484375 0.3392158765625 0.8363403281249999 0.359159521875
0 0.855600621875 0.359159521875 0.8754386999999999 0.35872595937499996 0.8906543499999999 0.34066106875 0.89431379375 0.304531284375 0.8794833734375 0.2934033125 0.8623301796874999 0.2933227734375 0.8735126703124999 0.3039532109375 0.87139405625 0.338637803125 0.855600621875 0.359159521875