5 0.33203125 0.13984375 0.0828125 0.0578125
5 0.4140625 0.14375 0.08203125 0.05625
5 0.49453125 0.1453125 0.078125 0.05625
5 0.5734375 0.14765625 0.07734375 0.05390625
5 0.7265625 0.1484375 0.075 0.04375
5 0.4015625 0.0046875 0.08125 0.009375
5 0.48203125 0.00546875 0.0734375 0.0109375
5 0.56328125 0.00859375 0.078125 0.015625
5 0.63984375 0.00390625 0.0765625 0.0078125
8 0.688299653125 0.318216725 0.691078034375 0.31343915624999996 0.691656865625 0.2918097953125 0.6896888437500001 0.28764028124999996 0.6778079484374999 0.2874590578125 0.6777649203125 0.2874665515625 0.6760284265625 0.3176086734375 0.688299653125 0.318216725
8 0.67250949375 0.3961090515625 0.670246165625 0.40031782812500005 0.6866798796875 0.40046550625000005 0.6896320421875 0.39647824374999996 0.69041928125 0.375582003125 0.6887463921875 0.37152089843749997 0.6712302203125 0.3714470609375 0.67132863125 0.37152089843749997 0.673198328125 0.375138975 0.67250949375 0.3961090515625
8 0.4509911875 0.395540209375 0.4506073328125 0.4001485546875 0.46979988281249996 0.3999565390625 0.470439634375 0.395444203125 0.470439634375 0.3744186203125 0.4692880890625 0.3702903109375 0.4511318078125 0.370261771875 0.4509911875 0.37038631718750004 0.45137504218749996 0.37384258125000003 0.4509911875 0.395540209375
0 0.47107069062500007 0.368419625 0.4733105859375 0.3671871125 0.4736092328125 0.40124928281249994 0.47107069062500007 0.40147337656250004 0.471220015625 0.40909255 0.4691294453125 0.40909255 0.4692787796875 0.4195128796875 0.502727871875 0.41940083437500003 0.5024292234375001 0.41010097031250003 0.5045197828125 0.4086443625 0.5045197828125 0.40304203125000004 0.5064610296875001 0.4019215640625 0.5067596765625 0.3689798578125 0.504370446875 0.3669630203125 0.5039224859375 0.3622570625 0.502130553125 0.36147273750000003 0.502130553125 0.3531812859375 0.46843967812500004 0.353149978125 0.468830796875 0.363377528125 0.4709213671875 0.36124864687499997 0.47107069062500007 0.368419625
0 0.5069090125 0.40124928281249994 0.504221134375 0.402145659375 0.5039224859375 0.419736978125 0.5376702156250001 0.41940083437500003 0.53781955 0.403714309375 0.5402087578125 0.40270589218749997 0.540656740625 0.36931600000000003 0.538267534375 0.3681955328125 0.53856618125 0.352845146875 0.5040972499999999 0.35258991093750003 0.504370446875 0.36617869375 0.507058325 0.36931600000000003 0.5069090125 0.40124928281249994
0 0.692937609375 0.3634338015625 0.69353490625 0.369260225 0.700105265625 0.3680277125 0.6989106609375 0.40018509375000005 0.6923403031250001 0.40208988124999995 0.6924896265625 0.40836449531249996 0.6859192671875001 0.40870063749999996 0.6848739875 0.41934506718750003 0.7178750968750001 0.4192330125 0.7178750968750001 0.40903677343749995 0.72429613125 0.40881268281249994 0.7241467953125 0.40164169843749997 0.7311651390625 0.40063327656250003 0.732807725 0.36836385312500003 0.7250427625 0.367579525 0.724744103125 0.3637699453125 0.7190697109374999 0.3626494796875 0.7195176828125 0.3548062125 0.6877111890625 0.3542459796875 0.6877111890625 0.35447007343750003 0.6878605140625 0.36500245468750003 0.692937609375 0.3634338015625
0 0.7248934265625 0.36713134375 0.7323597421875 0.368251809375 0.73221041875 0.40007304374999997 0.7251920875 0.4019778453125 0.7244454546875 0.4081404046875 0.7180244203124999 0.409372915625 0.71817374375 0.4186727796875 0.7496815890625 0.418560734375 0.749830925 0.40914881718749996 0.756102625 0.40769221718750004 0.75684925625 0.40208988124999995 0.76461421875 0.4008573796875 0.7662568171874999 0.36881204375 0.7575958875000001 0.36746747812499997 0.7578945359375 0.363545846875 0.7510255406249999 0.36220128906250004 0.751772171875 0.3548062125 0.7195361921875 0.3546901609375 0.7198163421875 0.362537428125 0.724744103125 0.3639940359375 0.7248934265625 0.36713134375
0 0.7577452234375001 0.36724338749999996 0.7662568171874999 0.3689240859375 0.76595816875 0.3999609984375 0.7562519609375 0.40175374374999995 0.7562519609375 0.407131984375 0.750428221875 0.40914881718749996 0.7496815890625 0.41833664531250003 0.78133878125 0.418448690625 0.781936078125 0.40914881718749996 0.7889544093749999 0.40769221718750004 0.7885064265625 0.4007453265625 0.797764675 0.40063327656250003 0.7983619703125 0.3678036203125 0.7891037453124999 0.36724338749999996 0.789551728125 0.36298561406249996 0.7829813578125 0.3619771953125 0.7829813578125 0.3548062125 0.7518333640625 0.3546901609375 0.7516228359375 0.3619771953125 0.75819320625 0.3633217546875 0.7577452234375001 0.36724338749999996
1 0.7853792281249999 0.8801751796874999 0.7214138812499999 0.88317026875 0.7198274953125 0.9120653765625001 0.7826779203124999 0.909633084375 0.7853792281249999 0.8801751796874999
2 0.4538774359375 0.8792236609374999 0.4172411828125 0.8809750921875 0.4180401015625 0.9417879062500001 0.45279691718750004 0.9394907296874999 0.4538774359375 0.8792236609374999
3 0.3046875 0.81953125 0.0203125 0.0328125
3 0.32421875 0.81875 0.01875 0.0328125
3 0.3421875 0.81796875 0.01796875 0.0328125
3 0.359375 0.8171875 0.0171875 0.03203125
3 0.37734375 0.81640625 0.01875 0.03359375
3 0.3953125 0.81484375 0.0171875 0.03203125
3 0.41328125 0.8140625 0.01796875 0.0328125
3 0.47109375 0.8109375 0.01796875 0.03203125
3 0.48828125 0.809375 0.01640625 0.03125
3 0.5046875 0.809375 0.0171875 0.0328125
3 0.5234375 0.80859375 0.01875 0.0328125
3 0.540625 0.8078125 0.01640625 0.03203125
3 0.55625 0.80703125 0.0171875 0.03203125
3 0.57421875 0.80625 0.0171875 0.03203125
3 0.6640625 0.80078125 0.01796875 0.03046875
3 0.68046875 0.8 0.015625 0.03046875
3 0.696875 0.79921875 0.0171875 0.0296875
3 0.7140625 0.79921875 0.01640625 0.03046875
3 0.7296875 0.7984375 0.015625 0.03046875
3 0.74609375 0.79765625 0.0171875 0.03046875
3 0.7625 0.79609375 0.01640625 0.0296875
3 0.77890625 0.79609375 0.01640625 0.03046875
3 0.46171875 0.915625 0.01640625 0.03203125
3 0.47890625 0.9140625 0.01796875 0.03203125
4 0.25859375 0.290625 0.0140625 0.02265625
4 0.27421875 0.290625 0.01328125 0.02265625
4 0.29140625 0.29140625 0.0140625 0.02265625
4 0.3078125 0.290625 0.0140625 0.021875
4 0.325 0.2921875 0.01484375 0.02109375
4 0.34296875 0.29296875 0.01328125 0.021875
4 0.359375 0.29296875 0.01328125 0.02109375
4 0.3765625 0.29375 0.0140625 0.02109375
4 0.39375 0.29453125 0.0140625 0.02109375
4 0.4109375 0.29453125 0.0140625 0.02109375
4 0.42734375 0.29453125 0.01328125 0.02109375
4 0.44375 0.29453125 0.0140625 0.0203125
4 0.46015625 0.29609375 0.01328125 0.02109375
4 0.47734375 0.29609375 0.0140625 0.02109375
4 0.49375 0.29609375 0.01328125 0.0203125
4 0.509375 0.296875 0.0125 0.01796875
4 0.525 0.29609375 0.0125 0.0203125
4 0.540625 0.296875 0.01328125 0.01953125
4 0.55625 0.296875 0.01171875 0.0203125
4 0.57265625 0.296875 0.01328125 0.02109375
4 0.5875 0.29765625 0.0125 0.0203125
4 0.23828125 0.375 0.01484375 0.02421875
4 0.25546875 0.37421875 0.015625 0.0234375
4 0.2734375 0.375 0.015625 0.02421875
4 0.290625 0.375 0.01484375 0.02421875
4 0.3125 0.38046875 0.01328125 0.0203125
4 0.3296875 0.38046875 0.01484375 0.01953125
4 0.3953125 0.38125 0.0140625 0.02109375
4 0.41171875 0.38046875 0.0125 0.0203125
4 0.4265625 0.38125 0.01328125 0.021875
4 0.21328125 0.4953125 0.0140625 0.01953125
4 0.23046875 0.4953125 0.01328125 0.01953125
4 0.246875 0.49453125 0.0140625 0.0203125
4 0.26328125 0.49453125 0.01328125 0.0203125
4 0.2796875 0.49375 0.0140625 0.01875
4 0.29609375 0.49453125 0.0140625 0.02109375
4 0.31171875 0.49453125 0.0140625 0.0203125
4 0.3265625 0.4921875 0.01484375 0.02265625
4 0.39140625 0.49140625 0.01484375 0.0203125
4 0.40703125 0.490625 0.015625 0.02109375
4 0.4703125 0.49140625 0.0140625 0.02109375
4 0.48515625 0.490625 0.0140625 0.02265625
4 0.50078125 0.490625 0.0140625 0.02109375
4 0.51640625 0.48984375 0.01328125 0.02109375
4 0.53125 0.48984375 0.01484375 0.021875
4 0.59140625 0.48828125 0.0171875 0.021875
4 0.6078125 0.4890625 0.0140625 0.021875
4 0.621875 0.48828125 0.0140625 0.02109375
4 0.70859375 0.4875 0.01953125 0.02109375
4 0.7265625 0.4875 0.01328125 0.0203125
4 0.73984375 0.48671875 0.01171875 0.01953125
4 0.78046875 0.4875 0.0171875 0.021875
4 0.8 0.48671875 0.0140625 0.021875
4 0.23984375 0.60859375 0.0140625 0.021875
4 0.25546875 0.6078125 0.0140625 0.02109375
4 0.27109375 0.60703125 0.0140625 0.021875
4 0.28671875 0.6078125 0.01328125 0.02109375
4 0.303125 0.60703125 0.0140625 0.02109375
4 0.31953125 0.60625 0.0140625 0.021875
4 0.33515625 0.60546875 0.0125 0.02109375
4 0.3515625 0.60546875 0.01328125 0.02109375
4 0.36796875 0.6046875 0.0140625 0.021875
4 0.384375 0.60390625 0.0140625 0.021875
4 0.39921875 0.603125 0.0125 0.02109375
4 0.41484375 0.603125 0.0140625 0.021875
4 0.4296875 0.60234375 0.01328125 0.02109375
4 0.44609375 0.60234375 0.01328125 0.021875
4 0.490625 0.60078125 0.0140625 0.02578125
4 0.50625 0.6 0.01328125 0.02421875
4 0.52109375 0.59921875 0.0140625 0.02421875
4 0.53671875 0.59921875 0.0140625 0.02265625
4 0.565625 0.5984375 0.015625 0.02421875
4 0.58125 0.59765625 0.01328125 0.0234375
4 0.59609375 0.59765625 0.0140625 0.02421875
4 0.6109375 0.59765625 0.0140625 0.02421875
4 0.6390625 0.59609375 0.0171875 0.02265625
4 0.65546875 0.596875 0.0140625 0.0234375
4 0.6703125 0.59609375 0.0140625 0.02265625
4 0.68515625 0.59609375 0.0140625 0.02265625
4 0.7 0.59609375 0.01328125 0.02265625
4 0.7140625 0.5953125 0.015625 0.02265625
4 0.72890625 0.5953125 0.01484375 0.021875
4 0.74296875 0.59453125 0.0140625 0.021875
4 0.7578125 0.59453125 0.0140625 0.02109375
4 0.771875 0.59453125 0.0125 0.02109375
4 0.78671875 0.59453125 0.01484375 0.021875
5 0.28989591406250004 0.110304196875 0.20340531093749997 0.10783189062500001 0.205327315625 0.14903697656249998 0.2887976171875 0.1525394109375 0.28989591406250004 0.110304196875
5 0.6900820171875 0.126665615625 0.6132470609375 0.12277621875 0.6122119046875001 0.1652095390625 0.6877917296875 0.1654550390625 0.6900820171875 0.126665615625
0 0.5957445156250001 0.3347164671875 0.6127139109375 0.3353661078125 0.6232764875 0.316916346875 0.6231033328125 0.28261535625 0.6146186359375 0.273650328125 0.597967228125 0.2731248125 0.607172890625 0.282225571875 0.6040560593750001 0.31743605 0.5957445156250001 0.3347164671875
0 0.6232764875 0.316916346875 0.6130602203125 0.335625959375 0.6300296140625 0.336015746875 0.641284821875 0.3182156265625 0.6409385140625 0.28313506875 0.6334927546875 0.2740401109375 0.61528580625 0.2734495359375 0.6154844203125001 0.2737802546875 0.6243154265624999 0.2830051453125 0.6232764875 0.316916346875
0 0.6307222453125 0.336015746875 0.6468258421875 0.3357558953125 0.6591199890625 0.3175659859375 0.65929315625 0.2839146359375 0.6513279359374999 0.27429996874999996 0.6338390640625 0.27391018749999996 0.641977453125 0.283264996875 0.6421506078125 0.3170462625 0.6307222453125 0.336015746875
0 0.6489037343749999 0.335885821875 0.6632757734375 0.336405534375 0.6759162437499999 0.318085690625 0.677301478125 0.2839146359375 0.6682973171875 0.27442989375 0.6514383406250001 0.273936621875 0.659985775 0.2839146359375 0.6598126328125 0.31743605 0.6489037343749999 0.335885821875
0 0.714324840625 0.284237815625 0.7048012046875 0.27527278437499997 0.6878199765625 0.2752360109375 0.6970091375 0.28397796406250003 0.6949312453125 0.3173694421875 0.6841955140625 0.3349097203125 0.7025501578125 0.3355593609375 0.7129395796875 0.3182789375 0.714324840625 0.284237815625
0 0.7034159421874999 0.3358192125 0.7179611359375 0.3359491375 0.7325063171874999 0.3177592296875 0.7319868671875 0.284237815625 0.7224632171875001 0.2754027125 0.7055589 0.2753978765625 0.71536378125 0.284237815625 0.7138053656250001 0.3176292984375 0.7034159421874999 0.3358192125
0 0.71917323125 0.336209 0.7359694578125 0.3358192125 0.7498220203125 0.3181490125 0.7512072828125 0.2859268828125 0.74116416875 0.27527278437499997 0.723526925 0.2753978765625 0.7328526515625 0.2841078875 0.732679484375 0.317499371875 0.71917323125 0.336209
0 0.5380298765625 0.36770708750000003 0.540112775 0.36848854062499997 0.5394184859375 0.4030026125 0.538550609375 0.4097751921875 0.5562552843749999 0.4102961609375 0.559206059375 0.40209092343749997 0.5576438921875 0.3680978109375 0.5553874078125001 0.357157503125 0.5393011999999999 0.357114528125 0.5392449 0.35728774375 0.53872418125 0.3574179875 0.5380298765625 0.36770708750000003
0 0.5562552843749999 0.4096449515625 0.572050634375 0.410556640625 0.5772578937499999 0.40235140312500006 0.576737175 0.3692699890625 0.5727449375 0.357157503125 0.5553874078125001 0.356766778125 0.559206059375 0.367967571875 0.5590324859375 0.4026118921875 0.5562552843749999 0.4096449515625
0 0.5769107484375 0.4014397140625 0.5729185109375 0.41016591093750004 0.5904496140625 0.40951470156249997 0.59444185 0.400658265625 0.5935739734375 0.3692699890625 0.5894081640625 0.357548228125 0.5736128140625001 0.357548228125 0.5723977921875 0.35650629375 0.5765635890625 0.367576846875 0.5769107484375 0.4014397140625
0 0.5895817359375 0.40951470156249997 0.6072864250000001 0.40990543125 0.612493684375 0.40117923437499997 0.6128408296875001 0.3701816828125 0.60589781875 0.3574179875 0.5902760406249999 0.35728774375 0.59392111875 0.36601394374999996 0.5940947046875 0.40222116406249997 0.5895817359375 0.40951470156249997
0 0.6076335703125 0.41016591093750004 0.627074 0.4097751921875 0.6321076984375 0.40130947499999997 0.6319341125 0.37096313125 0.6272475859375 0.3570272578125 0.6074599984375 0.3579389515625 0.612493684375 0.367967571875 0.6126672703125 0.40235140312500006 0.6076335703125 0.41016591093750004
0 0.6281154609375 0.4097751921875 0.6447787015625 0.40873325312500003 0.64738233125 0.40274213281250004 0.6496387890624999 0.3690095046875 0.6454729921875 0.3570272578125 0.62863619375 0.35650629375 0.630719090625 0.365492975 0.6321076984375 0.4014397140625 0.6281154609375 0.4097751921875
0 0.6442579703125 0.40899374374999997 0.6624833765625 0.40925422187500005 0.66699631875 0.40130947499999997 0.6675170500000001 0.368879265625 0.66404554375 0.357548228125 0.6468616 0.35728774375 0.6501595203125 0.367967571875 0.649118084375 0.4014397140625 0.6442579703125 0.40899374374999997