5 0.3703125 0.7828125 0.05078125 0.05234375
5 0.421875 0.78203125 0.05078125 0.05234375
5 0.4734375 0.78125 0.053125 0.0546875
5 0.528125 0.7828125 0.05546875 0.05625
5 0.58125 0.78125 0.053125 0.05703125
5 0.63359375 0.7796875 0.05234375 0.0546875
5 0.68828125 0.78125 0.05078125 0.06015625
5 0.73984375 0.77890625 0.05234375 0.05546875
3 0.259375 0.7078125 0.0125 0.04453125
3 0.27265625 0.70703125 0.01328125 0.04296875
3 0.28515625 0.70703125 0.01171875 0.04375
3 0.2984375 0.70703125 0.0140625 0.04296875
3 0.31171875 0.7078125 0.01328125 0.04375
3 0.325 0.7078125 0.01328125 0.04375
3 0.33828125 0.7078125 0.0125 0.04375
3 0.35078125 0.7078125 0.01328125 0.04453125
3 0.3640625 0.7078125 0.01328125 0.04453125
3 0.37734375 0.70859375 0.0140625 0.0453125
3 0.39140625 0.70859375 0.01328125 0.0453125
3 0.41328125 0.70703125 0.025 0.05
3 0.4390625 0.70703125 0.025 0.05078125
3 0.25 0.4859375 0.01484375 0.03828125
3 0.2640625 0.4859375 0.01328125 0.0390625
3 0.27734375 0.4859375 0.0125 0.0390625
3 0.28984375 0.48671875 0.01328125 0.0390625
3 0.30390625 0.4859375 0.01484375 0.0390625
3 0.31796875 0.4859375 0.01484375 0.03984375
3 0.33203125 0.4859375 0.01328125 0.0390625
3 0.34609375 0.4859375 0.0140625 0.03984375
3 0.359375 0.4859375 0.0125 0.03984375
3 0.37265625 0.48671875 0.0140625 0.0421875
3 0.38671875 0.4859375 0.01328125 0.03984375
3 0.39921875 0.48671875 0.0140625 0.03984375
3 0.4125 0.4859375 0.01328125 0.0390625
3 0.4265625 0.4875 0.0140625 0.0421875
3 0.46171875 0.4859375 0.05546875 0.040625
3 0.24375 0.25703125 0.015625 0.0359375
3 0.2578125 0.25703125 0.01328125 0.0359375
3 0.271875 0.25703125 0.01484375 0.03671875
3 0.2859375 0.25703125 0.0125 0.0359375
3 0.29921875 0.25703125 0.01328125 0.0375
3 0.31328125 0.25703125 0.01484375 0.03671875
3 0.3265625 0.25625 0.01328125 0.0359375
3 0.340625 0.25625 0.01484375 0.03515625
3 0.3546875 0.25703125 0.0140625 0.0375
3 0.36796875 0.25625 0.01328125 0.03671875
3 0.38125 0.25703125 0.0140625 0.0375
3 0.3953125 0.25703125 0.0140625 0.0375
3 0.409375 0.25703125 0.015625 0.03671875
3 0.42421875 0.25625 0.01328125 0.0359375
3 0.4375 0.25703125 0.0140625 0.0375
3 0.4515625 0.25625 0.0140625 0.03515625
3 0.46484375 0.25625 0.0140625 0.0359375
3 0.478125 0.25625 0.01484375 0.0359375
3 0.4921875 0.25625 0.0140625 0.03671875
3 0.50625 0.25625 0.0140625 0.03671875
4 0.184375 0.1078125 0.01171875 0.02109375
4 0.196875 0.10859375 0.01171875 0.021875
4 0.20859375 0.10859375 0.0109375 0.021875
4 0.234375 0.11015625 0.01171875 0.02109375
4 0.2453125 0.1109375 0.01015625 0.021875
4 0.25703125 0.1109375 0.0125 0.02265625
4 0.26953125 0.11015625 0.01171875 0.02265625
4 0.28125 0.1109375 0.01171875 0.0234375
4 0.29296875 0.1109375 0.01171875 0.02421875
4 0.30625 0.1109375 0.01171875 0.0234375
4 0.31796875 0.1109375 0.0109375 0.02265625
4 0.34375 0.1109375 0.0125 0.0234375
4 0.35625 0.1109375 0.0109375 0.0234375
4 0.36796875 0.1109375 0.0109375 0.02421875
4 0.37890625 0.11171875 0.0125 0.025
4 0.39140625 0.1109375 0.0125 0.02265625
4 0.40390625 0.1109375 0.0125 0.0234375
4 0.415625 0.1109375 0.01171875 0.0234375
4 0.428125 0.11171875 0.01171875 0.0234375
4 0.45390625 0.11171875 0.009375 0.02421875
4 0.4671875 0.1109375 0.01015625 0.0234375
4 0.47890625 0.1109375 0.009375 0.02421875
4 0.48984375 0.1109375 0.01015625 0.0234375
4 0.50234375 0.11015625 0.01171875 0.021875
4 0.51484375 0.1109375 0.009375 0.0234375
4 0.52578125 0.1109375 0.0109375 0.02265625
4 0.5390625 0.11171875 0.0109375 0.0234375
4 0.5625 0.1109375 0.0109375 0.02578125
4 0.575 0.1109375 0.0109375 0.0265625
4 0.5875 0.1109375 0.0109375 0.0265625
4 0.5984375 0.11015625 0.01015625 0.02265625
4 0.6109375 0.11015625 0.01015625 0.02421875
4 0.6234375 0.1109375 0.01015625 0.02421875
4 0.634375 0.11171875 0.01171875 0.025
4 0.64765625 0.1109375 0.0125 0.025
4 0.6703125 0.11015625 0.0125 0.025
4 0.6828125 0.11015625 0.01171875 0.025
4 0.6953125 0.11015625 0.01171875 0.0265625
4 0.7078125 0.1109375 0.01171875 0.02578125
4 0.71953125 0.1109375 0.0109375 0.02421875
4 0.73203125 0.11015625 0.01171875 0.02578125
4 0.19140625 0.34453125 0.009375 0.01484375
4 0.2015625 0.34453125 0.01015625 0.015625
4 0.21328125 0.3453125 0.0125 0.01640625
4 0.2359375 0.34609375 0.01015625 0.01640625
4 0.246875 0.34609375 0.01171875 0.0171875
4 0.259375 0.34609375 0.01171875 0.015625
4 0.271875 0.34609375 0.01015625 0.0171875
4 0.284375 0.34609375 0.01171875 0.01640625
4 0.296875 0.346875 0.01171875 0.0171875
4 0.3203125 0.346875 0.01015625 0.0171875
4 0.3328125 0.346875 0.0109375 0.01796875
4 0.34453125 0.346875 0.01015625 0.01875
4 0.35625 0.34609375 0.01015625 0.0171875
4 0.36875 0.34609375 0.0109375 0.0171875
4 0.3796875 0.34609375 0.009375 0.0171875
4 0.39140625 0.346875 0.01015625 0.01796875
4 0.40390625 0.346875 0.01015625 0.0171875
4 0.41640625 0.346875 0.009375 0.0171875
4 0.428125 0.346875 0.01015625 0.01796875
4 0.440625 0.346875 0.009375 0.01796875
4 0.4640625 0.34609375 0.0109375 0.01640625
4 0.47578125 0.346875 0.0109375 0.0171875
4 0.48828125 0.34765625 0.0109375 0.01875
4 0.50078125 0.346875 0.0109375 0.0171875
4 0.5125 0.346875 0.0109375 0.01796875
4 0.52421875 0.34765625 0.0109375 0.01796875
4 0.5359375 0.34765625 0.00859375 0.01796875
4 0.54765625 0.346875 0.00859375 0.01640625
4 0.55859375 0.346875 0.01015625 0.01640625
4 0.57109375 0.346875 0.01015625 0.0171875
4 0.5828125 0.346875 0.01015625 0.01640625
4 0.5953125 0.34609375 0.0109375 0.01640625
4 0.6078125 0.34609375 0.01015625 0.01640625
4 0.61953125 0.346875 0.009375 0.0171875
4 0.63125 0.346875 0.00859375 0.0171875
4 0.64296875 0.346875 0.01171875 0.01796875
4 0.6546875 0.3453125 0.009375 0.0171875
4 0.665625 0.3453125 0.01015625 0.01640625
4 0.67890625 0.346875 0.009375 0.01796875
4 0.690625 0.34609375 0.009375 0.01640625
4 0.70078125 0.34609375 0.00859375 0.0171875
4 0.71328125 0.34609375 0.009375 0.0171875
4 0.725 0.34609375 0.0109375 0.01796875
4 0.7375 0.3453125 0.009375 0.01640625
4 0.7484375 0.34453125 0.009375 0.01796875
4 0.7609375 0.34453125 0.009375 0.01640625
4 0.771875 0.34375 0.009375 0.01640625
4 0.1984375 0.56953125 0.009375 0.01484375
4 0.21015625 0.56953125 0.009375 0.01640625
4 0.22109375 0.56875 0.01015625 0.015625
4 0.24375 0.56953125 0.0109375 0.01640625
4 0.25625 0.56875 0.01015625 0.01640625
4 0.26796875 0.56953125 0.0109375 0.0171875
4 0.2796875 0.56875 0.009375 0.015625
4 0.29140625 0.56953125 0.009375 0.0171875
4 0.303125 0.56953125 0.01015625 0.01640625
4 0.3140625 0.56875 0.009375 0.01640625
4 0.325 0.56953125 0.009375 0.01796875
4 0.33828125 0.56953125 0.01015625 0.0171875
4 0.35 0.56875 0.01015625 0.0171875
4 0.3609375 0.56875 0.0109375 0.01796875
4 0.38359375 0.56953125 0.01015625 0.01640625
4 0.3953125 0.56953125 0.0109375 0.0171875
4 0.40703125 0.56953125 0.00859375 0.0171875
4 0.41796875 0.56953125 0.0109375 0.01640625
4 0.43046875 0.56875 0.01015625 0.015625
4 0.4421875 0.56953125 0.0109375 0.015625
4 0.453125 0.56953125 0.009375 0.015625
4 0.4640625 0.56875 0.01015625 0.01484375
4 0.47578125 0.56875 0.009375 0.01484375
4 0.4875 0.56953125 0.0109375 0.01484375
4 0.49921875 0.56953125 0.0109375 0.0171875
4 0.51171875 0.56953125 0.009375 0.01640625
4 0.5234375 0.56875 0.01015625 0.01484375
4 0.534375 0.56875 0.0109375 0.01640625
4 0.546875 0.56875 0.01171875 0.01484375
4 0.5578125 0.56875 0.01015625 0.015625
4 0.56875 0.56875 0.009375 0.015625
4 0.58046875 0.56875 0.0109375 0.01640625
4 0.5921875 0.56875 0.01171875 0.015625
4 0.603125 0.56875 0.01015625 0.01640625
4 0.615625 0.56796875 0.009375 0.015625
4 0.62734375 0.56875 0.01015625 0.0171875
4 0.63828125 0.56875 0.01015625 0.0171875
4 0.65 0.56875 0.01015625 0.0171875
4 0.6609375 0.56875 0.01015625 0.01640625
4 0.671875 0.56875 0.0109375 0.0171875
4 0.684375 0.56875 0.01015625 0.01640625
4 0.69609375 0.56875 0.0125 0.01640625
4 0.70703125 0.56796875 0.01015625 0.015625
4 0.71875 0.56796875 0.01015625 0.01640625
4 0.73046875 0.56875 0.009375 0.01796875
4 0.74140625 0.56875 0.01015625 0.01796875
4 0.75390625 0.56875 0.009375 0.01640625
4 0.76484375 0.56953125 0.01015625 0.0171875