4 0.345199 0.237972 0.690398 0.460495
4 0.243752 0.23883 0.487504 0.456793
6 0.201479 0.736702 0.0325748 0.0780182
4 0.288701 0.160968 0.577403 0.321935
8 0.296655 0.296726 0.569793 0.545554
0 0.697792 0.19335 0.0721433 0.0986161
0 0.649568 0.193488 0.0676254 0.0991949
0 0.749757 0.196463 0.0720888 0.104495
0 0.797344 0.193529 0.072034 0.0986947
6 0.226277 0.73764 0.0302784 0.078911
4 0.102148 0.235144 0.201549 0.457246
0 0.844142 0.197678 0.0777157 0.101583
6 0.158122 0.735027 0.0324897 0.0769444
6 0.133437 0.735914 0.0333539 0.073226
0 0.602164 0.194668 0.0669931 0.102081
4 0.140706 0.23408 0.272681 0.46816
6 0.636389 0.724238 0.0284832 0.0709959
6 0.208385 0.853997 0.0498013 0.0711199
6 0.248425 0.735189 0.032524 0.0788851
6 0.723581 0.721598 0.0346268 0.0731434
6 0.209025 0.376911 0.415278 0.721977
4 0.18415 0.16284 0.357058 0.311397
6 0.297321 0.849416 0.0521355 0.0700661
7 0.579352 0.843344 0.0513156 0.0679787
7 0.496809 0.846773 0.0427218 0.0621998
4 0.400734 0.159066 0.801467 0.315067
6 0.250585 0.852135 0.0549452 0.0702402
6 0.403392 0.729937 0.027231 0.0748234
7 0.702917 0.838798 0.0504885 0.065748
7 0.741117 0.837102 0.0460993 0.0627005
7 0.621001 0.842722 0.0462339 0.0694963
7 0.535304 0.846633 0.049485 0.0660236
6 0.658552 0.725516 0.0295401 0.0728516
6 0.747081 0.720576 0.0328974 0.080654
6 0.260313 0.850523 0.0376576 0.0693617
6 0.169198 0.855787 0.0558637 0.0710903
6 0.680532 0.724194 0.0298355 0.069887
7 0.784901 0.83687 0.0496762 0.0648167
6 0.380509 0.729781 0.0299721 0.0771566
4 0.0687603 0.230719 0.136197 0.461437
6 0.701489 0.722793 0.0306366 0.069577
1 0.758373 0.946266 0.0882975 0.0645786
7 0.662498 0.84071 0.0471867 0.0662458
1 0.679711 0.951114 0.0886219 0.063364
6 0.47013 0.730371 0.0269333 0.0729545
7 0.588678 0.843272 0.0312027 0.067215
6 0.448067 0.730479 0.0297253 0.0746107
6 0.425783 0.731066 0.0288282 0.073838
4 0.0610738 0.145861 0.114322 0.291722
8 0.47765 0.632123 0.305419 0.046085
7 0.57132 0.843673 0.0383822 0.0670418
8 0.252569 0.634992 0.165151 0.0474899
6 0.296067 0.401533 0.563184 0.782783
8 0.394463 0.278544 0.788926 0.557088
8 0.603881 0.627691 0.385191 0.0493945
4 0.0305768 0.165337 0.0611536 0.330674
7 0.77072 0.836366 0.0473049 0.0648464
2 0.525745 0.72638 0.046328 0.0805592
7 0.419302 0.512471 0.637145 0.650783
4 0.147802 0.109816 0.28371 0.214626
8 0.339321 0.634235 0.371777 0.0478891
8 0.497904 0.628365 0.5012 0.0491858
6 0.149606 0.734469 0.0408667 0.0745792
4 0.121517 0.141353 0.240824 0.277137
4 0.0489827 0.169861 0.0958844 0.339722
4 0.195426 0.243578 0.372869 0.487156
7 0.33328 0.414388 0.599647 0.816082
4 0.391921 0.175194 0.324359 0.29278
6 0.180533 0.856216 0.0352614 0.0689285
6 0.218981 0.854678 0.0317314 0.0675941
8 0.645672 0.627869 0.266929 0.0463617
4 0.0423877 0.316108 0.0839721 0.33653
4 0.0976671 0.114671 0.194754 0.226848
4 0.0772423 0.133585 0.153639 0.261393
8 0.602706 0.562326 0.0632689 0.0429643
4 0.0519245 0.109754 0.102564 0.205165
6 0.493526 0.7264 0.0282204 0.0768505
7 0.548452 0.845573 0.0250454 0.0652096
4 0.345199 0.237972 0.690398 0.460495
4 0.243752 0.23883 0.487504 0.456793
6 0.201479 0.736702 0.0325748 0.0780182
4 0.288701 0.160968 0.577403 0.321935
8 0.296655 0.296726 0.569793 0.545554
0 0.697792 0.19335 0.0721433 0.0986161
0 0.649568 0.193488 0.0676254 0.0991949
0 0.749757 0.196463 0.0720888 0.104495
0 0.797344 0.193529 0.072034 0.0986947
6 0.226277 0.73764 0.0302784 0.078911
4 0.102148 0.235144 0.201549 0.457246
0 0.844142 0.197678 0.0777157 0.101583
6 0.158122 0.735027 0.0324897 0.0769444
6 0.133437 0.735914 0.0333539 0.073226
0 0.602164 0.194668 0.0669931 0.102081
4 0.140706 0.23408 0.272681 0.46816
6 0.636389 0.724238 0.0284832 0.0709959
6 0.208385 0.853997 0.0498013 0.0711199
6 0.248425 0.735189 0.032524 0.0788851
6 0.723581 0.721598 0.0346268 0.0731434
6 0.209025 0.376911 0.415278 0.721977
4 0.18415 0.16284 0.357058 0.311397
6 0.297321 0.849416 0.0521355 0.0700661
7 0.579352 0.843344 0.0513156 0.0679787
7 0.496809 0.846773 0.0427218 0.0621998
4 0.400734 0.159066 0.801467 0.315067
6 0.250585 0.852135 0.0549452 0.0702402
6 0.403392 0.729937 0.027231 0.0748234
7 0.702917 0.838798 0.0504885 0.065748
7 0.741117 0.837102 0.0460993 0.0627005
7 0.621001 0.842722 0.0462339 0.0694963
7 0.535304 0.846633 0.049485 0.0660236
6 0.658552 0.725516 0.0295401 0.0728516
6 0.747081 0.720576 0.0328974 0.080654
6 0.260313 0.850523 0.0376576 0.0693617
6 0.169198 0.855787 0.0558637 0.0710903
6 0.680532 0.724194 0.0298355 0.069887
7 0.784901 0.83687 0.0496762 0.0648167
6 0.380509 0.729781 0.0299721 0.0771566
4 0.0687603 0.230719 0.136197 0.461437
6 0.701489 0.722793 0.0306366 0.069577
1 0.758373 0.946266 0.0882975 0.0645786
7 0.662498 0.84071 0.0471867 0.0662458
1 0.679711 0.951114 0.0886219 0.063364
6 0.47013 0.730371 0.0269333 0.0729545
7 0.588678 0.843272 0.0312027 0.067215
6 0.448067 0.730479 0.0297253 0.0746107
6 0.425783 0.731066 0.0288282 0.073838
4 0.0610738 0.145861 0.114322 0.291722
8 0.47765 0.632123 0.305419 0.046085
7 0.57132 0.843673 0.0383822 0.0670418
8 0.252569 0.634992 0.165151 0.0474899
6 0.296067 0.401533 0.563184 0.782783
8 0.394463 0.278544 0.788926 0.557088
8 0.603881 0.627691 0.385191 0.0493945
4 0.0305768 0.165337 0.0611536 0.330674
7 0.77072 0.836366 0.0473049 0.0648464
2 0.525745 0.72638 0.046328 0.0805592
7 0.419302 0.512471 0.637145 0.650783
4 0.147802 0.109816 0.28371 0.214626
8 0.339321 0.634235 0.371777 0.0478891
8 0.497904 0.628365 0.5012 0.0491858
6 0.149606 0.734469 0.0408667 0.0745792
4 0.121517 0.141353 0.240824 0.277137
4 0.0489827 0.169861 0.0958844 0.339722
4 0.195426 0.243578 0.372869 0.487156
7 0.33328 0.414388 0.599647 0.816082
4 0.391921 0.175194 0.324359 0.29278
6 0.180533 0.856216 0.0352614 0.0689285
6 0.218981 0.854678 0.0317314 0.0675941
8 0.645672 0.627869 0.266929 0.0463617
4 0.0423877 0.316108 0.0839721 0.33653
4 0.0976671 0.114671 0.194754 0.226848
4 0.0772423 0.133585 0.153639 0.261393
8 0.602706 0.562326 0.0632689 0.0429643
4 0.0519245 0.109754 0.102564 0.205165
6 0.493526 0.7264 0.0282204 0.0768505
7 0.548452 0.845573 0.0250454 0.0652096
