0 0.727605 0.517163 0.0617243 0.0868633
0 0.7723 0.516282 0.0623053 0.0850269
0 0.63829 0.51915 0.0562759 0.0844935
4 0.29523 0.332751 0.589428 0.635307
0 0.81616 0.514545 0.0629982 0.0877768
0 0.592459 0.520771 0.059876 0.0857339
0 0.682285 0.517957 0.0619474 0.0848686
4 0.332374 0.425327 0.664748 0.7327
4 0.143325 0.408833 0.28362 0.554643
0 0.550399 0.521474 0.0509195 0.085532
4 0.223484 0.409959 0.446968 0.778328
0 0.308759 0.327712 0.598112 0.604126
6 0.73459 0.988344 0.0299709 0.0229027
8 0.578056 0.922002 0.415559 0.0540926
6 0.182383 0.588679 0.338252 0.691855
4 0.114396 0.483879 0.228792 0.640789
8 0.458505 0.928674 0.311105 0.0563969
4 0.0950487 0.389911 0.190097 0.659042
6 0.757057 0.986595 0.0305022 0.0266571
4 0.0827792 0.487645 0.164122 0.663249
8 0.258777 0.938798 0.161146 0.0548901
8 0.635205 0.918633 0.299848 0.0535748
5 0.172034 0.247485 0.180394 0.226667
6 0.713267 0.989702 0.0276764 0.020026
5 0.269008 0.25094 0.337085 0.227859
8 0.526019 0.926596 0.454394 0.0569752
5 0.211317 0.24744 0.270376 0.230806
8 0.382705 0.86312 0.0505841 0.046558
6 0.148207 0.698791 0.291322 0.535183
6 0.141712 0.604741 0.279656 0.625455
6 0.200646 0.695143 0.363322 0.596203
0 0.394931 0.334407 0.789863 0.655745
5 0.125821 0.235046 0.1569 0.236539
4 0.19721 0.42144 0.372722 0.549142
8 0.458417 0.92973 0.226254 0.0541683
8 0.225835 0.875086 0.223304 0.0521202
8 0.611841 0.851786 0.0618471 0.0449772
8 0.252964 0.872025 0.0658319 0.0478851
4 0.0654428 0.571196 0.130479 0.607685
8 0.198267 0.87367 0.052139 0.0502373
0 0.727605 0.517163 0.0617243 0.0868633
0 0.7723 0.516282 0.0623053 0.0850269
0 0.63829 0.51915 0.0562759 0.0844935
4 0.29523 0.332751 0.589428 0.635307
0 0.81616 0.514545 0.0629982 0.0877768
0 0.592459 0.520771 0.059876 0.0857339
0 0.682285 0.517957 0.0619474 0.0848686
4 0.332374 0.425327 0.664748 0.7327
4 0.143325 0.408833 0.28362 0.554643
0 0.550399 0.521474 0.0509195 0.085532
4 0.223484 0.409959 0.446968 0.778328
0 0.308759 0.327712 0.598112 0.604126
6 0.73459 0.988344 0.0299709 0.0229027
8 0.578056 0.922002 0.415559 0.0540926
6 0.182383 0.588679 0.338252 0.691855
4 0.114396 0.483879 0.228792 0.640789
8 0.458505 0.928674 0.311105 0.0563969
4 0.0950487 0.389911 0.190097 0.659042
6 0.757057 0.986595 0.0305022 0.0266571
4 0.0827792 0.487645 0.164122 0.663249
8 0.258777 0.938798 0.161146 0.0548901
8 0.635205 0.918633 0.299848 0.0535748
5 0.172034 0.247485 0.180394 0.226667
6 0.713267 0.989702 0.0276764 0.020026
5 0.269008 0.25094 0.337085 0.227859
8 0.526019 0.926596 0.454394 0.0569752
5 0.211317 0.24744 0.270376 0.230806
8 0.382705 0.86312 0.0505841 0.046558
6 0.148207 0.698791 0.291322 0.535183
6 0.141712 0.604741 0.279656 0.625455
6 0.200646 0.695143 0.363322 0.596203
0 0.394931 0.334407 0.789863 0.655745
5 0.125821 0.235046 0.1569 0.236539
4 0.19721 0.42144 0.372722 0.549142
8 0.458417 0.92973 0.226254 0.0541683
8 0.225835 0.875086 0.223304 0.0521202
8 0.611841 0.851786 0.0618471 0.0449772
8 0.252964 0.872025 0.0658319 0.0478851
4 0.0654428 0.571196 0.130479 0.607685
8 0.198267 0.87367 0.052139 0.0502373
