0 0.712652 0.604969 0.0741928 0.100193
0 0.874813 0.601178 0.0767693 0.10119
0 0.821041 0.601658 0.0755242 0.101077
0 0.765257 0.603797 0.0729153 0.10127
4 0.317553 0.443236 0.635106 0.657598
0 0.657007 0.604383 0.0671301 0.0996932
0 0.924025 0.601459 0.0803104 0.100636
0 0.32007 0.353947 0.624254 0.518957
0 0.604288 0.605852 0.0632416 0.0989285
4 0.216907 0.448593 0.433814 0.63734
0 0.34295 0.400947 0.658653 0.696885
4 0.125421 0.514834 0.250102 0.669857
4 0.0794014 0.533578 0.157125 0.665413
4 0.740723 0.400547 0.515106 0.65335
5 0.220633 0.292989 0.317541 0.266399
5 0.184877 0.286336 0.225456 0.258625
5 0.139035 0.284229 0.186439 0.263214
4 0.86954 0.434767 0.26092 0.701868
4 0.467016 0.381867 0.913137 0.763735
0 0.397793 0.311002 0.795586 0.622005
5 0.0700981 0.277301 0.132016 0.283272
5 0.103659 0.280302 0.196434 0.280798
4 0.637596 0.411307 0.719337 0.698829
4 0.23785 0.520551 0.474188 0.848714
5 0.235864 0.294257 0.457546 0.260883
4 0.171056 0.494064 0.342113 0.625021
4 0.0889724 0.442127 0.176367 0.662006
0 0.356244 0.285604 0.613288 0.380249
0 0.219182 0.428606 0.393071 0.508335
0 0.659681 0.31768 0.679547 0.627284
5 0.311605 0.296498 0.552605 0.239962
0 0.712652 0.604969 0.0741928 0.100193
0 0.874813 0.601178 0.0767693 0.10119
0 0.821041 0.601658 0.0755242 0.101077
0 0.765257 0.603797 0.0729153 0.10127
4 0.317553 0.443236 0.635106 0.657598
0 0.657007 0.604383 0.0671301 0.0996932
0 0.924025 0.601459 0.0803104 0.100636
0 0.32007 0.353947 0.624254 0.518957
0 0.604288 0.605852 0.0632416 0.0989285
4 0.216907 0.448593 0.433814 0.63734
0 0.34295 0.400947 0.658653 0.696885
4 0.125421 0.514834 0.250102 0.669857
4 0.0794014 0.533578 0.157125 0.665413
4 0.740723 0.400547 0.515106 0.65335
5 0.220633 0.292989 0.317541 0.266399
5 0.184877 0.286336 0.225456 0.258625
5 0.139035 0.284229 0.186439 0.263214
4 0.86954 0.434767 0.26092 0.701868
4 0.467016 0.381867 0.913137 0.763735
0 0.397793 0.311002 0.795586 0.622005
5 0.0700981 0.277301 0.132016 0.283272
5 0.103659 0.280302 0.196434 0.280798
4 0.637596 0.411307 0.719337 0.698829
4 0.23785 0.520551 0.474188 0.848714
5 0.235864 0.294257 0.457546 0.260883
4 0.171056 0.494064 0.342113 0.625021
4 0.0889724 0.442127 0.176367 0.662006
0 0.356244 0.285604 0.613288 0.380249
0 0.219182 0.428606 0.393071 0.508335
0 0.659681 0.31768 0.679547 0.627284
5 0.311605 0.296498 0.552605 0.239962
