6 0.172772 0.913885 0.0396353 0.0952379
0 0.840447 0.234207 0.0978296 0.125458
0 0.779061 0.233028 0.0894611 0.122512
6 0.70011 0.902723 0.0360131 0.0925566
4 0.29971 0.195212 0.59942 0.387376
0 0.905366 0.232394 0.0996643 0.124786
6 0.0866918 0.913988 0.0401778 0.0910496
6 0.81506 0.900502 0.0414717 0.0919022
6 0.142742 0.915822 0.0408969 0.0935421
4 0.352543 0.30096 0.705085 0.575368
0 0.652053 0.234457 0.0780605 0.122391
6 0.78635 0.90024 0.0401052 0.089456
0 0.715178 0.234405 0.0858749 0.121316
4 0.250564 0.299743 0.501127 0.590626
6 0.200143 0.909778 0.042626 0.0975462
6 0.0565104 0.91447 0.0435355 0.0905876
6 0.758272 0.901199 0.037318 0.0896957
6 0.728458 0.901934 0.0378036 0.090381
0 0.590331 0.235537 0.0686918 0.123962
0 0.959263 0.231182 0.0814734 0.12592
0 0.933026 0.232653 0.0445719 0.123151
4 0.174999 0.204968 0.335391 0.401331
6 0.368044 0.910053 0.0318614 0.0939024
6 0.397662 0.908392 0.0346363 0.0937984
4 0.495374 0.328674 0.937254 0.519464
8 0.67815 0.778303 0.416565 0.0601757
6 0.844737 0.899157 0.0461391 0.0925041
8 0.281485 0.356297 0.559958 0.697308
8 0.583583 0.776576 0.484119 0.0647126
4 0.0646224 0.314983 0.127853 0.611184
4 0.107874 0.209515 0.212768 0.41903
4 0.0777204 0.237909 0.153948 0.475818
8 0.721833 0.779724 0.303742 0.0582298
4 0.107923 0.324148 0.215847 0.622518
4 0.135355 0.235658 0.270709 0.471316
8 0.495574 0.778708 0.432908 0.0615665
8 0.391371 0.370657 0.777936 0.672462
8 0.571785 0.778184 0.353774 0.0598156
8 0.435607 0.779189 0.242139 0.0600967
8 0.209409 0.781478 0.190872 0.0589025
4 0.226664 0.209396 0.453328 0.376761
4 0.0327273 0.168372 0.0654547 0.336744
6 0.426345 0.909442 0.0317633 0.0861494
4 0.156557 0.317028 0.310604 0.634056
8 0.192559 0.356026 0.384948 0.712052
4 0.0295183 0.216968 0.0590366 0.351917
8 0.233063 0.446287 0.462155 0.831896
6 0.172772 0.913885 0.0396353 0.0952379
0 0.840447 0.234207 0.0978296 0.125458
0 0.779061 0.233028 0.0894611 0.122512
6 0.70011 0.902723 0.0360131 0.0925566
4 0.29971 0.195212 0.59942 0.387376
0 0.905366 0.232394 0.0996643 0.124786
6 0.0866918 0.913988 0.0401778 0.0910496
6 0.81506 0.900502 0.0414717 0.0919022
6 0.142742 0.915822 0.0408969 0.0935421
4 0.352543 0.30096 0.705085 0.575368
0 0.652053 0.234457 0.0780605 0.122391
6 0.78635 0.90024 0.0401052 0.089456
0 0.715178 0.234405 0.0858749 0.121316
4 0.250564 0.299743 0.501127 0.590626
6 0.200143 0.909778 0.042626 0.0975462
6 0.0565104 0.91447 0.0435355 0.0905876
6 0.758272 0.901199 0.037318 0.0896957
6 0.728458 0.901934 0.0378036 0.090381
0 0.590331 0.235537 0.0686918 0.123962
0 0.959263 0.231182 0.0814734 0.12592
0 0.933026 0.232653 0.0445719 0.123151
4 0.174999 0.204968 0.335391 0.401331
6 0.368044 0.910053 0.0318614 0.0939024
6 0.397662 0.908392 0.0346363 0.0937984
4 0.495374 0.328674 0.937254 0.519464
8 0.67815 0.778303 0.416565 0.0601757
6 0.844737 0.899157 0.0461391 0.0925041
8 0.281485 0.356297 0.559958 0.697308
8 0.583583 0.776576 0.484119 0.0647126
4 0.0646224 0.314983 0.127853 0.611184
4 0.107874 0.209515 0.212768 0.41903
4 0.0777204 0.237909 0.153948 0.475818
8 0.721833 0.779724 0.303742 0.0582298
4 0.107923 0.324148 0.215847 0.622518
4 0.135355 0.235658 0.270709 0.471316
8 0.495574 0.778708 0.432908 0.0615665
8 0.391371 0.370657 0.777936 0.672462
8 0.571785 0.778184 0.353774 0.0598156
8 0.435607 0.779189 0.242139 0.0600967
8 0.209409 0.781478 0.190872 0.0589025
4 0.226664 0.209396 0.453328 0.376761
4 0.0327273 0.168372 0.0654547 0.336744
6 0.426345 0.909442 0.0317633 0.0861494
4 0.156557 0.317028 0.310604 0.634056
8 0.192559 0.356026 0.384948 0.712052
4 0.0295183 0.216968 0.0590366 0.351917
8 0.233063 0.446287 0.462155 0.831896
