6 0.257015 0.69108 0.0623411 0.151225
1 0.733902 0.942267 0.0981052 0.11525
6 0.209885 0.691378 0.0671672 0.148409
6 0.164499 0.690879 0.0648136 0.145987
6 0.30848 0.690869 0.0573057 0.150671
7 0.624201 0.701647 0.0576766 0.141236
6 0.264513 0.427426 0.0418653 0.161184
1 0.825058 0.942118 0.102038 0.115176
6 0.765017 0.44844 0.0482235 0.155682
6 0.213632 0.428104 0.0418103 0.160359
7 0.575116 0.700444 0.0599438 0.146012
6 0.236728 0.431167 0.0369095 0.158266
6 0.411896 0.437483 0.0280698 0.158371
6 0.689757 0.447205 0.040643 0.155435
6 0.158183 0.424749 0.0571163 0.162684
7 0.533944 0.698517 0.0567789 0.138482
6 0.793138 0.447653 0.0539814 0.157946
6 0.459029 0.440031 0.031686 0.156157
7 0.849651 0.705066 0.0663387 0.135618
6 0.139212 0.424171 0.0460403 0.162807
6 0.570885 0.441289 0.0591357 0.161909
6 0.484509 0.441202 0.0329256 0.156986
6 0.741001 0.448084 0.0411617 0.155666
7 0.808454 0.705077 0.0619888 0.144046
6 0.507853 0.441204 0.0323738 0.160243
6 0.723797 0.447487 0.0451254 0.155276
6 0.531407 0.441978 0.0380026 0.159894
7 0.718303 0.702726 0.0600379 0.142503
7 0.75412 0.70607 0.0732937 0.147713
6 0.436116 0.438322 0.027849 0.157867
7 0.660773 0.704202 0.0762987 0.143083
7 0.640345 0.701949 0.0843788 0.140049
7 0.831914 0.704435 0.09695 0.138365
7 0.733102 0.703051 0.0878222 0.142872
7 0.588263 0.702836 0.0331329 0.143233
7 0.554092 0.698922 0.100053 0.141248
7 0.608262 0.701327 0.0742508 0.143775
8 0.283929 0.244946 0.175449 0.0786314
7 0.767049 0.704033 0.0478157 0.150837
6 0.257015 0.69108 0.0623411 0.151225
1 0.733902 0.942267 0.0981052 0.11525
6 0.209885 0.691378 0.0671672 0.148409
6 0.164499 0.690879 0.0648136 0.145987
6 0.30848 0.690869 0.0573057 0.150671
7 0.624201 0.701647 0.0576766 0.141236
6 0.264513 0.427426 0.0418653 0.161184
1 0.825058 0.942118 0.102038 0.115176
6 0.765017 0.44844 0.0482235 0.155682
6 0.213632 0.428104 0.0418103 0.160359
7 0.575116 0.700444 0.0599438 0.146012
6 0.236728 0.431167 0.0369095 0.158266
6 0.411896 0.437483 0.0280698 0.158371
6 0.689757 0.447205 0.040643 0.155435
6 0.158183 0.424749 0.0571163 0.162684
7 0.533944 0.698517 0.0567789 0.138482
6 0.793138 0.447653 0.0539814 0.157946
6 0.459029 0.440031 0.031686 0.156157
7 0.849651 0.705066 0.0663387 0.135618
6 0.139212 0.424171 0.0460403 0.162807
6 0.570885 0.441289 0.0591357 0.161909
6 0.484509 0.441202 0.0329256 0.156986
6 0.741001 0.448084 0.0411617 0.155666
7 0.808454 0.705077 0.0619888 0.144046
6 0.507853 0.441204 0.0323738 0.160243
6 0.723797 0.447487 0.0451254 0.155276
6 0.531407 0.441978 0.0380026 0.159894
7 0.718303 0.702726 0.0600379 0.142503
7 0.75412 0.70607 0.0732937 0.147713
6 0.436116 0.438322 0.027849 0.157867
7 0.660773 0.704202 0.0762987 0.143083
7 0.640345 0.701949 0.0843788 0.140049
7 0.831914 0.704435 0.09695 0.138365
7 0.733102 0.703051 0.0878222 0.142872
7 0.588263 0.702836 0.0331329 0.143233
7 0.554092 0.698922 0.100053 0.141248
7 0.608262 0.701327 0.0742508 0.143775
8 0.283929 0.244946 0.175449 0.0786314
7 0.767049 0.704033 0.0478157 0.150837
