0 0.36041 0.586872 0.0306111 0.0496662
4 0.860555 0.291257 0.278891 0.579811
0 0.215798 0.663199 0.0349383 0.0509743
0 0.165158 0.336662 0.0122805 0.017832
3 0.418958 0.14611 0.0139231 0.0474805
3 0.433459 0.145977 0.015942 0.0478296
0 0.170658 0.2885 0.015497 0.030529
3 0.405096 0.147987 0.0139125 0.041151
3 0.861783 0.369952 0.275045 0.739905
0 0.187219 0.664228 0.0258839 0.0493402
0 0.178125 0.336595 0.0109126 0.0176322
0 0.36041 0.586872 0.0306111 0.0496662
4 0.860555 0.291257 0.278891 0.579811
0 0.215798 0.663199 0.0349383 0.0509743
0 0.165158 0.336662 0.0122805 0.017832
3 0.418958 0.14611 0.0139231 0.0474805
3 0.433459 0.145977 0.015942 0.0478296
0 0.170658 0.2885 0.015497 0.030529
3 0.405096 0.147987 0.0139125 0.041151
3 0.861783 0.369952 0.275045 0.739905
0 0.187219 0.664228 0.0258839 0.0493402
0 0.178125 0.336595 0.0109126 0.0176322
