5 0.380806 0.695512 0.0434505 0.0403746
5 0.560109 0.694091 0.0429648 0.0425593
5 0.470943 0.693533 0.0427493 0.0447793
5 0.691144 0.692055 0.0447891 0.043746
5 0.64826 0.692444 0.0430501 0.0459271
5 0.425669 0.693944 0.0454344 0.0404847
5 0.604727 0.693236 0.044252 0.0435596
5 0.515132 0.692793 0.0432004 0.0452528
4 0.307228 0.121722 0.0091969 0.015623
4 0.320504 0.121385 0.00872817 0.0162465
4 0.332742 0.12088 0.00829439 0.0170623
4 0.430288 0.122474 0.0103386 0.0195269
4 0.382725 0.12215 0.0087709 0.0173501
4 0.29244 0.121329 0.0108227 0.0156049
4 0.367304 0.121309 0.01134 0.0182093
4 0.706218 0.327432 0.00753717 0.0167082
4 0.34393 0.120323 0.00921526 0.018054
4 0.24371 0.515235 0.0126779 0.0195105
4 0.268083 0.119086 0.00964785 0.0154638
4 0.406335 0.122852 0.00871954 0.0168187
4 0.394843 0.122652 0.00888758 0.0171619
4 0.595754 0.12418 0.00964947 0.017463
4 0.493885 0.327976 0.00776901 0.015607
4 0.654962 0.123616 0.0111576 0.0182341
4 0.417191 0.517159 0.00944233 0.0148697
4 0.280469 0.516897 0.00880003 0.014387
3 0.417684 0.630515 0.0158596 0.0420349
3 0.303493 0.630601 0.0142137 0.0350044
4 0.579996 0.124029 0.0104307 0.0175024
4 0.681702 0.124236 0.00918674 0.0163537
4 0.554847 0.123345 0.0107767 0.019864
3 0.443975 0.630801 0.0157928 0.0405447
4 0.50525 0.123678 0.00979233 0.0170598
4 0.656054 0.327807 0.00792522 0.0158868
4 0.669353 0.124108 0.00950766 0.0161986
4 0.543915 0.328895 0.00922775 0.0147772
4 0.480139 0.12365 0.0100098 0.0171167
4 0.467269 0.327109 0.00816994 0.0150134
4 0.3572 0.517526 0.00714755 0.0125774
4 0.34203 0.327731 0.00879402 0.0136837
4 0.304805 0.326701 0.00859041 0.0155399
4 0.51897 0.12343 0.0096262 0.0175375
4 0.729724 0.326461 0.00872059 0.0193163
4 0.367137 0.326763 0.00888028 0.0150265
4 0.507595 0.328326 0.0073597 0.0142941
4 0.395688 0.326707 0.00749121 0.0148672
4 0.479124 0.32784 0.00980511 0.0151864
3 0.290336 0.630233 0.0140144 0.0344399
4 0.694486 0.519069 0.00777893 0.0139634
4 0.293985 0.516279 0.00837054 0.0142031
4 0.430723 0.327021 0.00816231 0.0156766
3 0.391849 0.630274 0.0130796 0.0385687
3 0.35752 0.630809 0.0120837 0.0355299
3 0.318631 0.630924 0.0126825 0.0348124
4 0.692073 0.328182 0.00863514 0.0156871
4 0.719946 0.326913 0.00735683 0.0163363
4 0.670308 0.328133 0.00667458 0.0154316
4 0.244504 0.119287 0.0113493 0.0157744
4 0.430689 0.516918 0.00887966 0.0149496
4 0.319486 0.326789 0.00752549 0.0155859
4 0.557848 0.328727 0.00736666 0.0145496
4 0.291962 0.326578 0.00912972 0.0152041
3 0.34455 0.631756 0.0115746 0.0334538
3 0.275921 0.63051 0.0176825 0.038025
4 0.620223 0.32857 0.00732079 0.0145087
4 0.570031 0.329074 0.00654039 0.0136062
4 0.382929 0.326575 0.0075243 0.0153169
4 0.404815 0.5164 0.00995805 0.0152567
4 0.591869 0.3281 0.00829144 0.0148277
4 0.258517 0.516673 0.0101087 0.0184101
4 0.306819 0.51596 0.00742116 0.0140112
3 0.503265 0.251176 0.0110743 0.0288165
4 0.444914 0.327214 0.0069644 0.0151191
4 0.49277 0.123752 0.0101526 0.0170933
4 0.608368 0.124547 0.00798435 0.0173251
4 0.417104 0.327343 0.00821037 0.0150138
3 0.294423 0.445705 0.012493 0.0321253
3 0.379465 0.630786 0.0118088 0.0353771
3 0.368609 0.63126 0.0108287 0.0348789
4 0.6808 0.328687 0.00729485 0.0145795
4 0.605747 0.517973 0.0091589 0.0134398
3 0.278794 0.249402 0.0129363 0.0264681
3 0.371868 0.247445 0.0127405 0.03174
4 0.279843 0.120608 0.0102011 0.0151125
4 0.53353 0.1233 0.0102379 0.0187156
4 0.344288 0.517205 0.00842943 0.0128372
3 0.332689 0.631987 0.010843 0.0333035
4 0.642329 0.328356 0.00773516 0.0151362
4 0.642901 0.51835 0.00915155 0.0140457
4 0.468038 0.51764 0.00857325 0.0128861
4 0.519942 0.328912 0.00689583 0.0133986
4 0.444453 0.517023 0.00779514 0.0137603
3 0.285204 0.445402 0.0131966 0.0320807
4 0.228973 0.11882 0.0125033 0.0159027
3 0.379368 0.445711 0.0115305 0.0290527
4 0.606184 0.328484 0.00825329 0.0147041
4 0.680943 0.51908 0.00872364 0.0137255
3 0.384376 0.247624 0.0124537 0.0312284
4 0.481918 0.517811 0.00714989 0.0131493
3 0.330536 0.631638 0.0116832 0.0340157
4 0.368026 0.517126 0.0075902 0.0128283
4 0.693819 0.123565 0.00976515 0.0188703
3 0.395127 0.44567 0.0106622 0.0289412
4 0.469769 0.123849 0.00778103 0.0170983
4 0.530386 0.329048 0.00836754 0.013792
3 0.305988 0.445531 0.0126629 0.0315407
3 0.358577 0.247381 0.012568 0.031787
4 0.379397 0.516793 0.00754194 0.013013
3 0.392705 0.823129 0.0124638 0.026833
4 0.417965 0.123067 0.00918636 0.0173403
4 0.656423 0.51883 0.00796433 0.0136318
4 0.329894 0.516754 0.00830536 0.0131439
4 0.56706 0.124143 0.0105852 0.0179506
3 0.429583 0.630857 0.0129788 0.0399906
3 0.365335 0.445805 0.0122121 0.0293579
3 0.479715 0.249746 0.0123978 0.0300727
4 0.413045 0.516894 0.00718765 0.0143716
3 0.397388 0.247766 0.013168 0.0307639
4 0.706161 0.518704 0.00804996 0.0145448
3 0.467363 0.248622 0.0131052 0.0311953
4 0.494104 0.518168 0.00707655 0.0120724
4 0.631566 0.328846 0.00698509 0.0139287
3 0.315888 0.247851 0.0128049 0.0310564
3 0.409012 0.44572 0.0109577 0.0287561
3 0.318517 0.445538 0.0109371 0.0304888
4 0.617735 0.124711 0.00831862 0.0174157
4 0.555729 0.51796 0.00832081 0.0130714
4 0.628705 0.124483 0.00850468 0.0188706
3 0.329562 0.445516 0.0116869 0.0301157
3 0.420019 0.24748 0.0129681 0.0311592
3 0.372302 0.827382 0.0150969 0.0382612
3 0.491886 0.250763 0.0130312 0.0297434
3 0.271148 0.63074 0.0196229 0.0383507
3 0.433547 0.247262 0.0135397 0.031331
4 0.669541 0.518905 0.00763416 0.013199
4 0.280206 0.3263 0.00943108 0.0150387
4 0.354227 0.326904 0.00971756 0.0145134
3 0.407763 0.823117 0.0106672 0.0264988
3 0.331212 0.247115 0.0124145 0.0314627
3 0.544364 0.824169 0.0127172 0.0288652
3 0.346046 0.247312 0.0116735 0.0314723
4 0.62041 0.518404 0.00666428 0.0128346
3 0.433999 0.446653 0.0122309 0.02925
3 0.379145 0.824131 0.012686 0.0300003
3 0.403669 0.629746 0.0105703 0.0400637
4 0.570199 0.517969 0.00684605 0.0129057
3 0.341797 0.445609 0.0112632 0.0298779
4 0.253611 0.325265 0.0123034 0.019589
4 0.518061 0.517868 0.00830574 0.0129259
4 0.288075 0.120075 0.00830135 0.0192839
3 0.445978 0.247365 0.0132582 0.0313679
4 0.40624 0.327348 0.00715942 0.0144997
3 0.410091 0.247633 0.0127871 0.0311642
3 0.352787 0.445726 0.0120927 0.0297733
4 0.31874 0.51619 0.00745878 0.0130365
4 0.337029 0.120979 0.00772123 0.0213336
3 0.302254 0.248391 0.0128815 0.0301604
4 0.543132 0.518084 0.00862026 0.013275
4 0.505511 0.51814 0.00813713 0.0118461
3 0.456699 0.247727 0.0114395 0.0316217
4 0.456024 0.51733 0.00799694 0.0121057
4 0.580055 0.328648 0.00775242 0.0133943
5 0.380806 0.695512 0.0434505 0.0403746
5 0.560109 0.694091 0.0429648 0.0425593
5 0.470943 0.693533 0.0427493 0.0447793
5 0.691144 0.692055 0.0447891 0.043746
5 0.64826 0.692444 0.0430501 0.0459271
5 0.425669 0.693944 0.0454344 0.0404847
5 0.604727 0.693236 0.044252 0.0435596
5 0.515132 0.692793 0.0432004 0.0452528
4 0.307228 0.121722 0.0091969 0.015623
4 0.320504 0.121385 0.00872817 0.0162465
4 0.332742 0.12088 0.00829439 0.0170623
4 0.430288 0.122474 0.0103386 0.0195269
4 0.382725 0.12215 0.0087709 0.0173501
4 0.29244 0.121329 0.0108227 0.0156049
4 0.367304 0.121309 0.01134 0.0182093
4 0.706218 0.327432 0.00753717 0.0167082
4 0.34393 0.120323 0.00921526 0.018054
4 0.24371 0.515235 0.0126779 0.0195105
4 0.268083 0.119086 0.00964785 0.0154638
4 0.406335 0.122852 0.00871954 0.0168187
4 0.394843 0.122652 0.00888758 0.0171619
4 0.595754 0.12418 0.00964947 0.017463
4 0.493885 0.327976 0.00776901 0.015607
4 0.654962 0.123616 0.0111576 0.0182341
4 0.417191 0.517159 0.00944233 0.0148697
4 0.280469 0.516897 0.00880003 0.014387
3 0.417684 0.630515 0.0158596 0.0420349
3 0.303493 0.630601 0.0142137 0.0350044
4 0.579996 0.124029 0.0104307 0.0175024
4 0.681702 0.124236 0.00918674 0.0163537
4 0.554847 0.123345 0.0107767 0.019864
3 0.443975 0.630801 0.0157928 0.0405447
4 0.50525 0.123678 0.00979233 0.0170598
4 0.656054 0.327807 0.00792522 0.0158868
4 0.669353 0.124108 0.00950766 0.0161986
4 0.543915 0.328895 0.00922775 0.0147772
4 0.480139 0.12365 0.0100098 0.0171167
4 0.467269 0.327109 0.00816994 0.0150134
4 0.3572 0.517526 0.00714755 0.0125774
4 0.34203 0.327731 0.00879402 0.0136837
4 0.304805 0.326701 0.00859041 0.0155399
4 0.51897 0.12343 0.0096262 0.0175375
4 0.729724 0.326461 0.00872059 0.0193163
4 0.367137 0.326763 0.00888028 0.0150265
4 0.507595 0.328326 0.0073597 0.0142941
4 0.395688 0.326707 0.00749121 0.0148672
4 0.479124 0.32784 0.00980511 0.0151864
3 0.290336 0.630233 0.0140144 0.0344399
4 0.694486 0.519069 0.00777893 0.0139634
4 0.293985 0.516279 0.00837054 0.0142031
4 0.430723 0.327021 0.00816231 0.0156766
3 0.391849 0.630274 0.0130796 0.0385687
3 0.35752 0.630809 0.0120837 0.0355299
3 0.318631 0.630924 0.0126825 0.0348124
4 0.692073 0.328182 0.00863514 0.0156871
4 0.719946 0.326913 0.00735683 0.0163363
4 0.670308 0.328133 0.00667458 0.0154316
4 0.244504 0.119287 0.0113493 0.0157744
4 0.430689 0.516918 0.00887966 0.0149496
4 0.319486 0.326789 0.00752549 0.0155859
4 0.557848 0.328727 0.00736666 0.0145496
4 0.291962 0.326578 0.00912972 0.0152041
3 0.34455 0.631756 0.0115746 0.0334538
3 0.275921 0.63051 0.0176825 0.038025
4 0.620223 0.32857 0.00732079 0.0145087
4 0.570031 0.329074 0.00654039 0.0136062
4 0.382929 0.326575 0.0075243 0.0153169
4 0.404815 0.5164 0.00995805 0.0152567
4 0.591869 0.3281 0.00829144 0.0148277
4 0.258517 0.516673 0.0101087 0.0184101
4 0.306819 0.51596 0.00742116 0.0140112
3 0.503265 0.251176 0.0110743 0.0288165
4 0.444914 0.327214 0.0069644 0.0151191
4 0.49277 0.123752 0.0101526 0.0170933
4 0.608368 0.124547 0.00798435 0.0173251
4 0.417104 0.327343 0.00821037 0.0150138
3 0.294423 0.445705 0.012493 0.0321253
3 0.379465 0.630786 0.0118088 0.0353771
3 0.368609 0.63126 0.0108287 0.0348789
4 0.6808 0.328687 0.00729485 0.0145795
4 0.605747 0.517973 0.0091589 0.0134398
3 0.278794 0.249402 0.0129363 0.0264681
3 0.371868 0.247445 0.0127405 0.03174
4 0.279843 0.120608 0.0102011 0.0151125
4 0.53353 0.1233 0.0102379 0.0187156
4 0.344288 0.517205 0.00842943 0.0128372
3 0.332689 0.631987 0.010843 0.0333035
4 0.642329 0.328356 0.00773516 0.0151362
4 0.642901 0.51835 0.00915155 0.0140457
4 0.468038 0.51764 0.00857325 0.0128861
4 0.519942 0.328912 0.00689583 0.0133986
4 0.444453 0.517023 0.00779514 0.0137603
3 0.285204 0.445402 0.0131966 0.0320807
4 0.228973 0.11882 0.0125033 0.0159027
3 0.379368 0.445711 0.0115305 0.0290527
4 0.606184 0.328484 0.00825329 0.0147041
4 0.680943 0.51908 0.00872364 0.0137255
3 0.384376 0.247624 0.0124537 0.0312284
4 0.481918 0.517811 0.00714989 0.0131493
3 0.330536 0.631638 0.0116832 0.0340157
4 0.368026 0.517126 0.0075902 0.0128283
4 0.693819 0.123565 0.00976515 0.0188703
3 0.395127 0.44567 0.0106622 0.0289412
4 0.469769 0.123849 0.00778103 0.0170983
4 0.530386 0.329048 0.00836754 0.013792
3 0.305988 0.445531 0.0126629 0.0315407
3 0.358577 0.247381 0.012568 0.031787
4 0.379397 0.516793 0.00754194 0.013013
3 0.392705 0.823129 0.0124638 0.026833
4 0.417965 0.123067 0.00918636 0.0173403
4 0.656423 0.51883 0.00796433 0.0136318
4 0.329894 0.516754 0.00830536 0.0131439
4 0.56706 0.124143 0.0105852 0.0179506
3 0.429583 0.630857 0.0129788 0.0399906
3 0.365335 0.445805 0.0122121 0.0293579
3 0.479715 0.249746 0.0123978 0.0300727
4 0.413045 0.516894 0.00718765 0.0143716
3 0.397388 0.247766 0.013168 0.0307639
4 0.706161 0.518704 0.00804996 0.0145448
3 0.467363 0.248622 0.0131052 0.0311953
4 0.494104 0.518168 0.00707655 0.0120724
4 0.631566 0.328846 0.00698509 0.0139287
3 0.315888 0.247851 0.0128049 0.0310564
3 0.409012 0.44572 0.0109577 0.0287561
3 0.318517 0.445538 0.0109371 0.0304888
4 0.617735 0.124711 0.00831862 0.0174157
4 0.555729 0.51796 0.00832081 0.0130714
4 0.628705 0.124483 0.00850468 0.0188706
3 0.329562 0.445516 0.0116869 0.0301157
3 0.420019 0.24748 0.0129681 0.0311592
3 0.372302 0.827382 0.0150969 0.0382612
3 0.491886 0.250763 0.0130312 0.0297434
3 0.271148 0.63074 0.0196229 0.0383507
3 0.433547 0.247262 0.0135397 0.031331
4 0.669541 0.518905 0.00763416 0.013199
4 0.280206 0.3263 0.00943108 0.0150387
4 0.354227 0.326904 0.00971756 0.0145134
3 0.407763 0.823117 0.0106672 0.0264988
3 0.331212 0.247115 0.0124145 0.0314627
3 0.544364 0.824169 0.0127172 0.0288652
3 0.346046 0.247312 0.0116735 0.0314723
4 0.62041 0.518404 0.00666428 0.0128346
3 0.433999 0.446653 0.0122309 0.02925
3 0.379145 0.824131 0.012686 0.0300003
3 0.403669 0.629746 0.0105703 0.0400637
4 0.570199 0.517969 0.00684605 0.0129057
3 0.341797 0.445609 0.0112632 0.0298779
4 0.253611 0.325265 0.0123034 0.019589
4 0.518061 0.517868 0.00830574 0.0129259
4 0.288075 0.120075 0.00830135 0.0192839
3 0.445978 0.247365 0.0132582 0.0313679
4 0.40624 0.327348 0.00715942 0.0144997
3 0.410091 0.247633 0.0127871 0.0311642
3 0.352787 0.445726 0.0120927 0.0297733
4 0.31874 0.51619 0.00745878 0.0130365
4 0.337029 0.120979 0.00772123 0.0213336
3 0.302254 0.248391 0.0128815 0.0301604
4 0.543132 0.518084 0.00862026 0.013275
4 0.505511 0.51814 0.00813713 0.0118461
3 0.456699 0.247727 0.0114395 0.0316217
4 0.456024 0.51733 0.00799694 0.0121057
4 0.580055 0.328648 0.00775242 0.0133943
