5 0.36015625 0.34375 0.06953125 0.11796875
5 0.43046875 0.34296875 0.06796875 0.11796875
5 0.49921875 0.3390625 0.06875 0.11328125
5 0.5671875 0.33125 0.0671875 0.1015625
5 0.63515625 0.33046875 0.0671875 0.10234375
5 0.70390625 0.32734375 0.06953125 0.10078125
5 0.771875 0.3265625 0.06640625 0.10546875
5 0.83984375 0.32421875 0.0703125 0.10234375
3 0.20859375 0.12578125 0.01640625 0.0953125
3 0.225 0.12734375 0.015625 0.09609375
3 0.24140625 0.12578125 0.01640625 0.09375
3 0.259375 0.12421875 0.01875 0.09375
3 0.278125 0.12421875 0.01875 0.09453125
3 0.29609375 0.1234375 0.01640625 0.09453125
3 0.31328125 0.12421875 0.01796875 0.0953125
3 0.33046875 0.1234375 0.01953125 0.0953125
3 0.34921875 0.12265625 0.0171875 0.09609375
3 0.365625 0.12109375 0.01640625 0.09296875
3 0.38359375 0.12109375 0.01640625 0.09375
3 0.43046875 0.12578125 0.06953125 0.1078125
5 0.25625 0.33203125 0.13984375 0.05859375
1 0.1640625 0.12890625 0.07578125 0.0640625