6 0.946875 0.584375 0.946875 0.626562 0.976562 0.626562 0.976562 0.584375
6 0.771875 0.590625 0.771875 0.632812 0.801562 0.632812 0.801562 0.590625
6 0.509375 0.584375 0.509375 0.63125 0.53125 0.63125 0.532812 0.629687 0.534375 0.629687 0.535937 0.628125 0.535937 0.6 0.5375 0.598437 0.5375 0.584375
6 0.421875 0.584375 0.421875 0.628125 0.426562 0.628125 0.428125 0.629687 0.440625 0.629687 0.442187 0.63125 0.446875 0.63125 0.45 0.628125 0.45 0.595312 0.451562 0.59375 0.451562 0.584375
6 0.740625 0.590625 0.740625 0.632812 0.767187 0.632812 0.767187 0.626562 0.76875 0.625 0.76875 0.590625
6 0.496875 0.390625 0.496875 0.439063 0.521875 0.439063 0.521875 0.432813 0.523438 0.43125 0.523438 0.403125 0.525 0.401563 0.525 0.390625
6 0.628125 0.584375 0.628125 0.63125 0.639063 0.63125 0.640625 0.632812 0.646875 0.632812 0.65 0.629687 0.65 0.614062 0.651563 0.6125 0.651563 0.60625 0.65 0.604688 0.65 0.584375
6 0.890625 0.384375 0.890625 0.426562 0.898438 0.426562 0.9 0.428125 0.9 0.432813 0.920313 0.432813 0.920313 0.384375
6 0.921875 0.384375 0.921875 0.432813 0.93125 0.432813 0.93125 0.428125 0.932813 0.426562 0.942187 0.426562 0.94375 0.425 0.951563 0.425 0.951563 0.384375
6 0.334375 0.590625 0.334375 0.639063 0.359375 0.639063 0.359375 0.634375 0.360938 0.632812 0.360938 0.63125 0.3625 0.629687 0.3625 0.609375 0.364062 0.607813 0.364062 0.603125 0.365625 0.601562 0.370313 0.601562 0.370313 0.590625
6 0.684375 0.590625 0.684375 0.632812 0.714063 0.632812 0.714063 0.590625
6 0.796875 0.590625 0.796875 0.632812 0.823438 0.632812 0.823438 0.625 0.825 0.623438 0.825 0.590625
6 0.484375 0.584375 0.484375 0.63125 0.503125 0.63125 0.504687 0.629687 0.504687 0.628125 0.50625 0.626562 0.50625 0.59375 0.507812 0.592188 0.507812 0.584375
6 0.015625 0.596875 0.015625 0.639063 0.0375 0.639063 0.0375 0.632812 0.0390625 0.63125 0.0390625 0.629687 0.040625 0.628125 0.0453125 0.628125 0.0453125 0.596875
6 0.653125 0.590625 0.653125 0.632812 0.676562 0.632812 0.679688 0.629687 0.679688 0.590625
6 0.859375 0.384375 0.859375 0.432813 0.889063 0.432813 0.889063 0.384375
6 0.715625 0.584375 0.715625 0.63125 0.73125 0.63125 0.732813 0.632812 0.734375 0.63125 0.735937 0.63125 0.740625 0.626562 0.745313 0.626562 0.745313 0.584375
6 0.465625 0.390625 0.465625 0.439063 0.492188 0.439063 0.492188 0.429688 0.49375 0.428125 0.49375 0.390625
6 0.921875 0.584375 0.921875 0.626562 0.928125 0.626562 0.929688 0.625 0.942187 0.625 0.945312 0.621875 0.945312 0.617188 0.94375 0.615625 0.94375 0.584375
6 0.584375 0.390625 0.584375 0.432813 0.598437 0.432813 0.6 0.434375 0.6 0.439063 0.603125 0.439063 0.603125 0.434375 0.604688 0.432813 0.609375 0.432813 0.6125 0.429688 0.6125 0.390625
6 0.309375 0.584375 0.309375 0.639063 0.329688 0.639063 0.329688 0.634375 0.33125 0.632812 0.33125 0.63125 0.334375 0.628125 0.339063 0.628125 0.339063 0.623438 0.334375 0.623438 0.332812 0.621875 0.332812 0.609375 0.334375 0.607813 0.339063 0.607813 0.339063 0.584375
6 0.615625 0.390625 0.615625 0.43125 0.623438 0.43125 0.625 0.432813 0.640625 0.432813 0.642187 0.43125 0.642187 0.428125 0.64375 0.426562 0.64375 0.390625
6 0.396875 0.584375 0.396875 0.632812 0.426562 0.632812 0.426562 0.584375
6 0.596875 0.584375 0.596875 0.639063 0.607813 0.639063 0.607813 0.634375 0.609375 0.632812 0.617188 0.632812 0.61875 0.63125 0.621875 0.63125 0.623438 0.629687 0.623438 0.584375
6 0.953125 0.384375 0.953125 0.425 0.971875 0.425 0.973437 0.423438 0.982813 0.423438 0.982813 0.384375
6 0.346875 0.390625 0.346875 0.439063 0.382812 0.439063 0.382812 0.390625
6 0.040625 0.596875 0.040625 0.639063 0.059375 0.639063 0.059375 0.634375 0.0609375 0.632812 0.0625 0.632812 0.0640625 0.63125 0.0703125 0.63125 0.0703125 0.596875
6 0.971875 0.584375 0.971875 0.626562 0.998438 0.626562 0.998438 0.584375
6 0.540625 0.584375 0.540625 0.63125 0.570312 0.63125 0.570312 0.584375
6 0.228125 0.390625 0.228125 0.439063 0.25 0.439063 0.25 0.434375 0.253125 0.43125 0.257812 0.43125 0.257812 0.390625
6 0.453125 0.584375 0.453125 0.63125 0.482812 0.63125 0.482812 0.584375
6 0.528125 0.396875 0.528125 0.432813 0.54375 0.432813 0.545313 0.434375 0.545313 0.439063 0.545313 0.434375 0.55 0.429688 0.55 0.41875 0.551562 0.417188 0.551562 0.4125 0.55 0.410937 0.55 0.407813 0.551562 0.40625 0.551562 0.396875
6 0.646875 0.396875 0.646875 0.43125 0.659375 0.43125 0.660937 0.432813 0.665625 0.432813 0.667188 0.43125 0.667188 0.429688 0.66875 0.428125 0.66875 0.423438 0.670313 0.421875 0.670313 0.396875
6 0.071875 0.596875 0.071875 0.639063 0.096875 0.639063 0.096875 0.632812 0.0984375 0.63125 0.0984375 0.596875
6 0.196875 0.390625 0.196875 0.439063 0.226562 0.439063 0.226562 0.390625
6 0.734375 0.390625 0.734375 0.43125 0.759375 0.43125 0.759375 0.429688 0.760938 0.428125 0.760938 0.421875 0.7625 0.420312 0.7625 0.417188 0.760938 0.415625 0.760938 0.409375 0.7625 0.407813 0.7625 0.390625
6 0.365625 0.590625 0.365625 0.632812 0.371875 0.632812 0.373437 0.63125 0.389062 0.63125 0.392188 0.628125 0.392188 0.625 0.39375 0.623438 0.39375 0.590625
6 0.315625 0.390625 0.315625 0.439063 0.351562 0.439063 0.351562 0.390625
6 0.553125 0.396875 0.553125 0.43125 0.579687 0.43125 0.58125 0.429688 0.58125 0.425 0.582812 0.423438 0.582812 0.396875
6 0.253125 0.396875 0.253125 0.439063 0.289062 0.439063 0.289062 0.396875
6 0.278125 0.596875 0.278125 0.639063 0.298438 0.639063 0.298438 0.634375 0.3 0.632812 0.307813 0.632812 0.307813 0.596875
6 0.834375 0.403125 0.834375 0.432813 0.857813 0.432813 0.857813 0.403125
6 0.828125 0.384375 0.828125 0.432813 0.854688 0.432813 0.854688 0.423438 0.85625 0.421875 0.85625 0.384375
6 0.103125 0.596875 0.103125 0.639063 0.123438 0.639063 0.123438 0.634375 0.126563 0.63125 0.132812 0.63125 0.132812 0.596875
6 0.3125 0.590625 0.3125 0.626562 0.317187 0.63125 0.31875 0.63125 0.320312 0.632812 0.326562 0.632812 0.326562 0.590625
6 0.046875 0.596875 0.046875 0.639063 0.0671875 0.639063 0.0671875 0.632812 0.06875 0.63125 0.06875 0.629687 0.0703125 0.628125 0.0703125 0.626562 0.06875 0.625 0.06875 0.596875
6 0.703125 0.396875 0.703125 0.439063 0.71875 0.439063 0.71875 0.434375 0.720312 0.432813 0.728125 0.432813 0.732813 0.428125 0.732813 0.414062 0.734375 0.4125 0.739062 0.4125 0.739062 0.396875
6 0.571875 0.584375 0.571875 0.63125 0.578125 0.63125 0.579687 0.632812 0.589063 0.632812 0.590625 0.63125 0.592188 0.63125 0.592188 0.629687 0.59375 0.628125 0.59375 0.584375
