6 0.371875 0.528125 0.371875 0.576563 0.404687 0.576563 0.404687 0.548437 0.40625 0.546875 0.40625 0.528125
6 0.446875 0.528125 0.446875 0.576563 0.482812 0.576563 0.482812 0.528125
6 0.409375 0.528125 0.409375 0.576563 0.445312 0.576563 0.445312 0.528125
6 0.484375 0.528125 0.484375 0.576563 0.5125 0.576563 0.5125 0.539062 0.514063 0.5375 0.514063 0.528125
6 0.334375 0.528125 0.334375 0.576563 0.367188 0.576563 0.367188 0.545313 0.36875 0.54375 0.36875 0.528125
6 0.071875 0.053125 0.071875 0.107813 0.10625 0.107813 0.10625 0.053125
6 0.221875 0.528125 0.221875 0.576563 0.254687 0.576563 0.254687 0.528125
6 0.153125 0.528125 0.153125 0.576563 0.182812 0.576563 0.182812 0.528125
6 0.296875 0.528125 0.296875 0.576563 0.329688 0.576563 0.329688 0.5625 0.33125 0.560938 0.33125 0.528125
6 0.184375 0.528125 0.184375 0.576563 0.220313 0.576563 0.220313 0.528125
6 0.453125 0.053125 0.453125 0.120312 0.495313 0.120312 0.495313 0.053125
6 0.109375 0.053125 0.109375 0.114063 0.151562 0.114063 0.151562 0.053125
6 0.259375 0.528125 0.259375 0.576563 0.292188 0.576563 0.292188 0.5625 0.29375 0.560938 0.29375 0.528125
6 0.153125 0.053125 0.153125 0.114063 0.1625 0.114063 0.164062 0.115625 0.164062 0.120312 0.189063 0.120312 0.189063 0.053125
6 0.515625 0.528125 0.515625 0.582812 0.545313 0.582812 0.545313 0.578125 0.548437 0.575 0.548437 0.570312 0.55 0.56875 0.55 0.528125
6 0.259375 0.053125 0.259375 0.120312 0.292188 0.120312 0.292188 0.115625 0.29375 0.114063 0.29375 0.109375 0.295312 0.107813 0.29375 0.10625 0.29375 0.1 0.295312 0.0984375 0.295312 0.0921875 0.29375 0.090625 0.29375 0.053125
6 0.003125 0.528125 0.003125 0.576563 0.0296875 0.576563 0.0296875 0.571875 0.034375 0.567187 0.0390625 0.567187 0.0390625 0.528125
6 0.040625 0.528125 0.040625 0.576563 0.06875 0.576563 0.06875 0.570312 0.071875 0.567187 0.0765625 0.567187 0.0765625 0.528125
6 0.296875 0.053125 0.296875 0.120312 0.33125 0.120312 0.33125 0.110937 0.332812 0.109375 0.332812 0.053125
6 0.078125 0.528125 0.078125 0.576563 0.114063 0.576563 0.114063 0.528125
6 0.496875 0.053125 0.496875 0.120312 0.529688 0.120312 0.529688 0.0984375 0.53125 0.096875 0.53125 0.053125
6 0.159375 0.528125 0.159375 0.576563 0.189063 0.576563 0.189063 0.528125
6 0.190625 0.053125 0.190625 0.120312 0.223438 0.120312 0.223438 0.115625 0.228125 0.110937 0.232812 0.110937 0.232812 0.0640625 0.228125 0.0640625 0.226562 0.0625 0.226562 0.0609375 0.225 0.059375 0.225 0.053125
6 0.109375 0.534375 0.109375 0.576563 0.145313 0.576563 0.145313 0.534375
