6 0.24803 0.234925 0.493792 0.467932
0 0.748206 0.195146 0.0713943 0.105121
6 0.253131 0.15602 0.502862 0.31204
0 0.798721 0.195396 0.0698845 0.104641
0 0.843939 0.196597 0.0773708 0.103434
0 0.699254 0.194769 0.0691694 0.104013
9 0.701217 0.722535 0.030788 0.0699873
6 0.364035 0.233867 0.72807 0.467735
9 0.745814 0.720814 0.0345955 0.0717057
9 0.657431 0.723107 0.0276165 0.0725145
6 0.356795 0.161004 0.713361 0.321658
9 0.723698 0.722427 0.0341547 0.06947
9 0.67988 0.72259 0.0292913 0.0720081
6 0.137961 0.161274 0.27562 0.3212
9 0.635317 0.721907 0.0260696 0.073094
0 0.649696 0.193489 0.067176 0.0995836
9 0.201354 0.738148 0.0316834 0.0740223
9 0.225743 0.738298 0.0321943 0.07458
9 0.132656 0.735879 0.0330654 0.0737454
11 0.25811 0.292022 0.502056 0.555721
6 0.153574 0.235009 0.302717 0.470018
9 0.248132 0.736027 0.0322403 0.0769289
9 0.158238 0.735942 0.0337166 0.0729009
0 0.600291 0.1927 0.066964 0.0986845
1 0.679173 0.951178 0.0894417 0.06604
1 0.762189 0.94708 0.0866663 0.0626877
9 0.156551 0.855111 0.0313751 0.0662701
10 0.784689 0.836909 0.0492287 0.0662054
6 0.195831 0.18595 0.378833 0.371191
9 0.226513 0.374015 0.45041 0.715475
10 0.70195 0.838966 0.0505981 0.0623875
10 0.687213 0.839234 0.080475 0.0626686
10 0.621659 0.843209 0.0453133 0.0694622
9 0.448592 0.730487 0.0265814 0.072781
9 0.425533 0.730834 0.0261388 0.0721952
9 0.264504 0.851666 0.0274619 0.0657372
10 0.743165 0.837847 0.046644 0.0637016
9 0.18051 0.854482 0.0297468 0.0663715
9 0.403099 0.730031 0.0254967 0.0736313
9 0.47024 0.730477 0.0245518 0.0725114
10 0.663078 0.84114 0.0458796 0.0637714
6 0.0798017 0.163352 0.158555 0.325246
6 0.108903 0.242952 0.2165 0.451612
9 0.243143 0.852609 0.0284346 0.0656075
2 0.526482 0.726331 0.0467389 0.078541
6 0.055246 0.161103 0.108236 0.322205
9 0.286591 0.851185 0.0277631 0.0652832
9 0.379237 0.730314 0.0273424 0.0763019
11 0.367856 0.289042 0.715836 0.550007
6 0.066312 0.225487 0.131125 0.450973
9 0.166938 0.854989 0.0418973 0.0673668
10 0.578906 0.844793 0.0463867 0.0649422
6 0.0383951 0.163504 0.0747383 0.327009
9 0.200221 0.854963 0.0288888 0.0680815
0 0.554474 0.192587 0.0574516 0.0973117
10 0.520951 0.846127 0.0781464 0.0660484
2 0.231738 0.374821 0.458128 0.744693
9 0.221837 0.855759 0.0289644 0.0696091
6 0.0481742 0.194333 0.0909345 0.350718
6 0.0263088 0.162415 0.0526177 0.32483
6 0.0164711 0.192457 0.03238 0.359236
9 0.30826 0.851758 0.026184 0.0648037
9 0.214071 0.85372 0.0421299 0.0663979
11 0.175334 0.294408 0.349951 0.557086
6 0.0338773 0.205107 0.0651027 0.361247
9 0.493523 0.727528 0.0253353 0.0756245
11 0.602433 0.561955 0.0600796 0.0427056
11 0.715785 0.561746 0.0714956 0.0422728
0 0.277071 0.0917265 0.554141 0.182151
9 0.176261 0.334936 0.350778 0.642442
