6 0.409631 0.832917 0.0148948 0.0186752
6 0.531433 0.848058 0.0136404 0.0209873
6 0.517842 0.847285 0.0144992 0.0204271
6 0.3327 0.821975 0.0136224 0.0209332
6 0.645742 0.860373 0.0166429 0.0243454
6 0.63147 0.858845 0.0149534 0.0230915
6 0.544946 0.848886 0.0149759 0.022604
6 0.617109 0.857647 0.0151365 0.0227131
6 0.423645 0.834452 0.0149538 0.0191563
6 0.602672 0.855943 0.0145244 0.0241104
6 0.346069 0.82299 0.0148798 0.0215099
6 0.320128 0.820437 0.0136855 0.0200863
6 0.359132 0.824439 0.0140843 0.0216867
6 0.307641 0.818142 0.0133392 0.0202076
6 0.504497 0.845513 0.0143803 0.0194843
0 0.703244 0.276791 0.0411701 0.0391673
6 0.396039 0.831217 0.0145446 0.0180954
6 0.588564 0.85427 0.0144871 0.0246309
6 0.477189 0.840291 0.013266 0.02089
6 0.247548 0.810503 0.0138535 0.0200962
6 0.573824 0.851269 0.0159605 0.0236115
6 0.234231 0.807804 0.0152657 0.0204194
6 0.662557 0.86183 0.0184244 0.0248209
6 0.295583 0.815898 0.0137118 0.0202187
6 0.383342 0.827766 0.0136976 0.0204597
6 0.491298 0.842018 0.0131777 0.0205244
6 0.558958 0.84986 0.0146172 0.0237419
6 0.371697 0.825845 0.0137185 0.0211613
6 0.258854 0.812532 0.0118089 0.0202112
6 0.46319 0.839312 0.0145446 0.0207874
6 0.433486 0.835153 0.0126678 0.0184772
6 0.786668 0.7073 0.017201 0.0271223
6 0.217718 0.806733 0.0141393 0.0203371
6 0.283383 0.814903 0.0144444 0.019738
6 0.449048 0.836509 0.0146782 0.0198477
6 0.270478 0.814215 0.0142797 0.019561
6 0.235469 0.809875 0.0136014 0.0194622
6 0.769743 0.705253 0.0169254 0.0253832
5 0.235228 0.566363 0.0314142 0.0472153
0 0.787398 0.602246 0.0387817 0.0375913
6 0.802976 0.709336 0.0162803 0.027511
6 0.330343 0.671096 0.0124245 0.0204769
6 0.407322 0.198794 0.798629 0.397589
6 0.436713 0.835432 0.0119652 0.018771
8 0.517227 0.420422 0.947309 0.840844
6 0.820002 0.709712 0.016119 0.0272894
1 0.189645 0.562561 0.0588831 0.0431808
6 0.237324 0.663443 0.0124947 0.0181042
6 0.262314 0.812843 0.0113147 0.0194405
6 0.212728 0.808259 0.0139259 0.0208502
6 0.206498 0.805845 0.0130045 0.0190599
6 0.317379 0.670543 0.013412 0.0198145
6 0.637224 0.695002 0.0152837 0.0226402
6 0.343379 0.672729 0.0130142 0.0216412
0 0.740843 0.598787 0.0374249 0.0359381
6 0.287064 0.815599 0.0119666 0.0196047
6 0.621205 0.69424 0.0151365 0.0230909
5 0.2645 0.56673 0.0322062 0.0460687
6 0.560757 0.689456 0.0132765 0.0222805
6 0.752829 0.704895 0.0155215 0.0247952
6 0.13948 0.0816639 0.0150651 0.0247945
6 0.456278 0.838041 0.0100874 0.0199924
5 0.422155 0.575034 0.0337852 0.0478682
6 0.311062 0.818684 0.0125181 0.0200722
6 0.357276 0.674466 0.0129119 0.0202937
6 0.123948 0.0831534 0.0169659 0.0265762
6 0.575774 0.69084 0.0141859 0.0226757
6 0.652445 0.697089 0.0148854 0.02253
5 0.593197 0.585471 0.0381456 0.049112
6 0.371784 0.675184 0.0138731 0.0196901
5 0.44719 0.275744 0.0370365 0.0525085
6 0.59092 0.691889 0.0138732 0.0222094
5 0.390198 0.573724 0.0333776 0.0468853
6 0.210705 0.661896 0.0109927 0.0181982
6 0.153813 0.0808816 0.0142132 0.0246757
6 0.938668 0.0203533 0.0187019 0.0327742
6 0.263559 0.664712 0.0122889 0.0191976
6 0.85728 0.0257772 0.0171913 0.031425
6 0.535682 0.687979 0.0158324 0.0210157
6 0.897887 0.0232111 0.0181774 0.0318183
5 0.484801 0.274928 0.0382935 0.0530913
0 0.694746 0.596972 0.0374638 0.0351702
6 0.918089 0.0212752 0.0204565 0.0316483
5 0.55844 0.582881 0.0366666 0.0512255
5 0.456299 0.575722 0.0337059 0.0468246
6 0.52032 0.68744 0.0129373 0.0201081
6 0.222702 0.66194 0.0116092 0.0191601
6 0.16808 0.0803461 0.0145878 0.0247685
5 0.627234 0.592796 0.0241381 0.0307915
6 0.401285 0.675665 0.0130324 0.0196829
6 0.877058 0.0243082 0.0181313 0.0319012
6 0.836821 0.0276943 0.0179485 0.030066
5 0.411788 0.2764 0.0358087 0.0523036
6 0.585648 0.852973 0.0183586 0.0242313
6 0.667978 0.698358 0.0153069 0.0242942
5 0.35959 0.572961 0.0330804 0.0470833
0 0.760952 0.275282 0.0224585 0.0422059
6 0.385875 0.675064 0.0130631 0.0194046
6 0.50597 0.686803 0.0135578 0.0214777
5 0.521965 0.580597 0.041345 0.0519318
5 0.296734 0.569165 0.0322186 0.0461447
7 0.740576 0.860174 0.0754998 0.0525181
5 0.658568 0.593282 0.0236706 0.0295624
0 0.659483 0.277686 0.0222424 0.0388653
6 0.182022 0.0797195 0.0143634 0.0239594
