8 0.167521875 0.29295625 0.1559296875 0.286003125 0.1530328125 0.25935625 0.1512921875 0.2350265625 0.1512921875 0.21726406250000002 0.1605671875 0.21764999999999998 0.1608578125 0.1975671875 0.1623046875 0.155859375 0.1353171875 0.1589796875 0.1350625 0.1960234375 0.1226 0.19717968749999998 0.12433749999999999 0.25163281249999997 0.1283953125 0.26051718749999997 0.130134375 0.2852328125 0.13999062499999998 0.3257828125 0.1683921875 0.3284859375 0.167521875 0.29295625
8 0.1823046875 0.2361859375 0.1825953125 0.216490625 0.1901296875 0.2126296875 0.1912875 0.16049375 0.163465625 0.1593328125 0.16317500000000001 0.2157171875 0.151871875 0.2195796875 0.156509375 0.28214375 0.168971875 0.291796875 0.1686828125 0.3281 0.196165625 0.3276203125 0.1996921875 0.290640625 0.184621875 0.29102656250000003 0.1840421875 0.284846875 0.18143437499999998 0.28407343749999997 0.1808546875 0.2632203125 0.17969531249999998 0.25395 0.1823046875 0.2361859375
8 0.23708281250000002 0.268240625 0.23331249999999998 0.2269171875 0.237659375 0.199496875 0.239109375 0.1620359375 0.21181250000000001 0.161296875 0.21331562499999998 0.19717968749999998 0.205490625 0.19911406250000002 0.20404062500000003 0.2253734375 0.20752031249999997 0.2771234375 0.2228796875 0.33273281250000003 0.245775 0.33504999999999996 0.23708281250000002 0.268240625
8 0.245984375 0.3308703125 0.268525 0.32944062500000004 0.2688828125 0.29320625 0.2606546875 0.283196875 0.2606546875 0.267940625 0.2567171875 0.2607859375 0.256003125 0.21787968750000003 0.2552875 0.196903125 0.2549296875 0.1902296875 0.26602031249999997 0.1883234375 0.26530468749999997 0.15972031250000002 0.251284375 0.1597734375 0.2388296875 0.16115 0.2395453125 0.1983328125 0.2334625 0.21406718749999998 0.2334625 0.23790312500000002 0.2388296875 0.2660328125 0.2395453125 0.28367343749999996 0.24813281250000002 0.2898703125 0.245984375 0.3308703125
2 0.2942078125 0.15405 0.26459062499999997 0.1525671875 0.26530468749999997 0.189753125 0.256003125 0.1926140625 0.25993750000000004 0.276996875 0.269240625 0.2951140625 0.2699578125 0.3308703125 0.296790625 0.32705625 0.2942078125 0.15405
2 0.6226671875 0.1480234375 0.5463843749999999 0.14617968750000002 0.545028125 0.322509375 0.6212375 0.3201265625 0.621953125 0.27674375 0.6291078125 0.27149999999999996 0.629821875 0.18472968750000002 0.6212375 0.184253125 0.6226671875 0.1480234375
2 0.8607374999999999 0.3077296875 0.861809375 0.27149999999999996 0.8797 0.2557671875 0.8797 0.24718281250000002 0.8822046875 0.2338359375 0.8818468749999999 0.2133359375 0.8825625 0.16709374999999999 0.864671875 0.1632765625 0.8661046875 0.1327671875 0.8420249999999999 0.133303125 0.8424906249999999 0.1694765625 0.85215 0.1713828125 0.8539406250000001 0.23622031250000003 0.846425 0.24050937499999997 0.8460671874999999 0.26339375 0.8349781249999999 0.2748359375 0.833903125 0.30820625 0.8607374999999999 0.3077296875
1 0.8257125000000001 0.71640625 0.8257125000000001 0.6923468749999999 0.810434375 0.6719859375 0.7209375 0.673340625 0.7372828124999999 0.690496875 0.734503125 0.72504375 0.7419125 0.73985 0.740059375 0.8046265625 0.732653125 0.8317734375000001 0.8312703125 0.8243703124999999 0.8359 0.7367671875 0.8257125000000001 0.71640625
1 0.915071875 0.6806234375 0.893309375 0.6658171875 0.8076578124999999 0.6664359375 0.8275656250000001 0.6898796875000001 0.8284921875 0.723809375 0.8368249999999999 0.732446875 0.8303421875 0.823753125 0.9111828125000001 0.8233140625 0.9127578125 0.8046265625 0.9252578124999999 0.800309375 0.9243296875 0.77995 0.9298875000000001 0.7750140625 0.9243296875 0.7244265624999999 0.9169218750000001 0.717640625 0.915071875 0.6806234375
8 0.7111203125000001 0.18188593749999998 0.718565625 0.18335625 0.7210468750000001 0.2653 0.7089125000000001 0.2700765625 0.7064328125 0.31270312499999997 0.7338 0.313940625 0.734284375 0.2730171875 0.7444875 0.2653 0.7439375 0.187396875 0.7381453125 0.1804171875 0.738421875 0.14734375 0.7116703125 0.146609375 0.7111203125000001 0.18188593749999998
8 0.7403531250000001 0.1774765625 0.7461421875 0.1829859375 0.7442124999999999 0.2653 0.7353875000000001 0.2752234375 0.7340093750000001 0.3119703125 0.7577843750000001 0.3122859375 0.7593796875 0.282940625 0.7709625 0.27044375 0.7717906250000001 0.184090625 0.7635171875 0.174903125 0.7648953125 0.148446875 0.740903125 0.14734375 0.7403531250000001 0.1774765625
8 0.7640671875 0.145140625 0.7654468750000001 0.17085937499999998 0.7734453125 0.182253125 0.7734453125 0.26934375 0.7602078125 0.285509375 0.7596546875 0.31270312499999997 0.7838406250000001 0.31504374999999996 0.783371875 0.2847765625 0.7974375 0.26640312499999996 0.7971625 0.24692656249999997 0.802403125 0.185559375 0.789165625 0.17600625 0.7883375 0.14587343749999998 0.7640671875 0.145140625
8 0.7899921875 0.14550625 0.7902671875 0.174903125 0.798265625 0.18519375 0.7993671875 0.26750625 0.784475 0.2869796875 0.7842 0.31380625 0.807828125 0.3128359375 0.8070906250000001 0.2847765625 0.8197749999999999 0.2645671875 0.8241875000000001 0.23590312500000002 0.8263953125000001 0.1804171875 0.8150875 0.1730671875 0.8153625 0.1447703125 0.7899921875 0.14550625
8 0.807640625 0.31086718750000003 0.8341156249999999 0.3097640625 0.8352171875 0.282203125 0.8459749999999999 0.2616265625 0.8459749999999999 0.24545625000000001 0.8553499999999999 0.2311265625 0.8528671875 0.1730671875 0.8412843750000001 0.166453125 0.8417406250000001 0.143 0.8156375 0.14440312500000002 0.818396875 0.1730671875 0.825290625 0.178946875 0.8217046874999999 0.2355359375 0.8206031250000001 0.239946875 0.8217046874999999 0.2667703125 0.8087453124999999 0.2818359375 0.807640625 0.31086718750000003
8 0.2191 0.5721359374999999 0.21102500000000002 0.5632328125 0.20601562499999998 0.49534687499999996 0.2207703125 0.48755625 0.2191 0.44637656249999996 0.1671421875 0.44942656249999996 0.1657921875 0.48794062499999996 0.15632812499999998 0.49239062499999997 0.1571625 0.545440625 0.1627296875 0.5699234375 0.172196875 0.5717796875000001 0.17330937500000002 0.599603125 0.21937812499999998 0.5984765624999999 0.2191 0.5721359374999999
10 0.183353125 0.0732828125 0.196115625 0.09880625 0.8597374999999999 0.084409375 0.8754421875 0.059540625 0.876425 0 0.18218281249999999 0.0089140625 0.183353125 0.0732828125
8 0.269146875 0.5654328125 0.2609 0.561640625 0.26203750000000003 0.543440625 0.25749062500000003 0.5381328125 0.256634375 0.5119703125 0.2663046875 0.49452656250000004 0.266871875 0.4452359375 0.219721875 0.4456734375 0.2202375 0.483153125 0.20715781249999998 0.5021093750000001 0.21057031249999997 0.56315625 0.218246875 0.5718765625 0.2191 0.5991765625000001 0.2688625 0.596903125 0.269146875 0.5654328125
8 0.2697171875 0.5654328125 0.2685796875 0.5965234374999999 0.318909375 0.596903125 0.3180578125 0.570740625 0.3115171875 0.561259375 0.312084375 0.5400265625 0.30839062500000003 0.5373734375 0.3069671875 0.5100734375 0.313221875 0.48429062500000003 0.3146453125 0.44447656249999995 0.2670546875 0.4448203125 0.26744218750000004 0.48656718750000005 0.258909375 0.5078 0.2572046875 0.516140625 0.2583421875 0.5351 0.26118437499999997 0.543440625 0.2614703125 0.5601234374999999 0.2697171875 0.5654328125
8 0.3183421875 0.5957671875 0.3655453125 0.5946265625 0.3655453125 0.565053125 0.3575828125 0.5593671875 0.3573 0.4926328125 0.36185 0.483153125 0.36185 0.44485625000000006 0.31439062500000003 0.4448203125 0.3146453125 0.4820171875 0.30839062500000003 0.5017328125 0.30810468750000003 0.534340625 0.310946875 0.5407859375 0.3123703125 0.5589859374999999 0.3191953125 0.570359375 0.3183421875 0.5957671875
9 0.632003125 0.56455 0.635321875 0.5596828125 0.634325 0.5393265625 0.6383078125 0.5309203124999999 0.6399671875 0.47825937500000004 0.6346578125 0.47427656249999994 0.6369796875 0.437990625 0.5389875 0.43850937500000003 0.5404078125 0.478703125 0.5433953125000001 0.48224375 0.543728125 0.5574703125 0.541071875 0.5565828125000001 0.5404078125 0.585346875 0.632996875 0.58490625 0.632003125 0.56455
9 0.632996875 0.58490625 0.7265843750000001 0.5804796875 0.7275796875 0.5543734375 0.7358781249999999 0.5459640625 0.7388656250000001 0.47737656250000005 0.7305671874999999 0.46985312500000004 0.7315625 0.43489374999999997 0.6378999999999999 0.4375171875 0.6356531249999999 0.47250625 0.6406328125 0.4778171875 0.6406328125 0.5269359375 0.635321875 0.5366734375 0.6363171875 0.558353125 0.632334375 0.5654359375 0.632996875 0.58490625
9 0.8223874999999999 0.551996875 0.830353125 0.5458031250000001 0.8343343750000001 0.47234687500000005 0.825375 0.46482343750000005 0.8263703124999999 0.4298640625 0.7319625000000001 0.43353281250000003 0.731790625 0.46924687499999995 0.739090625 0.47544375 0.7374296874999999 0.546246875 0.7284703125 0.554209375 0.727475 0.578990625 0.8213921875000001 0.5767796875 0.8223874999999999 0.551996875
9 0.9143156250000001 0.5440328125 0.9289171875 0.54270625 0.9319046875 0.460840625 0.9199578125000001 0.4586265625 0.920290625 0.4241140625 0.8271421875 0.428059375 0.827696875 0.463496875 0.833671875 0.47145937499999996 0.8326781249999999 0.545359375 0.8227203125000001 0.555096875 0.8207296875000001 0.5767796875 0.9149796875 0.5732406250000001 0.9143156250000001 0.5440328125
8 0.4180125 0.3246796875 0.44476250000000006 0.323696875 0.4437828125 0.271009375 0.441571875 0.258246875 0.43936562500000004 0.22290625 0.44059218749999995 0.19541718749999998 0.44059218749999995 0.1548359375 0.413840625 0.1551640625 0.41531250000000003 0.1865796875 0.4131046875 0.191490625 0.41335 0.22257656250000002 0.41212187499999997 0.234359375 0.41629531249999996 0.25759375 0.4170296875 0.27919375 0.4180125 0.3246796875
8 0.46881562499999996 0.26642968749999996 0.46783281250000003 0.25922968750000003 0.46783281250000003 0.1564734375 0.440828125 0.1557234375 0.44132812499999996 0.189853125 0.43887187499999997 0.1947640625 0.43912031249999994 0.24646718750000002 0.44451718749999997 0.269046875 0.44476250000000006 0.325659375 0.46930468750000004 0.32664375 0.46881562499999996 0.26642968749999996
8 0.4940953125 0.2713359375 0.49507500000000004 0.1571265625 0.46870781250000004 0.156459375 0.46881562499999996 0.1888703125 0.46905937499999995 0.2513765625 0.469553125 0.25922968750000003 0.469553125 0.32697031249999997 0.49458437499999997 0.3289328125 0.4940953125 0.2873734375 0.4940953125 0.2713359375
8 0.519128125 0.15549375000000001 0.4949296875 0.154990625 0.49482968749999995 0.3263171875 0.5198625 0.3253328125 0.517409375 0.301446875 0.5208453125 0.2860640625 0.522071875 0.2140703125 0.5196171875 0.1996703125 0.519128125 0.15549375000000001
8 0.5463703125 0.1532 0.5203249999999999 0.153146875 0.5196171875 0.1774171875 0.5218281250000001 0.1882171875 0.522071875 0.278209375 0.519128125 0.3011171875 0.5206000000000001 0.3233703125 0.5444046874999999 0.3233703125 0.5463703125 0.1532