6 0.335771875 0.298740625 0.3070609375 0.298740625 0.3070609375 0.3380390625 0.335771875 0.3380390625 0.335771875 0.298740625
6 0.332575 0.6077703125 0.31327812499999996 0.6077703125 0.31327812499999996 0.645215625 0.332575 0.645215625 0.332575 0.6077703125
6 0.41204843750000003 0.6074828125 0.38482500000000003 0.6074828125 0.38482500000000003 0.645446875 0.41204843750000003 0.645446875 0.41204843750000003 0.6074828125
6 0.48644999999999994 0.6091624999999999 0.4588640625 0.6091624999999999 0.4588640625 0.6486531249999999 0.48644999999999994 0.6486531249999999 0.48644999999999994 0.6091624999999999
6 0.45994062500000005 0.2966625 0.4332859375 0.2966625 0.4332859375 0.336153125 0.45994062500000005 0.336153125 0.45994062500000005 0.2966625
6 0.41574999999999995 0.29739218749999996 0.3869828125 0.29739218749999996 0.3869828125 0.33688281249999996 0.41574999999999995 0.33688281249999996 0.41574999999999995 0.29739218749999996
6 0.5962515625 0.29406875 0.5678078125 0.29406875 0.5678078125 0.3328859375 0.5962515625 0.3328859375 0.5962515625 0.29406875
6 0.22094687500000001 0.6037890625 0.1895328125 0.6037890625 0.1895328125 0.6413265625 0.22094687500000001 0.6413265625 0.22094687500000001 0.6037890625
6 0.35940625000000004 0.2982625 0.332653125 0.2982625 0.332653125 0.3360125 0.35940625000000004 0.3360125 0.35940625000000004 0.2982625
6 0.5120234375 0.295515625 0.4860234375 0.295515625 0.4860234375 0.33485312500000003 0.5120234375 0.33485312500000003 0.5120234375 0.295515625
6 0.5675749999999999 0.294996875 0.5398453125 0.294996875 0.5398453125 0.3339078125 0.5675749999999999 0.3339078125 0.5675749999999999 0.294996875
6 0.562815625 0.6105484375 0.5354921874999999 0.6105484375 0.5354921874999999 0.650190625 0.562815625 0.650190625 0.562815625 0.6105484375
6 0.4861046875 0.29638593750000003 0.4592078125 0.29638593750000003 0.4592078125 0.33544843750000003 0.4861046875 0.33544843750000003 0.4861046875 0.29638593750000003
6 0.4595109375 0.6085671875 0.43371562499999994 0.6085671875 0.43371562499999994 0.6463171875 0.4595109375 0.6463171875 0.4595109375 0.6085671875
6 0.5122265625 0.6096812500000001 0.4851671875 0.6096812500000001 0.4851671875 0.649109375 0.5122265625 0.649109375 0.5122265625 0.6096812500000001
6 0.6240828125 0.29345625000000003 0.5953171875 0.29345625000000003 0.5953171875 0.33251875000000003 0.6240828125 0.33251875000000003 0.6240828125 0.29345625000000003
6 0.38637343749999997 0.29829531249999997 0.35972031250000003 0.29829531249999997 0.35972031250000003 0.33549531250000003 0.38637343749999997 0.33549531250000003 0.38637343749999997 0.29829531249999997
6 0.651540625 0.2932734375 0.622546875 0.2932734375 0.622546875 0.3317265625 0.651540625 0.3317265625 0.651540625 0.2932734375
6 0.6789953125 0.293184375 0.65173125 0.293184375 0.65173125 0.33230624999999997 0.6789953125 0.33230624999999997 0.6789953125 0.293184375
6 0.1435953125 0.30081250000000004 0.11421875 0.30081250000000004 0.11421875 0.3388375 0.1435953125 0.3388375 0.1435953125 0.30081250000000004
6 0.89191875 0.288803125 0.8606890625 0.288803125 0.8606890625 0.3303375 0.89191875 0.3303375 0.89191875 0.288803125
6 0.8025921874999999 0.29121406250000004 0.772928125 0.29121406250000004 0.772928125 0.33085624999999996 0.8025921874999999 0.33085624999999996 0.8025921874999999 0.29121406250000004
6 0.1976015625 0.300903125 0.1660046875 0.300903125 0.1660046875 0.33923281250000004 0.1976015625 0.33923281250000004 0.1976015625 0.300903125
6 0.1691390625 0.30119375000000004 0.14108125 0.30119375000000004 0.14108125 0.33845625 0.1691390625 0.33845625 0.1691390625 0.30119375000000004
6 0.1621796875 0.605146875 0.1381140625 0.605146875 0.1381140625 0.6389921875 0.1621796875 0.6389921875 0.1621796875 0.605146875
6 0.614134375 0.6101375 0.5883390625 0.6101375 0.5883390625 0.649628125 0.614134375 0.649628125 0.614134375 0.6101375
6 0.8627140624999999 0.28988593749999997 0.8313 0.28988593749999997 0.8313 0.33071875 0.8627140624999999 0.33071875 0.8627140624999999 0.28988593749999997
6 0.919859375 0.28997812500000003 0.8900328125 0.28997812500000003 0.8900328125 0.32916249999999997 0.919859375 0.32916249999999997 0.919859375 0.28997812500000003
6 0.6394234375 0.61024375 0.6138296875 0.61024375 0.6138296875 0.650496875 0.6394234375 0.650496875 0.6394234375 0.61024375
6 0.092875 0.301375 0.06011875 0.301375 0.06011875 0.33875937500000003 0.092875 0.33875937500000003 0.092875 0.301375
6 0.8311265625 0.290709375 0.8016859375 0.290709375 0.8016859375 0.32940625 0.8311265625 0.32940625 0.8311265625 0.290709375
6 0.061746875 0.3019546875 0.03379375 0.3019546875 0.03379375 0.3381796875 0.061746875 0.3381796875 0.061746875 0.3019546875
6 0.1395046875 0.6059265625 0.11570156250000001 0.6059265625 0.11570156250000001 0.6382140625 0.1395046875 0.6382140625 0.1395046875 0.6059265625
6 0.3071890625 0.3117359375 0.2754921875 0.3117359375 0.2754921875 0.338653125 0.3071890625 0.338653125 0.3071890625 0.3117359375
5 0 0.166096875 0.0470671875 0.166096875 0.0470671875 0.07581718750000001 0 0.07581718750000001 0 0.166096875
5 0.10712656250000001 0.074196875 0.03849375 0.074196875 0.03849375 0.16636718749999999 0.10712656250000001 0.16636718749999999 0.10712656250000001 0.074196875
5 0.165384375 0.074196875 0.091915625 0.074196875 0.091915625 0.1628625 0.165384375 0.1628625 0.165384375 0.074196875
5 0.5376921875 0.06407968750000001 0.46263437500000004 0.06407968750000001 0.46263437500000004 0.15585 0.5376921875 0.15585 0.5376921875 0.06407968750000001
5 0.47404062500000005 0.0624625 0.398959375 0.0624625 0.398959375 0.1550421875 0.47404062500000005 0.1550421875 0.47404062500000005 0.0624625
5 0.408590625 0.06529375 0.3385234375 0.06529375 0.3385234375 0.15558125 0.408590625 0.15558125 0.408590625 0.06529375
5 0.3524859375 0.0669125 0.274846875 0.0669125 0.274846875 0.1612421875 0.3524859375 0.1612421875 0.3524859375 0.0669125
5 0.22639375 0.0713640625 0.152353125 0.0713640625 0.152353125 0.162190625 0.22639375 0.162190625 0.22639375 0.0713640625
5 0.28357343749999997 0.0693421875 0.2165671875 0.0693421875 0.2165671875 0.1624625 0.28357343749999997 0.1624625 0.28357343749999997 0.0693421875
0 0.7152953125 0.0806734375 0.6493453125 0.0806734375 0.6493453125 0.149540625 0.7152953125 0.149540625 0.7152953125 0.0806734375
0 0.7962078125 0.077840625 0.7308250000000001 0.077840625 0.7308250000000001 0.143878125 0.7962078125 0.143878125 0.7962078125 0.077840625
0 0.877125 0.076221875 0.8123078125 0.076221875 0.8123078125 0.1403734375 0.877125 0.1403734375 0.877125 0.076221875
6 0.037490625 0.301059375 0.00864375 0.301059375 0.00864375 0.339225 0.037490625 0.339225 0.037490625 0.301059375
6 0.1131984375 0.30077031249999997 0.08642187500000001 0.30077031249999997 0.08642187500000001 0.3387453125 0.1131984375 0.3387453125 0.1131984375 0.30077031249999997
6 0 0.6373078125 0.0203328125 0.6373078125 0.0203328125 0.6017328125 0 0.6017328125 0 0.6373078125
2 0.6994 0.5823046875 0.6325265625000001 0.5823046875 0.6325265625000001 0.678175 0.6994 0.678175 0.6994 0.5823046875
6 0.0462421875 0.602046875 0.0199984375 0.602046875 0.0199984375 0.638746875 0.0462421875 0.638746875 0.0462421875 0.602046875
6 0.0682359375 0.6010671875 0.043309375 0.6010671875 0.043309375 0.6384875 0.0682359375 0.6384875 0.0682359375 0.6010671875
6 0.09285312500000001 0.600671875 0.0668859375 0.600671875 0.0668859375 0.6394031250000001 0.09285312500000001 0.6394031250000001 0.09285312500000001 0.600671875
6 0.1152 0.602834375 0.0909859375 0.602834375 0.0909859375 0.6394015625 0.1152 0.6394015625 0.1152 0.602834375
6 0.1893453125 0.603425 0.1635484375 0.603425 0.1635484375 0.641759375 0.1893453125 0.641759375 0.1893453125 0.603425
6 0.2378109375 0.6079421875000001 0.21306093750000002 0.6079421875000001 0.21306093750000002 0.6417578125000001 0.2378109375 0.6417578125000001 0.2378109375 0.6079421875000001
6 0.2874984375 0.6049953125 0.261521875 0.6049953125 0.261521875 0.64425 0.2874984375 0.64425 0.2874984375 0.6049953125
6 0.3105453125 0.6061734375000001 0.28614843749999996 0.6061734375000001 0.28614843749999996 0.6454265625 0.3105453125 0.6454265625 0.3105453125 0.6061734375000001
6 0.36015625 0.606371875 0.3327765625 0.606371875 0.3327765625 0.6469343750000001 0.36015625 0.6469343750000001 0.36015625 0.606371875
6 0.3828515625 0.606371875 0.359234375 0.606371875 0.359234375 0.646803125 0.3828515625 0.646803125 0.3828515625 0.606371875
6 0.434390625 0.605978125 0.4103171875 0.605978125 0.4103171875 0.64850625 0.434390625 0.64850625 0.434390625 0.605978125
6 0.5354890625000001 0.6110859375000001 0.5095984375 0.6110859375000001 0.5095984375 0.64994375 0.5354890625000001 0.64994375 0.5354890625000001 0.6110859375000001
6 0.588240625 0.609515625 0.562253125 0.609515625 0.562253125 0.6499453125 0.588240625 0.6499453125 0.588240625 0.609515625
5 0.646290625 0.086221875 0.589190625 0.086221875 0.589190625 0.1496625 0.646290625 0.1496625 0.646290625 0.086221875
5 0.5888265625 0.0862234375 0.533759375 0.0862234375 0.533759375 0.150815625 0.5888265625 0.150815625 0.5888265625 0.0862234375
0 0.267996875 0.30184687499999996 0.21068281249999998 0.30184687499999996 0.21068281249999998 0.33769218749999996 0.267996875 0.33769218749999996 0.267996875 0.30184687499999996