8 0.174925 0.445184375 0.10863437499999999 0.445184375 0.10863437499999999 0.9125765625 0.174925 0.9125765625 0.174925 0.445184375
8 0.233146875 0.806240625 0.2397390625 0.7930531249999999 0.2419359375 0.56060625 0.2369921875 0.5474187500000001 0.23809062499999997 0.4740578125 0.1815171875 0.4699359375 0.1743765625 0.5531875 0.17767187499999998 0.5639031250000001 0.174925 0.8078890624999999 0.16723593750000001 0.8120109375 0.16723593750000001 0.9043296875 0.2298515625 0.9059781250000001 0.233146875 0.806240625
8 0.29521406250000004 0.8111875 0.3018046875 0.8021203124999999 0.30619999999999997 0.568025 0.2996078125 0.5556609375 0.30455156250000004 0.47570625 0.2391890625 0.47240937499999996 0.23534375000000002 0.5515390625000001 0.243034375 0.5639031250000001 0.242484375 0.78975625 0.233146875 0.8103624999999999 0.2304015625 0.9051546874999999 0.2924671875 0.900209375 0.29521406250000004 0.8111875
8 0.3583796875 0.8128359375 0.368265625 0.800471875 0.373209375 0.564728125 0.3627734375 0.5548359375 0.364421875 0.4806515625 0.3051015625 0.4773546875 0.30070625 0.5556609375 0.30729843749999997 0.568025 0.3040015625 0.80376875 0.29741093749999997 0.8120109375 0.2924671875 0.8969109375000001 0.35398593749999996 0.8969109375000001 0.3583796875 0.8128359375
8 0.41715 0.806240625 0.42758593749999996 0.7988234375000001 0.433628125 0.568025 0.42264375000000004 0.5614312499999999 0.4253890625 0.48312499999999997 0.364084375 0.479175 0.3627734375 0.5531875 0.373209375 0.5672015625 0.368265625 0.7979984375 0.3578296875 0.8144843749999999 0.3528859375 0.8911421875000001 0.41550312500000003 0.88949375 0.41715 0.806240625
8 0.47637343750000005 0.8111875 0.4895546875 0.807890625 0.49724531250000004 0.5680265624999999 0.48296406249999996 0.5606078125 0.48625937500000005 0.487246875 0.42794687500000006 0.4822640625 0.4247421875 0.5589593749999999 0.434628125 0.5688500000000001 0.4291359375 0.7947031250000001 0.4197984375 0.8070671875000001 0.41650312500000003 0.8878453125 0.4730765625 0.8903187499999999 0.47637343750000005 0.8111875
8 0.47197812499999997 0.8919671875 0.53514375 0.8878453125 0.5362421875 0.807890625 0.551071875 0.800471875 0.5554671875 0.573796875 0.542834375 0.5606078125 0.5461296875 0.48889531249999996 0.48790781250000004 0.48559843750000004 0.48625937500000005 0.487246875 0.48571093750000005 0.487246875 0.4824140625 0.5589593749999999 0.49724531250000004 0.5696749999999999 0.48900625 0.8062421875 0.475275 0.815309375 0.47197812499999997 0.8919671875
8 0.5895203125 0.8861968750000001 0.593915625 0.8070671875000001 0.6059984375 0.8029453125 0.6153359375 0.5795656250000001 0.60050625 0.56308125 0.6021546875 0.49549062499999996 0.54811875 0.489475 0.549425 0.4897203125 0.5455796875 0.5614328125 0.556565625 0.5820390625 0.551621875 0.798 0.537890625 0.8070671875000001 0.5367921875 0.8853734375 0.5895203125 0.8861968750000001
8 0.6488421875 0.80541875 0.6642203125 0.7988234375000001 0.6713609375 0.5828640625 0.65653125 0.565553125 0.658728125 0.4987875 0.6023671875 0.49153437499999997 0.60105625 0.5663781250000001 0.6142375 0.5795656250000001 0.607096875 0.800471875 0.593365625 0.807890625 0.5878734375 0.887021875 0.64719375 0.8903187499999999 0.6488421875 0.80541875
8 0.7004718750000001 0.8045937500000001 0.71695 0.800471875 0.7317796875 0.572971875 0.7114578125000001 0.5672015625 0.7136546874999999 0.49796250000000003 0.6579890625 0.494625 0.65598125 0.5672015625 0.6741078125 0.5836875 0.66531875 0.798 0.6521375 0.8045937500000001 0.6488421875 0.8878453125 0.698825 0.8886703125000001 0.7004718750000001 0.8045937500000001
2 0.9015421874999999 0.8827 0.9092328125 0.823353125 0.9279078125 0.8068671875 0.9438359374999999 0.5851359375 0.917471875 0.572771875 0.9240625 0.48622343749999997 0.71424375 0.47385937499999997 0.71424375 0.47550781249999996 0.712596875 0.567003125 0.7323703125 0.57606875 0.7202859375 0.7953265625 0.7038078125 0.8052187500000001 0.7016109375 0.8868218750000001 0.9015421874999999 0.8827