6 0.08418281250000001 0.49600156249999994 0.068553125 0.49600156249999994 0.068553125 0.536171875 0.08418281250000001 0.536171875 0.08418281250000001 0.49600156249999994
6 0.10096562499999999 0.4971203125 0.085759375 0.4971203125 0.085759375 0.5402734375 0.10096562499999999 0.5402734375 0.10096562499999999 0.4971203125
6 0.070340625 0.1042734375 0.0505046875 0.1042734375 0.0505046875 0.1523 0.070340625 0.1523 0.070340625 0.1042734375
6 0.086003125 0.10427187499999999 0.07023125 0.10427187499999999 0.07023125 0.150434375 0.086003125 0.150434375 0.086003125 0.10427187499999999
6 0.10474375 0.1009171875 0.085340625 0.1009171875 0.085340625 0.14969062500000002 0.10474375 0.14969062500000002 0.10474375 0.1009171875
6 0.14016562500000002 0.10060625000000001 0.12081875 0.10060625000000001 0.12081875 0.148253125 0.14016562500000002 0.148253125 0.14016562500000002 0.10060625000000001
6 0.1797578125 0.0996296875 0.1588671875 0.0996296875 0.1588671875 0.1479296875 0.1797578125 0.1479296875 0.1797578125 0.0996296875
6 0.123665625 0.10189375 0.1033140625 0.10189375 0.1033140625 0.152640625 0.123665625 0.152640625 0.123665625 0.10189375
6 0.159959375 0.101896875 0.13995625 0.101896875 0.13995625 0.14935625 0.159959375 0.14935625 0.159959375 0.101896875
0 0.217396875 0.1090515625 0.1888171875 0.1090515625 0.1888171875 0.151321875 0.217396875 0.151321875 0.217396875 0.1090515625
6 0.23671562499999999 0.0992046875 0.2172734375 0.0992046875 0.2172734375 0.14816093749999998 0.23671562499999999 0.14816093749999998 0.23671562499999999 0.0992046875
6 0.254190625 0.0974109375 0.237109375 0.0974109375 0.237109375 0.1490546875 0.254190625 0.1490546875 0.254190625 0.0974109375
6 0.2741296875 0.0974140625 0.25492499999999996 0.0974140625 0.25492499999999996 0.149653125 0.2741296875 0.149653125 0.2741296875 0.0974140625
6 0.2925 0.09651875 0.27375 0.09651875 0.27375 0.14666875 0.2925 0.14666875 0.2925 0.09651875
6 0.389190625 0.093378125 0.3715734375 0.093378125 0.3715734375 0.1423421875 0.389190625 0.1423421875 0.389190625 0.093378125
6 0.369925 0.09517031249999999 0.352075 0.09517031249999999 0.352075 0.14472968749999998 0.369925 0.14472968749999998 0.369925 0.09517031249999999
6 0.351553125 0.0960703125 0.3335859375 0.0960703125 0.3335859375 0.1450296875 0.351553125 0.1450296875 0.351553125 0.0960703125
6 0.311228125 0.09606875000000001 0.29223750000000004 0.09606875000000001 0.29223750000000004 0.146225 0.311228125 0.146225 0.311228125 0.09606875000000001
6 0.32982187500000004 0.094725 0.310728125 0.094725 0.310728125 0.145328125 0.32982187500000004 0.145328125 0.32982187500000004 0.094725
5 0.47407656249999997 0.10614062500000002 0.446559375 0.10614062500000002 0.446559375 0.1403265625 0.47407656249999997 0.1403265625 0.47407656249999997 0.10614062500000002
6 0.4926234375 0.08729218749999999 0.476665625 0.08729218749999999 0.476665625 0.137721875 0.4926234375 0.137721875 0.4926234375 0.08729218749999999
6 0.512103125 0.08422500000000001 0.4953875 0.08422500000000001 0.4953875 0.13626093749999998 0.512103125 0.13626093749999998 0.512103125 0.08422500000000001
6 0.5313656250000001 0.083784375 0.5157499999999999 0.083784375 0.5157499999999999 0.13626093749999998 0.5313656250000001 0.13626093749999998 0.5313656250000001 0.083784375
6 0.5525953125 0.08378593749999999 0.536440625 0.08378593749999999 0.536440625 0.1353859375 0.5525953125 0.1353859375 0.5525953125 0.08378593749999999
6 0.5865218750000001 0.082034375 0.57026875 0.082034375 0.57026875 0.13071875 0.5865218750000001 0.13071875 0.5865218750000001 0.082034375
6 0.606221875 0.0802828125 0.58931875 0.0802828125 0.58931875 0.131009375 0.606221875 0.131009375 0.606221875 0.0802828125
6 0.6261390625 0.07809374999999999 0.6096812500000001 0.07809374999999999 0.6096812500000001 0.13159375 0.6261390625 0.13159375 0.6261390625 0.07809374999999999
6 0.6662390625 0.0759046875 0.6484359375000001 0.0759046875 0.6484359375000001 0.1292609375 0.6662390625 0.1292609375 0.6662390625 0.0759046875
6 0.687690625 0.074590625 0.6720843750000001 0.074590625 0.6720843750000001 0.12750937499999998 0.687690625 0.12750937499999998 0.687690625 0.074590625
6 0.7065703125 0.0726578125 0.6916296875 0.0726578125 0.6916296875 0.124075 0.7065703125 0.124075 0.7065703125 0.0726578125
6 0.7294937499999999 0.0737140625 0.71248125 0.0737140625 0.71248125 0.12546718750000002 0.7294937499999999 0.12546718750000002 0.7294937499999999 0.0737140625
6 0.75094375 0.0715265625 0.7341562500000001 0.0715265625 0.7341562500000001 0.12546718750000002 0.75094375 0.12546718750000002 0.75094375 0.0715265625
6 0.8440031250000001 0.06364375 0.8254625000000001 0.06364375 0.8254625000000001 0.1197703125 0.8440031250000001 0.1197703125 0.8440031250000001 0.06364375
6 0.866546875 0.0605765625 0.8491093749999999 0.0605765625 0.8491093749999999 0.11714374999999999 0.866546875 0.11714374999999999 0.866546875 0.0605765625
6 0.887778125 0.061015625 0.8704578125 0.061015625 0.8704578125 0.11276562500000001 0.887778125 0.11276562500000001 0.887778125 0.061015625
6 0.9098859375 0.059699999999999996 0.8924640625 0.059699999999999996 0.8924640625 0.11626718750000001 0.9098859375 0.11626718750000001 0.9098859375 0.059699999999999996
6 0.932428125 0.0583890625 0.91578125 0.0583890625 0.91578125 0.112184375 0.932428125 0.112184375 0.932428125 0.0583890625
6 0.11903593750000001 0.4976828125 0.10415937500000001 0.4976828125 0.10415937500000001 0.5384234375 0.11903593750000001 0.5384234375 0.11903593750000001 0.4976828125
6 0.136490625 0.49747031249999996 0.121190625 0.49747031249999996 0.121190625 0.54085 0.136490625 0.54085 0.136490625 0.49747031249999996
6 0.1522265625 0.49704218750000007 0.13821875 0.49704218750000007 0.13821875 0.5398515625 0.1522265625 0.5398515625 0.1522265625 0.49704218750000007
6 0.1696796875 0.49704218750000007 0.154125 0.49704218750000007 0.154125 0.5419921875 0.1696796875 0.5419921875 0.1696796875 0.49704218750000007
6 0.18713125 0.49832656249999996 0.17099375 0.49832656249999996 0.17099375 0.5421328125 0.18713125 0.5421328125 0.18713125 0.49832656249999996
6 0.20511718750000002 0.4993953125 0.189146875 0.4993953125 0.189146875 0.54141875 0.20511718750000002 0.54141875 0.20511718750000002 0.4993953125
6 0.2212875 0.5013234375 0.2058578125 0.5013234375 0.2058578125 0.5434171875 0.2212875 0.5434171875 0.2212875 0.5013234375
6 0.23822031250000003 0.5008984375 0.22385000000000002 0.5008984375 0.22385000000000002 0.5411343750000001 0.23822031250000003 0.5411343750000001 0.23822031250000003 0.5008984375
6 0.25633125 0.501325 0.24039843749999998 0.501325 0.24039843749999998 0.5435609375 0.25633125 0.5435609375 0.25633125 0.501325
6 0.273459375 0.50218125 0.257909375 0.50218125 0.257909375 0.5445578125 0.273459375 0.5445578125 0.273459375 0.50218125
6 0.2918765625 0.50218125 0.27509843749999996 0.50218125 0.27509843749999996 0.5458453125 0.2918765625 0.5458453125 0.2918765625 0.50218125
6 0.3089015625 0.5034671875 0.292934375 0.5034671875 0.292934375 0.5464140625 0.3089015625 0.5464140625 0.3089015625 0.5034671875
6 0.327165625 0.504109375 0.3104453125 0.504109375 0.3104453125 0.5452765625 0.327165625 0.5452765625 0.327165625 0.504109375
6 0.34333125 0.5047515625 0.328759375 0.5047515625 0.328759375 0.547128125 0.34333125 0.547128125 0.34333125 0.5047515625
6 0.362521875 0.505178125 0.345628125 0.505178125 0.345628125 0.546915625 0.362521875 0.546915625 0.362521875 0.505178125
6 0.38072343750000004 0.5051812499999999 0.364265625 0.5051812499999999 0.364265625 0.5470578125000001 0.38072343750000004 0.5470578125000001 0.38072343750000004 0.5051812499999999
6 0.397103125 0.5051796875 0.382740625 0.5051796875 0.382740625 0.5479140625000001 0.397103125 0.5479140625000001 0.397103125 0.5051796875
6 0.417246875 0.5062515624999999 0.4005734375 0.5062515624999999 0.4005734375 0.5462015625000001 0.417246875 0.5462015625000001 0.417246875 0.5062515624999999
6 0.4334109375 0.5045390624999999 0.4188890625 0.5045390624999999 0.4188890625 0.5462015625000001 0.4334109375 0.5462015625000001 0.4334109375 0.5045390624999999
6 0.4539234375 0.5038953125 0.44025625 0.5038953125 0.44025625 0.5470578125000001 0.4539234375 0.5470578125000001 0.4539234375 0.5038953125
6 0.4710234375 0.504965625 0.455840625 0.504965625 0.455840625 0.546628125 0.4710234375 0.546628125 0.4710234375 0.504965625
6 0.48901093749999996 0.5051796875 0.47383437500000003 0.5051796875 0.47383437500000003 0.5482 0.48901093749999996 0.5482 0.48901093749999996 0.5051796875
6 0.5068921875 0.5056078125 0.4927921875 0.5056078125 0.4927921875 0.549625 0.5068921875 0.549625 0.5068921875 0.5056078125
6 0.5260578125 0.5062515624999999 0.5099828125 0.5062515624999999 0.5099828125 0.5483421875000001 0.5260578125 0.5483421875000001 0.5260578125 0.5062515624999999
6 0.5443234375 0.5062515624999999 0.5294218749999999 0.5062515624999999 0.5294218749999999 0.549628125 0.5443234375 0.549628125 0.5443234375 0.5062515624999999
6 0.563025 0.50625 0.5483796875 0.50625 0.5483796875 0.550409375 0.563025 0.550409375 0.563025 0.50625
6 0.5835828125 0.506034375 0.5662125 0.506034375 0.5662125 0.5505515625 0.5835828125 0.5505515625 0.5835828125 0.506034375
6 0.601890625 0.5053953124999999 0.5869390625 0.5053953124999999 0.5869390625 0.5498390625 0.601890625 0.5498390625 0.601890625 0.5053953124999999
6 0.6213765625 0.5056093749999999 0.6055734375 0.5056093749999999 0.6055734375 0.5511234375 0.6213765625 0.5511234375 0.6213765625 0.5056093749999999
6 0.6398859375 0.5073218749999999 0.624853125 0.5073218749999999 0.624853125 0.550265625 0.6398859375 0.550265625 0.6398859375 0.5073218749999999
6 0.6602281249999999 0.5068937499999999 0.6446125 0.5068937499999999 0.6446125 0.5509796875 0.6602281249999999 0.5509796875 0.6602281249999999 0.5068937499999999
6 0.679071875 0.5071078124999999 0.664534375 0.5071078124999999 0.664534375 0.5511250000000001 0.679071875 0.5511250000000001 0.679071875 0.5071078124999999
6 0.699415625 0.5058234374999999 0.682690625 0.5058234374999999 0.682690625 0.5506968750000001 0.699415625 0.5506968750000001 0.699415625 0.5058234374999999
6 0.719221875 0.5064656249999999 0.7038968750000001 0.5064656249999999 0.7038968750000001 0.5504078125 0.719221875 0.5504078125 0.719221875 0.5064656249999999
2 0.7597437499999999 0.46629375 0.7146765625 0.46629375 0.7146765625 0.596 0.7597437499999999 0.596 0.7597437499999999 0.46629375
0 0.44012812500000004 0.0993421875 0.3999609375 0.0993421875 0.3999609375 0.140971875 0.44012812500000004 0.140971875 0.44012812500000004 0.0993421875