6 0.10847031250000001 0.17165312500000002 0.0953953125 0.17165312500000002 0.0953953125 0.21499375 0.10847031250000001 0.21499375 0.10847031250000001 0.17165312500000002
6 0.12513593750000002 0.169534375 0.11008437499999998 0.169534375 0.11008437499999998 0.214284375 0.12513593750000002 0.214284375 0.12513593750000002 0.169534375
0 0.8940718750000001 0.5311281250000001 0.838346875 0.5311281250000001 0.838346875 0.6107984375 0.8940718750000001 0.6107984375 0.8940718750000001 0.5311281250000001
0 0.768921875 0.531596875 0.7213140625000001 0.531596875 0.7213140625000001 0.6109828125 0.768921875 0.6109828125 0.768921875 0.531596875
0 0.831925 0.532165625 0.782334375 0.532165625 0.782334375 0.611715625 0.831925 0.611715625 0.831925 0.532165625
6 0.0525734375 0.7800078125 0.0317765625 0.7800078125 0.0317765625 0.8254578125 0.0525734375 0.8254578125 0.0525734375 0.7800078125
5 0.1209765625 0.5107796875 0.051089062500000004 0.5107796875 0.051089062500000004 0.6051671875 0.1209765625 0.6051671875 0.1209765625 0.5107796875
5 0.163890625 0.50889375 0.117584375 0.50889375 0.117584375 0.6081000000000001 0.163890625 0.6081000000000001 0.163890625 0.50889375
6 0.3221890625 0.7885953125 0.299390625 0.7885953125 0.299390625 0.8390109375 0.3221890625 0.8390109375 0.3221890625 0.7885953125
6 0.142890625 0.16819375 0.1286234375 0.16819375 0.1286234375 0.21564062499999997 0.142890625 0.21564062499999997 0.142890625 0.16819375
6 0.1596875 0.16874375 0.14473750000000002 0.16874375 0.14473750000000002 0.21343593749999998 0.1596875 0.21343593749999998 0.1596875 0.16874375
6 0.1770328125 0.16764375 0.159196875 0.16764375 0.159196875 0.2119703125 0.1770328125 0.2119703125 0.1770328125 0.16764375
6 0.1918984375 0.16819375 0.1769609375 0.16819375 0.1769609375 0.21123281249999998 0.1918984375 0.21123281249999998 0.1918984375 0.16819375
6 0.20842187499999998 0.16764375 0.1922484375 0.16764375 0.1922484375 0.2108703125 0.20842187499999998 0.2108703125 0.20842187499999998 0.16764375
6 0.2274171875 0.166540625 0.2100125 0.166540625 0.2100125 0.20939999999999998 0.2274171875 0.20939999999999998 0.2274171875 0.166540625
6 0.9666484375 0.12743125 0.945815625 0.12743125 0.945815625 0.1713953125 0.9666484375 0.1713953125 0.9666484375 0.12743125
6 0.9465484375000001 0.126878125 0.9276359375000001 0.126878125 0.9276359375000001 0.1739609375 0.9465484375000001 0.1739609375 0.9465484375000001 0.126878125
6 0.36490625 0.7893265625 0.3426140625 0.7893265625 0.3426140625 0.8395796875 0.36490625 0.8395796875 0.36490625 0.7893265625
6 0.263496875 0.7872296875 0.24285312499999998 0.7872296875 0.24285312499999998 0.8351640625 0.263496875 0.8351640625 0.263496875 0.7872296875
6 0.28679062499999997 0.164265625 0.26887500000000003 0.164265625 0.26887500000000003 0.2104078125 0.28679062499999997 0.2104078125 0.28679062499999997 0.164265625
6 0.320915625 0.162578125 0.3011546875 0.162578125 0.3011546875 0.2107953125 0.320915625 0.2107953125 0.320915625 0.162578125
6 0.2529078125 0.1652640625 0.2358625 0.1652640625 0.2358625 0.2120171875 0.2529078125 0.2120171875 0.2529078125 0.1652640625
6 0.226440625 0.7856046875 0.20495468749999998 0.7856046875 0.20495468749999998 0.8341890624999999 0.226440625 0.8341890624999999 0.226440625 0.7856046875
6 0.12713593750000002 0.7815546875 0.10601875000000001 0.7815546875 0.10601875000000001 0.8278187499999999 0.12713593750000002 0.8278187499999999 0.12713593750000002 0.7815546875
6 0.5321484375 0.7935187499999999 0.512771875 0.7935187499999999 0.512771875 0.8445015625 0.5321484375 0.8445015625 0.5321484375 0.7935187499999999
6 0.5540921875 0.7939859375 0.533796875 0.7939859375 0.533796875 0.846640625 0.5540921875 0.846640625 0.5540921875 0.7939859375
6 0.0878765625 0.78116875 0.06715312500000001 0.78116875 0.06715312500000001 0.8269046875000001 0.0878765625 0.8269046875000001 0.0878765625 0.78116875
6 0.1679234375 0.7829203125 0.14335625000000002 0.7829203125 0.14335625000000002 0.8316671875000001 0.1679234375 0.8316671875000001 0.1679234375 0.7829203125
6 0.413078125 0.157878125 0.395028125 0.157878125 0.395028125 0.2047546875 0.413078125 0.2047546875 0.413078125 0.157878125
6 0.377578125 0.1592203125 0.3597265625 0.1592203125 0.3597265625 0.206340625 0.377578125 0.206340625 0.377578125 0.1592203125
6 0.630028125 0.7951453125 0.608253125 0.7951453125 0.608253125 0.8480812500000001 0.630028125 0.8480812500000001 0.630028125 0.7951453125
6 0.43137187499999996 0.15728906250000002 0.413353125 0.15728906250000002 0.413353125 0.20469218749999998 0.43137187499999996 0.20469218749999998 0.43137187499999996 0.15728906250000002
6 0.35996875 0.1603203125 0.34266562500000003 0.1603203125 0.34266562500000003 0.20752031249999997 0.35996875 0.20752031249999997 0.35996875 0.1603203125
6 0.608628125 0.794921875 0.5886375 0.794921875 0.5886375 0.8470046874999999 0.608628125 0.8470046874999999 0.608628125 0.794921875
6 0.9241171874999999 0.8028953124999999 0.899121875 0.8028953124999999 0.899121875 0.8572578125 0.9241171874999999 0.8572578125 0.9241171874999999 0.8028953124999999
6 0.908409375 0.1265265625 0.888465625 0.1265265625 0.888465625 0.17685937499999999 0.908409375 0.17685937499999999 0.908409375 0.1265265625
6 0.669684375 0.1454671875 0.6525796875000001 0.1454671875 0.6525796875000001 0.191446875 0.669684375 0.191446875 0.669684375 0.1454671875
6 0.7381828125000001 0.7974859375000001 0.716896875 0.7974859375000001 0.716896875 0.850953125 0.7381828125000001 0.850953125 0.7381828125000001 0.7974859375000001
6 0.8858859375 0.129190625 0.8650890625000001 0.129190625 0.8650890625000001 0.1779359375 0.8858859375 0.1779359375 0.8858859375 0.129190625
6 0.708090625 0.14210781249999999 0.6893687500000001 0.14210781249999999 0.6893687500000001 0.18861875 0.708090625 0.18861875 0.708090625 0.14210781249999999
6 0.45029531250000004 0.1564140625 0.43202968750000004 0.1564140625 0.43202968750000004 0.2019859375 0.45029531250000004 0.2019859375 0.45029531250000004 0.1564140625
6 0.695090625 0.7971390625 0.6740484375 0.7971390625 0.6740484375 0.8499953124999999 0.695090625 0.8499953124999999 0.695090625 0.7971390625
6 0.728653125 0.14129843749999998 0.709821875 0.14129843749999998 0.709821875 0.18796875 0.728653125 0.18796875 0.728653125 0.14129843749999998
6 0.879875 0.8020421875 0.8545 0.8020421875 0.8545 0.8568109375 0.879875 0.8568109375 0.879875 0.8020421875
6 0.7645953125 0.1393640625 0.7451703125 0.1393640625 0.7451703125 0.1864828125 0.7645953125 0.1864828125 0.7645953125 0.1393640625
6 0.8463593749999999 0.1324453125 0.8284453125000001 0.1324453125 0.8284453125000001 0.1805421875 0.8463593749999999 0.1805421875 0.8463593749999999 0.1324453125
6 0.6516203125 0.14514218750000002 0.6345156249999999 0.14514218750000002 0.6345156249999999 0.1920984375 0.6516203125 0.1920984375 0.6516203125 0.14514218750000002
6 0.7599953125 0.7984 0.7390296875 0.7984 0.7390296875 0.852640625 0.7599953125 0.852640625 0.7599953125 0.7984
5 0.613440625 0.1474609375 0.59651875 0.1474609375 0.59651875 0.1943390625 0.613440625 0.1943390625 0.613440625 0.1474609375
5 0.631446875 0.1466484375 0.61366875 0.1466484375 0.61366875 0.1944984375 0.631446875 0.1944984375 0.631446875 0.1466484375
6 0.6726921875 0.7969968749999999 0.651528125 0.7969968749999999 0.651528125 0.8501359374999999 0.6726921875 0.8501359374999999 0.6726921875 0.7969968749999999
5 0.5774984375 0.149534375 0.560196875 0.149534375 0.560196875 0.1964921875 0.5774984375 0.1964921875 0.5774984375 0.149534375
5 0.595184375 0.149128125 0.5776656250000001 0.149128125 0.5776656250000001 0.195271875 0.595184375 0.195271875 0.595184375 0.149128125
5 0.5045015625 0.153465625 0.4871984375 0.153465625 0.4871984375 0.19972812499999998 0.5045015625 0.19972812499999998 0.5045015625 0.153465625
6 0.806740625 0.13552031250000002 0.7889640625000001 0.13552031250000002 0.7889640625000001 0.1831671875 0.806740625 0.1831671875 0.806740625 0.13552031250000002
6 0.8250875000000001 0.13372656249999998 0.806746875 0.13372656249999998 0.806746875 0.1820265625 0.8250875000000001 0.1820265625 0.8250875000000001 0.13372656249999998
5 0.5584265625 0.15114531250000002 0.541184375 0.15114531250000002 0.541184375 0.197815625 0.5584265625 0.197815625 0.5584265625 0.15114531250000002
6 0.7856296875 0.137065625 0.7661296875 0.137065625 0.7661296875 0.185528125 0.7856296875 0.185528125 0.7856296875 0.137065625
6 0.688596875 0.1437390625 0.6717531250000001 0.1437390625 0.6717531250000001 0.1902484375 0.688596875 0.1902484375 0.688596875 0.1437390625
5 0.5229781250000001 0.151103125 0.5063156249999999 0.151103125 0.5063156249999999 0.1975296875 0.5229781250000001 0.1975296875 0.5229781250000001 0.151103125
6 0.48498437499999997 0.15490625 0.46814062500000003 0.15490625 0.46814062500000003 0.200559375 0.48498437499999997 0.200559375 0.48498437499999997 0.15490625
6 0.541740625 0.15126562500000001 0.5285734375 0.15126562500000001 0.5285734375 0.196715625 0.541740625 0.196715625 0.541740625 0.15126562500000001
6 0.49178750000000004 0.7944515625 0.4789171875 0.7944515625 0.4789171875 0.8448687500000001 0.49178750000000004 0.8448687500000001 0.49178750000000004 0.7944515625
5 0.864334375 0.1319390625 0.8473515624999999 0.1319390625 0.8473515624999999 0.17898125 0.864334375 0.17898125 0.864334375 0.1319390625
5 0.26952031249999997 0.1663765625 0.2527296875 0.1663765625 0.2527296875 0.2099765625 0.26952031249999997 0.2099765625 0.26952031249999997 0.1663765625
5 0.30355 0.1651890625 0.28597968749999997 0.1651890625 0.28597968749999997 0.207865625 0.30355 0.207865625 0.30355 0.1651890625
5 0.338171875 0.1628109375 0.321603125 0.1628109375 0.321603125 0.20707499999999998 0.338171875 0.20707499999999998 0.338171875 0.1628109375
5 0.395571875 0.1596484375 0.37860312500000004 0.1596484375 0.37860312500000004 0.2057578125 0.395571875 0.2057578125 0.395571875 0.1596484375
5 0.4656203125 0.155690625 0.4492546875 0.155690625 0.4492546875 0.2015359375 0.4656203125 0.2015359375 0.4656203125 0.155690625
5 0.7475734375 0.1418359375 0.7294968749999999 0.1418359375 0.7294968749999999 0.18742343749999998 0.7475734375 0.18742343749999998 0.7475734375 0.1418359375
5 0.9260624999999999 0.1271921875 0.9079124999999999 0.1271921875 0.9079124999999999 0.1755546875 0.9260624999999999 0.1755546875 0.9260624999999999 0.1271921875
6 0.0670859375 0.7799484375 0.0510140625 0.7799484375 0.0510140625 0.8298921874999999 0.0670859375 0.8298921874999999 0.0670859375 0.7799484375
6 0.104990625 0.780446875 0.08655937500000001 0.780446875 0.08655937500000001 0.8328796875 0.104990625 0.8328796875 0.104990625 0.780446875
6 0.1418953125 0.78244375 0.124725 0.78244375 0.124725 0.829890625 0.1418953125 0.829890625 0.1418953125 0.78244375
6 0.2430328125 0.7869312500000001 0.22425781250000001 0.7869312500000001 0.22425781250000001 0.835375 0.2430328125 0.835375 0.2430328125 0.7869312500000001
6 0.2801875 0.7869328125 0.2650421875 0.7869328125 0.2650421875 0.837040625 0.2801875 0.837040625 0.2801875 0.7869328125
6 0.30038437500000004 0.7874328125 0.279259375 0.7874328125 0.279259375 0.837040625 0.30038437500000004 0.837040625 0.30038437500000004 0.7874328125
6 0.340696875 0.7899265625 0.32303906250000003 0.7899265625 0.32303906250000003 0.8397 0.340696875 0.8397 0.340696875 0.7899265625
6 0.383834375 0.791921875 0.3653203125 0.791921875 0.3653203125 0.83903125 0.383834375 0.83903125 0.383834375 0.791921875
6 0.5125546875 0.7954140625 0.491790625 0.7954140625 0.491790625 0.8461734375000001 0.5125546875 0.8461734375000001 0.5125546875 0.7954140625
6 0.5895140624999999 0.7939171875000001 0.571115625 0.7939171875000001 0.571115625 0.848009375 0.5895140624999999 0.848009375 0.5895140624999999 0.7939171875000001
6 0.71561875 0.79840625 0.695715625 0.79840625 0.695715625 0.8488328125000001 0.71561875 0.8488328125000001 0.71561875 0.79840625
6 0.8559468750000001 0.8004015624999999 0.8334125 0.8004015624999999 0.8334125 0.8568109375 0.8559468750000001 0.8568109375 0.8559468750000001 0.8004015624999999
6 0.9477140625 0.8018984375 0.9235906249999999 0.8018984375 0.9235906249999999 0.8598015625000001 0.9477140625 0.8598015625000001 0.9477140625 0.8018984375
5 0.20376093750000002 0.50908125 0.15969843749999998 0.50908125 0.15969843749999998 0.6056250000000001 0.20376093750000002 0.6056250000000001 0.20376093750000002 0.50908125
5 0.6422718749999999 0.5036078125000001 0.5941734375000001 0.5036078125000001 0.5941734375000001 0.6083578125 0.6422718749999999 0.6083578125 0.6422718749999999 0.5036078125000001
5 0.5978328125 0.5036078125000001 0.549546875 0.5036078125000001 0.549546875 0.6088109375 0.5978328125 0.6088109375 0.5978328125 0.5036078125000001
5 0.551340625 0.502240625 0.5044046875 0.502240625 0.5044046875 0.6088140625 0.551340625 0.6088140625 0.551340625 0.502240625
5 0.5074 0.505659375 0.45875468750000004 0.505659375 0.45875468750000004 0.6069859375 0.5074 0.6069859375 0.5074 0.505659375
5 0.46432812500000004 0.5049781249999999 0.41515312499999996 0.5049781249999999 0.41515312499999996 0.605621875 0.46432812500000004 0.605621875 0.46432812500000004 0.5049781249999999
5 0.41901093749999996 0.5049765625 0.3710390625 0.5049765625 0.3710390625 0.6065359375 0.41901093749999996 0.6065359375 0.41901093749999996 0.5049765625
5 0.3730078125 0.5049750000000001 0.3274375 0.5049750000000001 0.3274375 0.606078125 0.3730078125 0.606078125 0.3730078125 0.5049750000000001
5 0.24583906249999998 0.5090796875 0.20176093750000001 0.5090796875 0.20176093750000001 0.6051671875 0.24583906249999998 0.6051671875 0.24583906249999998 0.5090796875
5 0.2868609375 0.5090796875 0.2427984375 0.5090796875 0.2427984375 0.6038 0.2868609375 0.6038 0.2868609375 0.5090796875
5 0.329934375 0.5077140625000001 0.2848609375 0.5077140625000001 0.2848609375 0.6056265625 0.329934375 0.6056265625 0.329934375 0.5077140625000001
5 0.682634375 0.5328234375 0.64305625 0.5328234375 0.64305625 0.6085906249999999 0.682634375 0.6085906249999999 0.682634375 0.5328234375
5 0.727259375 0.534528125 0.683746875 0.534528125 0.683746875 0.6072984375 0.727259375 0.6072984375 0.727259375 0.534528125
5 0.471078125 0.799325 0.44293281249999994 0.799325 0.44293281249999994 0.8443484375000001 0.471078125 0.8443484375000001 0.471078125 0.799325