0 0.06186874999999999 0.1933875 0.060748437499999995 0.2143515625 0.09302656249999999 0.2141328125 0.0939234375 0.19227031249999998 0.06186874999999999 0.1933875
0 0.09643125 0.19262812499999998 0.09686875 0.2160921875 0.13275781250000002 0.21573437499999998 0.131528125 0.1927984375 0.09643125 0.19262812499999998
0 0.13424843749999998 0.193228125 0.135915625 0.21530624999999998 0.16978593749999998 0.21573437499999998 0.16978593749999998 0.1933125 0.13424843749999998 0.193228125
0 0.17294375 0.192971875 0.17329531250000002 0.2158203125 0.20839218750000002 0.21616093749999998 0.20698750000000002 0.19254218750000002 0.17294375 0.192971875
0 0.2467375 0.215303125 0.2467375 0.192453125 0.245859375 0.192453125 0.212165625 0.1922015625 0.2119890625 0.215559375 0.2467375 0.215303125
0 0.2846421875 0.192625 0.24954375 0.19284218749999998 0.250596875 0.21573125 0.284290625 0.2159875 0.2846421875 0.192625
0 0.3130015625 0.192371875 0.28597968749999997 0.1921984375 0.2889828125 0.216165625 0.314503125 0.21607343750000002 0.3130015625 0.192371875
0 0.3442453125 0.1921890625 0.315253125 0.1920609375 0.314784375 0.216165625 0.34443437499999996 0.216896875 0.3442453125 0.1921890625
0 0.3738953125 0.1919140625 0.344809375 0.19192343750000002 0.345746875 0.21589062499999997 0.3738953125 0.2157984375 0.3738953125 0.1919140625
0 0.40391875 0.1923703125 0.3746453125 0.1923359375 0.37539687499999996 0.2155234375 0.40297968749999996 0.21561406249999998 0.40391875 0.1923703125
0 0.4333796875 0.1929203125 0.40476406249999997 0.19274843749999998 0.40410625 0.2153390625 0.4335671875 0.21561406249999998 0.4333796875 0.1929203125
0 0.49295937500000003 0.1923703125 0.46471875 0.1923359375 0.46443593749999995 0.216071875 0.49220781249999995 0.21598125 0.49295937500000003 0.1923703125
0 0.5820937500000001 0.1923703125 0.5536640625 0.1920609375 0.55225625 0.2153390625 0.578903125 0.2158890625 0.5820937500000001 0.1923703125
0 0.5535703125 0.1922796875 0.5232640625 0.1921984375 0.5229828125 0.21598125 0.5520703124999999 0.2162546875 0.5535703125 0.1922796875
0 0.5229828125 0.1925546875 0.493709375 0.1924734375 0.493334375 0.21570625 0.5222328125 0.2161640625 0.5229828125 0.1925546875
7 0.27444375 0.3241671875 0.11761875 0.3239640625 0.114503125 0.34645156250000003 0.27600156249999996 0.346959375 0.27444375 0.3241671875
7 0.847146875 0.322621875 0.8474 0.34802343750000003 0.9274078125 0.34753124999999996 0.9279109375000001 0.3231875 0.847146875 0.322621875
7 0.846221875 0.32351406250000003 0.76671875 0.3232375 0.766046875 0.3470390625 0.8460546875 0.34712187499999997 0.846221875 0.32351406250000003
7 0.7657093749999999 0.323596875 0.6855328125 0.3233609375 0.6857015625 0.34712187499999997 0.765878125 0.3470390625 0.7657093749999999 0.323596875
7 0.683096875 0.3236796875 0.60384375 0.3233609375 0.603928125 0.34736875 0.6841046875 0.347778125 0.683096875 0.3236796875
7 0.6019953124999999 0.32351562500000003 0.5231640625 0.3231140625 0.52366875 0.346303125 0.6026687500000001 0.3468765625 0.6019953124999999 0.32351562500000003
7 0.44147499999999995 0.3231140625 0.44223125 0.3467953125 0.5217343750000001 0.34663125 0.5210625 0.3232703125 0.44147499999999995 0.3231140625
7 0.36064375000000004 0.3236359375 0.3604859375 0.347234375 0.44068281249999997 0.3468484375 0.44005 0.3236296875 0.36064375000000004 0.3236359375
7 0.2776015625 0.3237515625 0.278709375 0.34792968750000003 0.358746875 0.3473125 0.358271875 0.32363125 0.2776015625 0.3237515625
1 0.8298046875 0.681821875 0.8299593749999999 0.704728125 0.9034921875 0.7039718749999999 0.9041124999999999 0.6814281249999999 0.8298046875 0.681821875
1 0.2202859375 0.6843796875 0.2200546875 0.70848125 0.294790625 0.70803125 0.294790625 0.6843343749999999 0.2202859375 0.6843796875
1 0.5602859375 0.6829171875 0.560440625 0.70683125 0.635021875 0.70578125 0.63486875 0.682534375 0.5602859375 0.6829171875
5 0.14365624999999999 0.685878125 0.124275 0.685975 0.12501562500000002 0.7082453125 0.144840625 0.7082453125 0.14365624999999999 0.685878125
5 0.21922187499999998 0.6847859374999999 0.19987656250000002 0.6848140625 0.2009328125 0.70845625 0.219121875 0.708553125 0.21922187499999998 0.6847859374999999
5 0.19942500000000002 0.68498125 0.1816375 0.6849609375 0.1815375 0.708553125 0.1998265625 0.7083578125 0.19942500000000002 0.68498125
5 0.180934375 0.6849328125 0.1621921875 0.6848875 0.16254531249999998 0.70840625 0.1811359375 0.7083078125 0.180934375 0.6849328125
5 0.1614390625 0.685325 0.143803125 0.6851812500000001 0.1436515625 0.7085046875 0.161640625 0.7086515624999999 0.1614390625 0.685325
5 0.3916015625 0.6843140625 0.3734015625 0.6843203124999999 0.37251875 0.7073546875 0.391075 0.7073546875 0.3916015625 0.6843140625
5 0.4101109375 0.684303125 0.391221875 0.6840453125 0.39161562499999997 0.7068890624999999 0.41074374999999996 0.706965625 0.4101109375 0.684303125
5 0.4286046875 0.6842265624999999 0.409715625 0.6838140625 0.41137499999999994 0.70704375 0.42939531249999996 0.707196875 0.4286046875 0.6842265624999999
5 0.429315625 0.7074671875 0.44717812500000004 0.7073890625 0.44765156250000004 0.684109375 0.4289203125 0.6839296874999999 0.42852499999999993 0.6831078125000001 0.429315625 0.7074671875
5 0.4664625 0.6838015625 0.446940625 0.6839296874999999 0.44749375 0.70708125 0.46630312500000004 0.7071578125 0.4664625 0.6838015625
5 0.48543125 0.6838015625 0.4663828125 0.6836984375 0.4664625 0.70661875 0.4851140625 0.7069265625 0.48543125 0.6838015625
5 0.503925 0.683878125 0.4851140625 0.6834671875 0.48543125 0.706771875 0.503925 0.7066953125000001 0.503925 0.683878125
5 0.52241875 0.6835703125 0.50455625 0.6833515625000001 0.504715625 0.706771875 0.52241875 0.70685 0.52241875 0.6835703125
5 0.541071875 0.6836484375 0.5225765625000001 0.68358125 0.523840625 0.70661875 0.5412281250000001 0.7070046875 0.541071875 0.6836484375
5 0.5605140625 0.68349375 0.541071875 0.6836984375 0.5415453125 0.70661875 0.5611453125 0.7066953125000001 0.5605140625 0.68349375
5 0.8099984375 0.68176875 0.8092359374999999 0.70540625 0.8300484375 0.705271875 0.8290765625000001 0.681928125 0.8099984375 0.68176875
5 0.8099296875 0.6821312500000001 0.791684375 0.6816671875 0.7923078125 0.7053390625 0.81020625 0.7052046875 0.8099296875 0.6821312500000001
5 0.7914765625 0.6826046875 0.7731625 0.6822765625 0.77246875 0.7051359374999999 0.7918921875 0.7054750000000001 0.7914765625 0.6826046875
5 0.7725375 0.6821312500000001 0.7546390625 0.68176875 0.7545 0.70540625 0.772259375 0.705 0.7725375 0.6821312500000001
5 0.75380625 0.682403125 0.735284375 0.6820734374999999 0.7354921875 0.7052046875 0.7542234375 0.705271875 0.75380625 0.682403125
5 0.734659375 0.6825375 0.7153046875 0.682175 0.7170390624999999 0.7053390625 0.7349375 0.705678125 0.734659375 0.6825375
0 0.46368593750000003 0.1922796875 0.43488125 0.1920609375 0.4344125 0.21579687500000003 0.46368593750000003 0.21579687500000003 0.46368593750000003 0.1922796875