3 0.0739578125 0.3875 0.090625 0.3888890625 0.1239578125 0.3916671875 0.146875 0.38055625000000004 0.1729171875 0.3916671875 0.1833328125 0.375 0.1822921875 0.2375 0.1739578125 0.20555625000000002 0.0166671875 0.2041671875 0.0083328125 0.225 0.0041671875 0.2458328125 0.0020828125 0.297221875 0.0020828125 0.33194375 0.0020828125 0.3833328125 0.034375 0.39444375 0.0583328125 0.38055625000000004 0.0739578125 0.3875
3 0.48020781250000005 0.390278125 0.5083328125000001 0.3861109375 0.53125 0.397221875 0.5416671875 0.40277812500000004 0.5645828125000001 0.38194374999999997 0.5822921875 0.3833328125 0.5927078125 0.3861109375 0.6083328125 0.3833328125 0.609375 0.20694374999999998 0.3927078125 0.20694374999999998 0.3875 0.2291671875 0.3895828125 0.297221875 0.3822921875 0.3236109375 0.3822921875 0.3888890625 0.40729218749999996 0.3888890625 0.42604218749999995 0.3875 0.459375 0.384721875 0.48020781250000005 0.390278125
3 0.840625 0.40555624999999995 0.8458328125 0.352778125 0.8479171875 0.3375 0.84375 0.3263890625 0.8364578125 0.31944374999999997 0.8364578125 0.302778125 0.8385421875000001 0.2861109375 0.8416671875 0.23194374999999998 0.8229171875000001 0.20694374999999998 0.665625 0.209721875 0.6708328125 0.23888906250000003 0.6760421875 0.2666671875 0.675 0.297221875 0.675 0.3208328125 0.6697921874999999 0.3666671875 0.6697921874999999 0.4 0.840625 0.40555624999999995
3 0.6947921874999999 0.6513890625000001 0.6895828125000001 0.672221875 0.6875 0.7111109375 0.68125 0.71944375 0.6729171875 0.7986109375 0.81875 0.802778125 0.8208328125 0.78055625 0.8239578125 0.7638890625 0.8239578125 0.75 0.8260421875 0.727778125 0.8322921875 0.7138890625000001 0.8291671875000001 0.69444375 0.8322921875 0.6791671874999999 0.8354171875 0.65694375 0.8375 0.6166671874999999 0.834375 0.6 0.8333328124999999 0.5916671874999999 0.828125 0.5708328125000001 0.8291671875000001 0.527778125 0.8302078125 0.509721875 0.8302078125 0.4791671875 0.828125 0.475 0.8166671875 0.44583281250000006 0.8208328125 0.425 0.825 0.4125 0.6854171874999999 0.4125 0.6875 0.4638890625 0.6875 0.497221875 0.6875 0.5375 0.6895828125000001 0.5791671875 0.6875 0.60694375 0.6875 0.6166671874999999 0.6947921874999999 0.6513890625000001
6 0.6893609374999999 0.6223890625 0.6352218749999999 0.6215875 0.6292078125 0.7996421875 0.666503125 0.8076625 0.6893609374999999 0.6223890625
6 0.5630375 0.616775 0.5660453125 0.6993859375 0.5606328125 0.8004453125 0.6021375 0.80525625 0.605746875 0.7066046874999999 0.6135671874999999 0.698584375 0.617778125 0.6223890625 0.5630375 0.616775
6 0.561234375 0.6223890625 0.5058921875 0.616775 0.51130625 0.6857515624999999 0.5125093749999999 0.6969796875000001 0.51611875 0.7948296874999999 0.5522109375 0.7996421875 0.5534140625 0.700990625 0.56003125 0.68735625 0.561234375 0.6223890625
6 0.5046890625 0.6231921875 0.44934843750000003 0.6151718749999999 0.451153125 0.6512640625 0.4535578125 0.68735625 0.4559640625 0.7916218749999999 0.49747031249999996 0.7932265625 0.49867343750000004 0.696178125 0.5040875 0.686553125 0.5046890625 0.6231921875
6 0.40242812499999997 0.6929703125 0.41145156250000003 0.789215625 0.44995 0.79001875 0.44513749999999996 0.6945734375 0.448746875 0.6801375000000001 0.44694218750000003 0.617578125 0.39280312500000003 0.61436875 0.395209375 0.652065625 0.3994203125 0.6817421875 0.40242812499999997 0.6929703125
6 0.39881875 0.7916218749999999 0.39280312500000003 0.708209375 0.3934046875 0.6857515624999999 0.3922015625 0.6552734375 0.3885921875 0.617578125 0.33986875 0.6135671874999999 0.3416734375 0.66329375 0.35009375 0.6841468749999999 0.351296875 0.6881578125 0.3579140625 0.7539265625 0.3591171875 0.7715703125 0.36032031249999996 0.79001875 0.39881875 0.7916218749999999
6 0.3332515625 0.6159734375 0.2761046875 0.6135671874999999 0.2941515625 0.6801375000000001 0.29114375 0.6897625 0.3025734375 0.7836015625 0.34528125 0.7860078125000001 0.3356578125 0.6905640625 0.341071875 0.6761265625 0.3332515625 0.6159734375
6 0.285128125 0.6897625 0.27730781250000003 0.617578125 0.22677968750000002 0.6111609375 0.2382078125 0.6761265625 0.2418171875 0.688959375 0.253246875 0.7483109375 0.25084062500000004 0.7587375 0.2592625 0.781996875 0.29595625000000003 0.7779874999999999 0.285128125 0.6897625
6 0.2315921875 0.68495 0.22016249999999998 0.616775 0.17384375000000002 0.616775 0.1888828125 0.6857515624999999 0.20151406249999998 0.745103125 0.20151406249999998 0.7571343749999999 0.206928125 0.77558125 0.2454265625 0.7787890625 0.22978749999999998 0.693771875 0.2315921875 0.68495
6 0.165421875 0.6657 0.160009375 0.6392328125 0.1545953125 0.610359375 0.1154953125 0.610359375 0.1203078125 0.66329375 0.1263234375 0.67773125 0.1263234375 0.6841468749999999 0.1449703125 0.7739765625 0.17865625000000002 0.7723734375 0.16421875 0.6857515624999999 0.165421875 0.6657
6 0.113690625 0.66329375 0.10406562500000001 0.607953125 0.057746874999999996 0.6023390625 0.07098125 0.6697109375 0.072184375 0.67773125 0.0896296875 0.764353125 0.127525 0.7675609375 0.1118859375 0.7090109375 0.11128437499999999 0.6745234375 0.113690625 0.66329375
6 0.057746874999999996 0.6063484375 0.0078203125 0.6023390625 0.0204515625 0.6673046874999999 0.0192484375 0.6769296875 0.039701562499999996 0.7667578125000001 0.08180937499999999 0.77076875 0.060153124999999995 0.6833453125 0.0703796875 0.66810625 0.057746874999999996 0.6063484375
6 0.0324828125 0.7691640625 0.028873437499999998 0.7370828125 0.012632812500000002 0.666503125 0.013835937500000001 0.640034375 0.0078203125 0.596725 0.001203125 0.5959218749999999 0.00240625 0.7651546875 0.0324828125 0.7691640625
4 0.8270828124999999 0.7513890625 0.965625 0.7583328125000001 0.96875 0.7416671874999999 0.965625 0.7208328125000001 0.9729171875 0.665278125 0.9833328124999999 0.6541671874999999 0.984375 0.61805625 0.9864578125 0.6041671875 0.9708328125 0.5625 0.9625 0.5541671874999999 0.9447921875 0.5 0.9166671875000001 0.5 0.8989578125 0.5125 0.8989578125 0.5041671875 0.8739578124999999 0.49861093749999996 0.8729171875 0.50694375 0.8614578125 0.50694375 0.8572921875 0.48055624999999996 0.840625 0.4763890625 0.8375 0.497221875 0.83125 0.5291671874999999 0.8302078125 0.5652781250000001 0.8385421875000001 0.60555625 0.8333328124999999 0.6625 0.8333328124999999 0.7111109375 0.8270828124999999 0.7513890625