6 0.133846875 0.47885 0.1079671875 0.47885 0.1079671875 0.5136406250000001 0.133846875 0.5136406250000001 0.133846875 0.47885
6 0.1084140625 0.479375 0.08310625 0.479375 0.08310625 0.511715625 0.1084140625 0.511715625 0.1084140625 0.479375
6 0 0.5076906250000001 0.0130609375 0.5076906250000001 0.0130609375 0.47675 0 0.47675 0 0.5076906250000001
6 0.0378 0.47779999999999995 0.012373437499999999 0.47779999999999995 0.012373437499999999 0.509965625 0.0378 0.509965625 0.0378 0.47779999999999995
6 0.05996875 0.47779999999999995 0.036884375000000004 0.47779999999999995 0.036884375000000004 0.510490625 0.05996875 0.510490625 0.05996875 0.47779999999999995
6 0.0826046875 0.4785859375 0.0606953125 0.4785859375 0.0606953125 0.5104890625 0.0826046875 0.5104890625 0.0826046875 0.4785859375
6 0.203990625 0.48205468749999997 0.178496875 0.48205468749999997 0.178496875 0.514525 0.203990625 0.514525 0.203990625 0.48205468749999997
6 0.27294999999999997 0.484465625 0.24788281250000002 0.484465625 0.24788281250000002 0.5165093749999999 0.27294999999999997 0.5165093749999999 0.27294999999999997 0.484465625
6 0.224275 0.48349843750000004 0.2028109375 0.48349843750000004 0.2028109375 0.5140609375 0.224275 0.5140609375 0.224275 0.48349843750000004
6 0.3418984375 0.48644218749999996 0.3189078125 0.48644218749999996 0.3189078125 0.5174624999999999 0.3418984375 0.5174624999999999 0.3418984375 0.48644218749999996
6 0.3657828125 0.486984375 0.341896875 0.486984375 0.341896875 0.5179 0.3657828125 0.5179 0.3657828125 0.486984375
6 0.319590625 0.486084375 0.29434375 0.486084375 0.29434375 0.517821875 0.319590625 0.517821875 0.319590625 0.486084375
6 0.29595 0.48510937500000006 0.27078281249999997 0.48510937500000006 0.27078281249999997 0.5168468749999999 0.29595 0.5168468749999999 0.29595 0.48510937500000006
6 0.41245468750000003 0.48808281249999996 0.388325 0.48808281249999996 0.388325 0.518753125 0.41245468750000003 0.518753125 0.41245468750000003 0.48808281249999996
6 0.2466515625 0.48736562499999997 0.22600156249999998 0.48736562499999997 0.22600156249999998 0.5145890625 0.2466515625 0.5145890625 0.2466515625 0.48736562499999997
6 0.433521875 0.48880156250000006 0.410878125 0.48880156250000006 0.410878125 0.5190140624999999 0.433521875 0.5190140624999999 0.433521875 0.48880156250000006
6 0.6817328125000001 0.494775 0.6581140624999999 0.494775 0.6581140624999999 0.5257343750000001 0.6817328125000001 0.5257343750000001 0.6817328125000001 0.494775
6 0.5003656249999999 0.4904921875 0.47814843749999997 0.4904921875 0.47814843749999997 0.520246875 0.5003656249999999 0.520246875 0.5003656249999999 0.4904921875
6 0.45679687500000005 0.48940312500000005 0.43317656250000003 0.48940312500000005 0.43317656250000003 0.5193859375 0.45679687500000005 0.5193859375 0.45679687500000005 0.48940312500000005
6 0.4780046875 0.4903171875 0.454934375 0.4903171875 0.454934375 0.520421875 0.4780046875 0.520421875 0.4780046875 0.4903171875
6 0.658721875 0.49433906250000004 0.6368515625 0.49433906250000004 0.6368515625 0.525190625 0.658721875 0.525190625 0.658721875 0.49433906250000004
6 0.6366484375 0.4938515625 0.6140046875 0.4938515625 0.6140046875 0.524703125 0.6366484375 0.524703125 0.6366484375 0.4938515625
6 0.5238046875 0.491240625 0.5015890625 0.491240625 0.5015890625 0.5214531250000001 0.5238046875 0.5214531250000001 0.5238046875 0.491240625
6 0.5467015625 0.492446875 0.5249109375 0.492446875 0.5249109375 0.522203125 0.5467015625 0.522203125 0.5467015625 0.492446875
6 0.17507343749999998 0.48113906249999994 0.1564671875 0.48113906249999994 0.1564671875 0.5125109375 0.17507343749999998 0.5125109375 0.17507343749999998 0.48113906249999994
6 0.5913578125 0.49293437500000004 0.5687953125 0.49293437500000004 0.5687953125 0.523665625 0.5913578125 0.523665625 0.5913578125 0.49293437500000004
6 0.6145421875 0.49296562499999996 0.591184375 0.49296562499999996 0.591184375 0.523634375 0.6145421875 0.523634375 0.6145421875 0.49296562499999996
6 0.3897796875 0.4877625 0.3654265625 0.4877625 0.3654265625 0.518096875 0.3897796875 0.518096875 0.3897796875 0.4877625
6 0.2099609375 0.094178125 0.186525 0.094178125 0.186525 0.12567187500000002 0.2099609375 0.12567187500000002 0.2099609375 0.094178125
6 0.291821875 0.097990625 0.2697046875 0.097990625 0.2697046875 0.12991406249999998 0.291821875 0.12991406249999998 0.291821875 0.097990625
6 0.4953 0.1065375 0.47409999999999997 0.1065375 0.47409999999999997 0.1383375 0.4953 0.1383375 0.4953 0.1065375
6 0.4142546875 0.10263125 0.392384375 0.10263125 0.392384375 0.13491875 0.4142546875 0.13491875 0.4142546875 0.10263125
6 0.1269515625 0.0895703125 0.102375 0.0895703125 0.102375 0.1223453125 0.1269515625 0.1223453125 0.1269515625 0.0895703125
6 0.3739328125 0.10153125 0.35197968749999997 0.10153125 0.35197968749999997 0.1335734375 0.3739328125 0.1335734375 0.3739328125 0.10153125
6 0.31265156250000004 0.09881562499999999 0.2911890625 0.09881562499999999 0.2911890625 0.13116406249999998 0.31265156250000004 0.13116406249999998 0.31265156250000004 0.09881562499999999
6 0.45502656249999995 0.104371875 0.43299374999999996 0.104371875 0.43299374999999996 0.13671875 0.45502656249999995 0.13671875 0.45502656249999995 0.104371875
6 0.35366875000000003 0.10089062499999998 0.33187812499999997 0.10089062499999998 0.33187812499999997 0.13299531250000002 0.35366875000000003 0.13299531250000002 0.35366875000000003 0.10089062499999998
6 0.18949375 0.09317031249999999 0.1659734375 0.09317031249999999 0.1659734375 0.124725 0.18949375 0.124725 0.18949375 0.09317031249999999
6 0.5556484375 0.10818593750000001 0.5348453125 0.10818593750000001 0.5348453125 0.14022812499999998 0.5556484375 0.14022812499999998 0.5556484375 0.10818593750000001
6 0.148 0.090940625 0.1233203125 0.090940625 0.1233203125 0.12316875000000001 0.148 0.12316875000000001 0.148 0.090940625
6 0.6160281249999999 0.109803125 0.5949109375 0.109803125 0.5949109375 0.1419078125 0.6160281249999999 0.1419078125 0.6160281249999999 0.109803125
6 0.5957328125 0.109803125 0.574840625 0.109803125 0.574840625 0.1416625 0.5957328125 0.1416625 0.5957328125 0.109803125
6 0.23246093750000002 0.0954890625 0.20796562500000002 0.0954890625 0.20796562500000002 0.12741093750000002 0.23246093750000002 0.12741093750000002 0.23246093750000002 0.0954890625
6 0.3329171875 0.099915625 0.31096406249999997 0.099915625 0.31096406249999997 0.132384375 0.3329171875 0.132384375 0.3329171875 0.099915625
6 0.5761171875 0.109315625 0.555396875 0.109315625 0.555396875 0.14092968749999998 0.5761171875 0.14092968749999998 0.5761171875 0.109315625
6 0.47520937500000004 0.10501093749999998 0.45317656250000005 0.10501093749999998 0.45317656250000005 0.137909375 0.47520937500000004 0.137909375 0.47520937500000004 0.10501093749999998
6 0.5154421874999999 0.107240625 0.494325 0.107240625 0.494325 0.1391 0.5154421874999999 0.1391 0.5154421874999999 0.107240625
6 0.637034375 0.110471875 0.615571875 0.110471875 0.615571875 0.1431875 0.637034375 0.1431875 0.637034375 0.110471875
6 0.0864046875 0.088440625 0.06186874999999999 0.088440625 0.06186874999999999 0.12090937500000001 0.0864046875 0.12090937500000001 0.0864046875 0.088440625
6 0.1685984375 0.09273437500000001 0.145528125 0.09273437500000001 0.145528125 0.12369531250000002 0.1685984375 0.12369531250000002 0.1685984375 0.09273437500000001
6 0.67665625 0.111725 0.6553765625 0.111725 0.6553765625 0.14413437499999998 0.67665625 0.14413437499999998 0.67665625 0.111725
6 0.703165625 0.49472187500000003 0.6809484375 0.49472187500000003 0.6809484375 0.5267640625000001 0.703165625 0.5267640625000001 0.703165625 0.49472187500000003
6 0.04443125 0.086640625 0.02018125 0.086640625 0.02018125 0.119415625 0.04443125 0.119415625 0.04443125 0.086640625
6 0.0231609375 0.0862421875 0.00051875 0.0862421875 0.00051875 0.1187125 0.0231609375 0.1187125 0.0231609375 0.0862421875
6 0.3947453125 0.10207187499999999 0.37218125 0.10207187499999999 0.37218125 0.13303281250000001 0.3947453125 0.13303281250000001 0.3947453125 0.10207187499999999
6 0.435975 0.10360625000000001 0.412984375 0.10360625000000001 0.412984375 0.1350390625 0.435975 0.1350390625 0.435975 0.10360625000000001
6 0.6579906249999999 0.110840625 0.6362828125 0.110840625 0.6362828125 0.1435546875 0.6579906249999999 0.1435546875 0.6579906249999999 0.110840625
6 0.696246875 0.11227499999999999 0.6761468749999999 0.11227499999999999 0.6761468749999999 0.14504999999999998 0.696246875 0.14504999999999998 0.696246875 0.11227499999999999
6 0.11220156249999999 0.9626609374999999 0.0805046875 0.9626609374999999 0.0805046875 0.9999984375000001 0.11220156249999999 0.9999984375000001 0.11220156249999999 0.9626609374999999
6 0.2733515625 0.098440625 0.258875 0.098440625 0.258875 0.12836406250000001 0.2733515625 0.12836406250000001 0.2733515625 0.098440625
6 0.58433125 0.966796875 0.5523890625 0.966796875 0.5523890625 0.9999984375000001 0.58433125 0.9999984375000001 0.58433125 0.966796875
6 0.1639421875 1 0.1639421875 0.9667046875 0.134725 0.9667046875 0.134725 1 0.1639421875 1
6 0.3150140625 0.9665359375 0.28557343749999997 0.9665359375 0.28557343749999997 0.9999984375000001 0.3150140625 0.9999984375000001 0.3150140625 0.9665359375
6 0.23755937500000002 1 0.23755937500000002 0.9665703125 0.20840625 0.9665703125 0.20840625 1 0.23755937500000002 1
6 0.5532015625 0.9664609375 0.5301312499999999 0.9664609375 0.5301312499999999 0.998384375 0.5532015625 0.998384375 0.5532015625 0.9664609375
6 0.395071875 0.967071875 0.3653484375 0.967071875 0.3653484375 0.9999984375000001 0.395071875 0.9999984375000001 0.395071875 0.967071875
6 0.628640625 1 0.628640625 0.968690625 0.6037796875 0.968690625 0.6037796875 1 0.628640625 1
6 0.3662296875 0.966278125 0.34145 0.966278125 0.34145 0.998565625 0.3662296875 0.998565625 0.3662296875 0.966278125
6 0.5298765624999999 0.967390625 0.5007234375 0.967390625 0.5007234375 0.9999984375000001 0.5298765624999999 0.9999984375000001 0.5298765624999999 0.967390625
6 0.04946875 0.9618390625 0.0131109375 0.9618390625 0.0131109375 0.9991015624999999 0.04946875 0.9991015624999999 0.04946875 0.9618390625
6 0.0208984375 1 0.0208984375 0.965775 0.00009531249999999999 0.965775 0.00009531249999999999 1 0.0208984375 1
6 0.0817328125 1 0.0817328125 0.96445 0.054259375 0.96445 0.054259375 1 0.0817328125 1
6 0.0638671875 0.0886328125 0.042467187499999996 0.0886328125 0.042467187499999996 0.12000312500000002 0.0638671875 0.12000312500000002 0.0638671875 0.0886328125
6 0.10455468750000001 0.0889375 0.083984375 0.0889375 0.083984375 0.12061249999999998 0.10455468750000001 0.12061249999999998 0.10455468750000001 0.0889375
6 0.250265625 0.0962625 0.230515625 0.0962625 0.230515625 0.1285421875 0.250265625 0.1285421875 0.250265625 0.0962625
6 0.53396875 0.1063359375 0.5134046875 0.1063359375 0.5134046875 0.13911875 0.53396875 0.13911875 0.53396875 0.1063359375
6 0.1571828125 0.480290625 0.13184374999999998 0.480290625 0.13184374999999998 0.5148937499999999 0.1571828125 0.5148937499999999 0.1571828125 0.480290625
6 0.5689046875 0.49176562500000004 0.543934375 0.49176562500000004 0.543934375 0.5244890625 0.5689046875 0.5244890625 0.5689046875 0.49176562500000004
6 0.1349046875 1 0.1349046875 0.9659546875 0.1095890625 0.9659546875 0.1095890625 1 0.1349046875 1
6 0.20427656249999998 1 0.20427656249999998 0.967759375 0.18336406249999998 0.967759375 0.18336406249999998 1 0.20427656249999998 1
6 0.2601421875 0.96715625 0.23307812499999997 0.96715625 0.23307812499999997 0.9999984375000001 0.2601421875 0.9999984375000001 0.2601421875 0.96715625
6 0.33699218750000004 1 0.33699218750000004 0.967759375 0.3128609375 0.967759375 0.3128609375 1 0.33699218750000004 1
6 0.416246875 0.96745625 0.389440625 0.96745625 0.389440625 0.9999984375000001 0.416246875 0.9999984375000001 0.416246875 0.96745625
6 0.602928125 1 0.602928125 0.968659375 0.579084375 0.968659375 0.579084375 1 0.602928125 1
5 0 0.36878125 0.023440625 0.36878125 0.023440625 0.30369375 0 0.30369375 0 0.36878125
5 0.079171875 0.303540625 0.016775 0.303540625 0.016775 0.3681453125 0.079171875 0.3681453125 0.079171875 0.303540625
5 0.12959218749999998 0.3045390625 0.07276875000000001 0.3045390625 0.07276875000000001 0.3704765625 0.12959218749999998 0.3704765625 0.12959218749999998 0.3045390625
5 0.178246875 0.3067890625 0.12109375 0.3067890625 0.12109375 0.371140625 0.178246875 0.371140625 0.178246875 0.3067890625
5 0.229775 0.3087890625 0.17475156249999999 0.3087890625 0.17475156249999999 0.37380625 0.229775 0.37380625 0.229775 0.3087890625
5 0.2972265625 0.7463031250000001 0.23135937499999998 0.7463031250000001 0.23135937499999998 0.8272718749999999 0.2972265625 0.8272718749999999 0.2972265625 0.7463031250000001
5 0.2392265625 0.7438546875000001 0.1758796875 0.7438546875000001 0.1758796875 0.826725 0.2392265625 0.826725 0.2392265625 0.7438546875000001
5 0.1801390625 0.744671875 0.1149546875 0.744671875 0.1149546875 0.8256390625 0.1801390625 0.8256390625 0.1801390625 0.744671875
5 0.072109375 0.7405906250000001 0.0007234375 0.7405906250000001 0.0007234375 0.8226484375 0.072109375 0.8226484375 0.072109375 0.7405906250000001
5 0.12395 0.7414078125 0.06654375 0.7414078125 0.06654375 0.8215625 0.12395 0.8215625 0.12395 0.7414078125
0 0.45029375 0.771190625 0.39563281250000004 0.771190625 0.39563281250000004 0.830259375 0.45029375 0.830259375 0.45029375 0.771190625
0 0.5209828125 0.77200625 0.4630828125 0.77200625 0.4630828125 0.8299890624999999 0.5209828125 0.8299890624999999 0.5209828125 0.77200625
0 0.5858734375 0.773634375 0.5310796875 0.773634375 0.5310796875 0.831890625 0.5858734375 0.831890625 0.5858734375 0.773634375
0 0.4694546875 0.3344140625 0.41633125 0.3344140625 0.41633125 0.3827859375 0.4694546875 0.3827859375 0.4694546875 0.3344140625
0 0.402246875 0.3331546875 0.374146875 0.3331546875 0.374146875 0.37862968750000003 0.402246875 0.37862968750000003 0.402246875 0.3331546875
0 0.339775 0.33206718749999997 0.31133125 0.33206718749999997 0.31133125 0.37718281249999996 0.339775 0.37718281249999996 0.339775 0.33206718749999997
0 0.5268640625 0.3367796875 0.4983234375 0.3367796875 0.4983234375 0.3817703125 0.5268640625 0.3817703125 0.5268640625 0.3367796875
0 0.5787078125 0.3639578125 0.5379453125 0.3639578125 0.5379453125 0.38394218750000003 0.5787078125 0.38394218750000003 0.5787078125 0.3639578125
5 0.2706671875 0.338953125 0.23885312500000003 0.338953125 0.23885312500000003 0.37307812500000004 0.2706671875 0.37307812500000004 0.2706671875 0.338953125
5 0.3452953125 0.7763203125 0.2983515625 0.7763203125 0.2983515625 0.825209375 0.3452953125 0.825209375 0.3452953125 0.7763203125
5 0.3941328125 0.7696078125 0.3459 0.7696078125 0.3459 0.8266078125 0.3941328125 0.8266078125 0.3941328125 0.7696078125