6 0.360071875 0.23339062500000002 0.3443421875 0.23339062500000002 0.3443421875 0.2586734375 0.360071875 0.2586734375 0.360071875 0.23339062500000002
6 0.37631562500000004 0.23229531250000002 0.358965625 0.23229531250000002 0.358965625 0.2579453125 0.37631562500000004 0.2579453125 0.37631562500000004 0.23229531250000002
6 0.3915828125 0.23119843750000002 0.3745640625 0.23119843750000002 0.3745640625 0.255996875 0.3915828125 0.255996875 0.3915828125 0.23119843750000002
6 0.40847812499999997 0.22900468749999997 0.3926015625 0.22900468749999997 0.3926015625 0.2538046875 0.40847812499999997 0.2538046875 0.40847812499999997 0.22900468749999997
6 0.4273234375 0.226078125 0.408203125 0.226078125 0.408203125 0.254046875 0.4273234375 0.254046875 0.4273234375 0.226078125
6 0.4429171875 0.22644375 0.427703125 0.22644375 0.427703125 0.252340625 0.4429171875 0.252340625 0.4429171875 0.22644375
6 0.46176093749999997 0.22461718749999998 0.4437921875 0.22461718749999998 0.4437921875 0.25063749999999996 0.46176093749999997 0.25063749999999996 0.46176093749999997 0.22461718749999998
6 0.5221890625000001 0.21840156249999998 0.5032656249999999 0.21840156249999998 0.5032656249999999 0.246009375 0.5221890625000001 0.246009375 0.5221890625000001 0.21840156249999998
6 0.6668140625000001 0.200853125 0.648053125 0.200853125 0.648053125 0.23309687499999998 0.6668140625000001 0.23309687499999998 0.6668140625000001 0.200853125
6 0.6872828125 0.199753125 0.6695031250000001 0.199753125 0.6695031250000001 0.23139062500000002 0.6872828125 0.23139062500000002 0.6872828125 0.199753125
6 0.645046875 0.20487187499999998 0.624653125 0.20487187499999998 0.624653125 0.23650781250000003 0.645046875 0.23650781250000003 0.645046875 0.20487187499999998
6 0.6223046875 0.20633437500000001 0.6017421875 0.20633437500000001 0.6017421875 0.2369953125 0.6223046875 0.2369953125 0.6223046875 0.20633437500000001
6 0.5598140625 0.2131234375 0.5439859375 0.2131234375 0.5439859375 0.2414359375 0.5598140625 0.2414359375 0.5598140625 0.2131234375
6 0.58104375 0.2114546875 0.5612765625 0.2114546875 0.5612765625 0.2413796875 0.58104375 0.2413796875 0.58104375 0.2114546875
6 0.6002140625 0.20889687499999998 0.5812671875000001 0.20889687499999998 0.5812671875000001 0.2382140625 0.6002140625 0.2382140625 0.6002140625 0.20889687499999998
6 0.5417156249999999 0.2169375 0.5222781249999999 0.2169375 0.5222781249999999 0.2438171875 0.5417156249999999 0.2438171875 0.5417156249999999 0.2169375
6 0.9406343749999999 0.170946875 0.9170515625 0.170946875 0.9170515625 0.20699843750000002 0.9406343749999999 0.20699843750000002 0.9406343749999999 0.170946875
6 0.9663578125000001 0.16859375000000001 0.9440421875 0.16859375000000001 0.9440421875 0.2066859375 0.9663578125000001 0.2066859375 0.9663578125000001 0.16859375000000001
6 0.9939640624999999 0.1662390625 0.9722828124999999 0.1662390625 0.9722828124999999 0.20198125 0.9939640624999999 0.20198125 0.9939640624999999 0.1662390625
6 0.8944203125 0.177065625 0.87249375 0.177065625 0.87249375 0.21170312500000002 0.8944203125 0.21170312500000002 0.8944203125 0.177065625
6 0.8150046874999999 0.186009375 0.793728125 0.186009375 0.793728125 0.220484375 0.8150046874999999 0.220484375 0.8150046874999999 0.186009375
6 0.8407265625000001 0.1827140625 0.8204 0.1827140625 0.8204 0.21766093749999998 0.8407265625000001 0.21766093749999998 0.8407265625000001 0.1827140625
6 0.8660328125 0.1815375 0.846446875 0.1815375 0.846446875 0.21593749999999998 0.8660328125 0.21593749999999998 0.8660328125 0.1815375
6 0.367596875 0.4642046875 0.35257031250000004 0.4642046875 0.35257031250000004 0.48690937500000003 0.367596875 0.48690937500000003 0.367596875 0.4642046875
6 0.3823921875 0.4642046875 0.36567500000000003 0.4642046875 0.36567500000000003 0.48690937500000003 0.3823921875 0.48690937500000003 0.3823921875 0.4642046875
6 0.4144734375 0.4642046875 0.3993734375 0.4642046875 0.3993734375 0.48744531249999995 0.4144734375 0.48744531249999995 0.4144734375 0.4642046875
6 0.3989671875 0.4632015625 0.38359375 0.4632015625 0.38359375 0.48704375000000005 0.3989671875 0.48704375000000005 0.3989671875 0.4632015625
6 0.447265625 0.46500624999999995 0.43306875 0.46500624999999995 0.43306875 0.4893140625 0.447265625 0.4893140625 0.447265625 0.46500624999999995
6 0.4314046875 0.463603125 0.41595468750000003 0.463603125 0.41595468750000003 0.488646875 0.4314046875 0.488646875 0.4314046875 0.463603125
6 0.463128125 0.4632015625 0.4475109375 0.4632015625 0.4475109375 0.48984843749999996 0.463128125 0.48984843749999996 0.463128125 0.4632015625
6 0.4818421875 0.46460468749999995 0.46569843750000006 0.46460468749999995 0.46569843750000006 0.49132031249999997 0.4818421875 0.49132031249999997 0.4818421875 0.46460468749999995
6 0.5508359375 0.467265625 0.5373703125 0.467265625 0.5373703125 0.492084375 0.5508359375 0.492084375 0.5508359375 0.467265625
6 0.53248125 0.466596875 0.5186515625 0.466596875 0.5186515625 0.4912828125 0.53248125 0.4912828125 0.53248125 0.466596875
6 0.516259375 0.46460468749999995 0.4991265625 0.46460468749999995 0.4991265625 0.49185468749999994 0.516259375 0.49185468749999994 0.516259375 0.46460468749999995
6 0.49825937500000006 0.465409375 0.4828140625 0.465409375 0.4828140625 0.491721875 0.49825937500000006 0.491721875 0.49825937500000006 0.465409375
6 0.6695031250000001 0.4710234375 0.6526359375 0.4710234375 0.6526359375 0.49746562499999997 0.6695031250000001 0.49746562499999997 0.6695031250000001 0.4710234375
6 0.6481140625 0.4690171875 0.631240625 0.4690171875 0.631240625 0.49679687499999997 0.6481140625 0.49679687499999997 0.6481140625 0.4690171875
6 0.628865625 0.46901875000000004 0.610915625 0.46901875000000004 0.610915625 0.496665625 0.628865625 0.496665625 0.628865625 0.46901875000000004
6 0.60961875 0.46861718750000003 0.5913953125 0.46861718750000003 0.5913953125 0.49559687500000005 0.60961875 0.49559687500000005 0.60961875 0.46861718750000003
6 0.5894765625 0.4678140625 0.5718703125 0.4678140625 0.5718703125 0.49559687500000005 0.5894765625 0.49559687500000005 0.5894765625 0.4678140625
6 0.569696875 0.466409375 0.5528828125 0.466409375 0.5528828125 0.495059375 0.569696875 0.495059375 0.569696875 0.466409375
6 0.7122984375 0.470221875 0.6940890625 0.470221875 0.6940890625 0.497734375 0.7122984375 0.497734375 0.7122984375 0.470221875
6 0.6910921875 0.46942031249999994 0.6726953124999999 0.46942031249999994 0.6726953124999999 0.497734375 0.6910921875 0.497734375 0.6910921875 0.46942031249999994
6 0.7332687499999999 0.46941875 0.713878125 0.46941875 0.713878125 0.4976015625 0.7332687499999999 0.4976015625 0.7332687499999999 0.46941875
6 0.7567953125 0.46982187499999994 0.7368781249999999 0.46982187499999994 0.7368781249999999 0.4993390625 0.7567953125 0.4993390625 0.7567953125 0.46982187499999994
6 1 0.47302968749999996 0.9839921875 0.47302968749999996 0.9839921875 0.5056203125 1 0.5056203125 1 0.47302968749999996
6 0.97735 0.473028125 0.9561765624999999 0.473028125 0.9561765624999999 0.5053515625 0.97735 0.5053515625 0.97735 0.473028125
6 0.9515046875 0.47343124999999997 0.9302343750000001 0.47343124999999997 0.9302343750000001 0.5052187499999999 0.9515046875 0.5052187499999999 0.9515046875 0.47343124999999997
6 0.9241250000000001 0.4726296875 0.9042953125000001 0.4726296875 0.9042953125000001 0.5037546875000001 0.9241250000000001 0.5037546875000001 0.9241250000000001 0.4726296875
6 0.8997093749999999 0.47322968750000005 0.8794234375000001 0.47322968750000005 0.8794234375000001 0.5041546875 0.8997093749999999 0.5041546875 0.8997093749999999 0.47322968750000005
6 0.874565625 0.47262812500000007 0.853215625 0.47262812500000007 0.853215625 0.503890625 0.874565625 0.503890625 0.874565625 0.47262812500000007
6 0.8485453125 0.47042343750000004 0.8296812499999999 0.47042343750000004 0.8296812499999999 0.50255625 0.8485453125 0.50255625 0.8485453125 0.47042343750000004
6 0.8244640625 0.471225 0.80614375 0.471225 0.80614375 0.5012203125 0.8244640625 0.5012203125 0.8244640625 0.471225
6 0.8025437500000001 0.47062187499999997 0.7842171875 0.47062187499999997 0.7842171875 0.500953125 0.8025437500000001 0.500953125 0.8025437500000001 0.47062187499999997
6 0.7806093749999999 0.46962187499999997 0.7596093749999999 0.46962187499999997 0.7596093749999999 0.499884375 0.7806093749999999 0.499884375 0.7806093749999999 0.46962187499999997
5 0.40302499999999997 0.0611234375 0.3302078125 0.0611234375 0.3302078125 0.1285015625 0.40302499999999997 0.1285015625 0.40302499999999997 0.0611234375
5 0.44636718750000004 0.057509374999999995 0.399459375 0.057509374999999995 0.399459375 0.123084375 0.44636718750000004 0.123084375 0.44636718750000004 0.057509374999999995
5 0.48489375 0.041703125 0.4464328125 0.041703125 0.4464328125 0.1152625 0.48489375 0.1152625 0.48489375 0.041703125
5 0.5316984375 0.038540625 0.485575 0.038540625 0.485575 0.10649375000000001 0.5316984375 0.10649375000000001 0.5316984375 0.038540625
5 0.57785 0.026345312500000002 0.5295359375 0.026345312500000002 0.5295359375 0.10047500000000001 0.57785 0.10047500000000001 0.57785 0.026345312500000002
5 0.624003125 0.015957812499999998 0.5807234375 0.015957812499999998 0.5807234375 0.0944578125 0.624003125 0.0944578125 0.624003125 0.015957812499999998
5 0.674971875 0.0091828125 0.62046875 0.0091828125 0.62046875 0.0863328125 0.674971875 0.0863328125 0.674971875 0.0091828125
5 0.7336843749999999 0.001171875 0.6713609375 0.001171875 0.6713609375 0.0719625 0.7336843749999999 0.0719625 0.7336843749999999 0.001171875
0 0.7549718750000001 0.19816875 0.70166875 0.19816875 0.70166875 0.2278109375 0.7549718750000001 0.2278109375 0.7549718750000001 0.19816875
0 0.5035890625 0.22427187499999998 0.47364531249999997 0.22427187499999998 0.47364531249999997 0.2478984375 0.5035890625 0.2478984375 0.5035890625 0.22427187499999998