5 0.17036875 0.8752890624999999 0.1698984375 0.9378390624999999 0.18617343749999998 0.9380171875000001 0.18640937500000002 0.87525 0.17036875 0.8752890624999999
5 0.2023328125 0.876134375 0.1866453125 0.8763500000000001 0.18617343749999998 0.9380171875000001 0.202096875 0.9385468749999999 0.2023328125 0.876134375
5 0.21872656250000003 0.8764875 0.2027453125 0.8752890624999999 0.2023328125 0.9383703125 0.21754687499999997 0.9387234375 0.21872656250000003 0.8764875
5 0.2345890625 0.8763109375000001 0.2186671875 0.8763500000000001 0.21807812499999998 0.9380171875000001 0.23411875000000001 0.9387234375 0.2345890625 0.8763109375000001
5 0.2512203125 0.8770187500000001 0.23494375 0.87688125 0.234353125 0.9373093750000001 0.25027656249999997 0.9383703125 0.2512203125 0.8770187500000001
5 0.399525 0.8801703125 0.383696875 0.880103125 0.3825953125 0.9423999999999999 0.39882968750000003 0.9430953125 0.399525 0.8801703125
5 0.4159328125 0.8801703125 0.3996984375 0.8798421875000001 0.398771875 0.9423999999999999 0.41477343749999995 0.942921875 0.4159328125 0.8801703125
5 0.4319921875 0.879996875 0.41639687500000006 0.880103125 0.41529531249999996 0.9422265624999999 0.43118125 0.9434437499999999 0.4319921875 0.879996875
5 0.44782031250000004 0.88051875 0.4323984375 0.880625 0.43181875 0.9427484375 0.44712500000000005 0.9427484375 0.44782031250000004 0.88051875
5 0.4641125 0.881040625 0.44822656250000004 0.880625 0.44764687500000006 0.94326875 0.4634171875 0.94326875 0.4641125 0.881040625
5 0.4803453125 0.8812140625 0.4645765625 0.880625 0.4634171875 0.94326875 0.47953437499999996 0.9437906249999999 0.4803453125 0.8812140625
5 0.4965796875 0.880865625 0.48057812499999997 0.8808859375000001 0.47999843750000004 0.9441390625 0.49553593749999997 0.9444859375 0.4965796875 0.880865625
5 0.51258125 0.8813875 0.4965796875 0.88166875 0.496 0.9441390625 0.5117703125 0.94535625 0.51258125 0.8813875
5 0.528584375 0.8815609375 0.5124078125 0.88166875 0.5118859375 0.9451812500000001 0.5282359375000001 0.94535625 0.528584375 0.8815609375
5 0.5448171875 0.88225625 0.5287578125 0.8819296874999999 0.5283515624999999 0.9441390625 0.544353125 0.9444859375 0.5448171875 0.88225625
5 0.6799062499999999 0.884278125 0.6804859375000001 0.9473515625 0.6972984375 0.9473515625 0.696603125 0.8846015625 0.6799062499999999 0.884278125
5 0.7133015625 0.8856437500000001 0.696603125 0.885059375 0.6970671875 0.946309375 0.7129531250000001 0.9475250000000001 0.7133015625 0.8856437500000001
5 0.72941875 0.8863390624999999 0.7133015625 0.885321875 0.7141124999999999 0.947178125 0.7297671875 0.9477 0.72941875 0.8863390624999999
5 0.746 0.8868609375000001 0.7299984375 0.886103125 0.7297671875 0.9482203124999999 0.746 0.9483953125 0.746 0.8868609375000001
5 0.7624078125 0.8865125 0.7461734375 0.886103125 0.7464062499999999 0.9487421875000001 0.761828125 0.948915625 0.7624078125 0.8865125
5 0.779221875 0.8872078125 0.7625234375 0.8863640625 0.7622921875 0.94856875 0.7787578125 0.948915625 0.779221875 0.8872078125
1 0.3188609375 0.878740625 0.2517890625 0.876615625 0.2513125 0.938746875 0.3148109375 0.9421406250000001 0.3188609375 0.878740625
1 0.609190625 0.8829375 0.5450375000000001 0.8822453124999999 0.545334375 0.9459796875 0.609309375 0.94705 0.609190625 0.8829375
1 0.8435265624999999 0.8879374999999999 0.7786 0.8862671875 0.7784796875 0.9500875000000001 0.843765625 0.9518718749999999 0.8435265624999999 0.8879374999999999