6 0.2709234375 0.350321875 0.2451171875 0.350321875 0.2451171875 0.38568437499999997 0.2709234375 0.38568437499999997 0.2709234375 0.350321875
6 0.41845625000000003 0.35002187500000004 0.393390625 0.35002187500000004 0.393390625 0.3863078125 0.41845625000000003 0.3863078125 0.41845625000000003 0.35002187500000004
6 0.32410625 0.35061718750000004 0.29731406250000003 0.35061718750000004 0.29731406250000003 0.38717812500000004 0.32410625 0.38717812500000004 0.32410625 0.35061718750000004
6 0.392721875 0.35045000000000004 0.3676984375 0.35045000000000004 0.3676984375 0.38734531250000004 0.392721875 0.38734531250000004 0.392721875 0.35045000000000004
6 0.2960421875 0.350709375 0.2706921875 0.350709375 0.2706921875 0.386596875 0.2960421875 0.386596875 0.2960421875 0.350709375
6 0.57849375 0.350128125 0.5510671874999999 0.350128125 0.5510671874999999 0.387665625 0.57849375 0.387665625 0.57849375 0.350128125
6 0.49692968750000005 0.3499140625 0.4718234375 0.3499140625 0.4718234375 0.38690156249999996 0.49692968750000005 0.38690156249999996 0.49692968750000005 0.3499140625
6 0.3505171875 0.350128125 0.3246171875 0.350128125 0.3246171875 0.38668749999999996 0.3505171875 0.38668749999999996 0.3505171875 0.350128125
6 0.0858859375 0.35118125 0.061573437499999994 0.35118125 0.061573437499999994 0.3861234375 0.0858859375 0.3861234375 0.0858859375 0.35118125
6 0.4454140625 0.349396875 0.4198203125 0.349396875 0.4198203125 0.38644375000000003 0.4454140625 0.38644375000000003 0.4454140625 0.349396875
6 0.6045140625000001 0.348984375 0.5797328125 0.348984375 0.5797328125 0.38832187500000004 0.6045140625000001 0.38832187500000004 0.6045140625000001 0.348984375
6 0.525096875 0.34918125 0.49834375 0.34918125 0.49834375 0.38763437500000003 0.525096875 0.38763437500000003 0.525096875 0.34918125
6 0.1388140625 0.35131875 0.11004687500000002 0.35131875 0.11004687500000002 0.3864765625 0.1388140625 0.3864765625 0.1388140625 0.35131875
6 0.8077484374999999 0.3477484375 0.7807921875 0.3477484375 0.7807921875 0.3856515625 0.8077484374999999 0.3856515625 0.8077484374999999 0.3477484375
6 0.750478125 0.3480375 0.72478125 0.3480375 0.72478125 0.38487187500000003 0.750478125 0.38487187500000003 0.750478125 0.3480375
6 0.7247828125 0.34805312499999996 0.695790625 0.34805312499999996 0.695790625 0.3868109375 0.7247828125 0.3868109375 0.7247828125 0.34805312499999996
6 0.83919375 0.34805312499999996 0.809246875 0.34805312499999996 0.809246875 0.3868109375 0.83919375 0.3868109375 0.83919375 0.34805312499999996
6 0.7810046875000001 0.34852500000000003 0.7541484374999999 0.34852500000000003 0.7541484374999999 0.385359375 0.7810046875000001 0.385359375 0.7810046875000001 0.34852500000000003
6 0.059284375 0.35171562500000003 0.032834375 0.35171562500000003 0.032834375 0.386078125 0.059284375 0.386078125 0.059284375 0.35171562500000003
6 0.029071875000000004 0.3516078125 0.0095078125 0.3516078125 0.0095078125 0.385571875 0.029071875000000004 0.385571875 0.029071875000000004 0.3516078125
6 0.547690625 0.351759375 0.5252296875 0.351759375 0.5252296875 0.38652031249999996 0.547690625 0.38652031249999996 0.547690625 0.351759375
6 0.1096203125 0.350903125 0.0850328125 0.350903125 0.0850328125 0.3849765625 0.1096203125 0.3849765625 0.1096203125 0.350903125
6 0.29149375 0.65439375 0.2673859375 0.65439375 0.2673859375 0.6986859375 0.29149375 0.6986859375 0.29149375 0.65439375
6 0.26465 0.6525203125 0.24365625 0.6525203125 0.24365625 0.6979046875 0.26465 0.6979046875 0.26465 0.6525203125
6 0.19220625 0.6511140625 0.1734 0.6511140625 0.1734 0.694315625 0.19220625 0.694315625 0.19220625 0.6511140625
6 0.2182203125 0.645496875 0.19398593749999998 0.645496875 0.19398593749999998 0.696034375 0.2182203125 0.696034375 0.2182203125 0.645496875
6 0.2438171875 0.650646875 0.219590625 0.650646875 0.219590625 0.6971234374999999 0.2438171875 0.6971234374999999 0.2438171875 0.650646875
6 0.541503125 0.6597984375 0.5151359375 0.6597984375 0.5151359375 0.6986015625 0.541503125 0.6986015625 0.541503125 0.6597984375
6 0.48993906249999997 0.6587140625 0.46448906250000005 0.6587140625 0.46448906250000005 0.6957765625000001 0.48993906249999997 0.6957765625000001 0.48993906249999997 0.6587140625
6 0.389859375 0.6554656249999999 0.36339375 0.6554656249999999 0.36339375 0.691215625 0.389859375 0.691215625 0.389859375 0.6554656249999999
6 0.46616718749999997 0.65804375 0.43943281250000005 0.65804375 0.43943281250000005 0.694496875 0.46616718749999997 0.694496875 0.46616718749999997 0.65804375
6 0.5666609375 0.659678125 0.542065625 0.659678125 0.542065625 0.698721875 0.5666609375 0.698721875 0.5666609375 0.659678125
6 0.41570937499999994 0.656440625 0.3889765625 0.656440625 0.3889765625 0.69316875 0.41570937499999994 0.69316875 0.41570937499999994 0.656440625
6 0.032275 0.6428625 0.0036718750000000002 0.6428625 0.0036718750000000002 0.677453125 0.032275 0.677453125 0.032275 0.6428625
6 0.364765625 0.6554953125 0.3390078125 0.6554953125 0.3390078125 0.691184375 0.364765625 0.691184375 0.364765625 0.6554953125
6 0.31720000000000004 0.652809375 0.2912 0.652809375 0.2912 0.688009375 0.31720000000000004 0.688009375 0.31720000000000004 0.652809375
6 0.43775624999999996 0.6575656249999999 0.41715 0.6575656249999999 0.41715 0.696634375 0.43775624999999996 0.696634375 0.43775624999999996 0.6575656249999999
6 0.513390625 0.65910625 0.4885296875 0.65910625 0.4885296875 0.700228125 0.513390625 0.700228125 0.513390625 0.65910625
6 0.3384671875 0.656409375 0.314446875 0.656409375 0.314446875 0.6950968750000001 0.3384671875 0.6950968750000001 0.3384671875 0.656409375
6 0.0530046875 0.647165625 0.028928125 0.647165625 0.028928125 0.68329375 0.0530046875 0.68329375 0.0530046875 0.647165625
6 0.075934375 0.645625 0.0520390625 0.645625 0.0520390625 0.6853453125 0.075934375 0.6853453125 0.075934375 0.645625
6 0.09509999999999999 0.6483218749999999 0.0777140625 0.6483218749999999 0.0777140625 0.6848328125 0.09509999999999999 0.6848328125 0.09509999999999999 0.6483218749999999
6 0.12213281250000001 0.647165625 0.0967140625 0.647165625 0.0967140625 0.6858593749999999 0.12213281250000001 0.6858593749999999 0.12213281250000001 0.647165625
6 0.14403593750000002 0.649478125 0.12187656250000001 0.649478125 0.12187656250000001 0.6871421875 0.14403593750000002 0.6871421875 0.14403593750000002 0.649478125
6 0.1689234375 0.6512156250000001 0.14674375 0.6512156250000001 0.14674375 0.6879 0.1689234375 0.6879 0.1689234375 0.6512156250000001
5 0.0558296875 0.138071875 0.00015000000000000001 0.138071875 0.00015000000000000001 0.2174875 0.0558296875 0.2174875 0.0558296875 0.138071875
5 0.114009375 0.1367234375 0.055470312499999994 0.1367234375 0.055470312499999994 0.21816093749999999 0.114009375 0.21816093749999999 0.114009375 0.1367234375
5 0.167090625 0.13571249999999999 0.10989062499999999 0.13571249999999999 0.10989062499999999 0.21771250000000003 0.167090625 0.21771250000000003 0.167090625 0.13571249999999999
5 0.4687359375 0.128290625 0.3999765625 0.128290625 0.3999765625 0.214009375 0.4687359375 0.214009375 0.4687359375 0.128290625
5 0.4056078125 0.128290625 0.3419578125 0.128290625 0.3419578125 0.21423437500000003 0.4056078125 0.21423437500000003 0.4056078125 0.128290625
5 0.34624375 0.131665625 0.284390625 0.131665625 0.284390625 0.21468437499999998 0.34624375 0.21468437499999998 0.34624375 0.131665625
5 0.288396875 0.13368750000000001 0.2295234375 0.13368750000000001 0.2295234375 0.2164828125 0.288396875 0.2164828125 0.288396875 0.13368750000000001
5 0.22767656249999998 0.1346984375 0.16655625000000002 0.1346984375 0.16655625000000002 0.21693125000000002 0.22767656249999998 0.21693125000000002 0.22767656249999998 0.1346984375
0 0.6365546875 0.1480375 0.5780109375 0.1480375 0.5780109375 0.209646875 0.6365546875 0.209646875 0.6365546875 0.1480375
0 0.7163203125 0.145303125 0.6559265625 0.145303125 0.6559265625 0.20948125 0.7163203125 0.20948125 0.7163203125 0.145303125
0 0.7980734375 0.143315625 0.7325140625000001 0.143315625 0.7325140625000001 0.2074953125 0.7980734375 0.2074953125 0.7980734375 0.143315625
0 0.2143890625 0.352765625 0.152784375 0.352765625 0.152784375 0.3907390625 0.2143890625 0.3907390625 0.2143890625 0.352765625
2 0.6278828125 0.6277421875 0.5677234375 0.6277421875 0.5677234375 0.7283828125 0.6278828125 0.7283828125 0.6278828125 0.6277421875
5 0.517728125 0.1521515625 0.4722984375 0.1521515625 0.4722984375 0.21186875 0.517728125 0.21186875 0.517728125 0.1521515625
5 0.574234375 0.1521515625 0.520165625 0.1521515625 0.520165625 0.209134375 0.574234375 0.209134375 0.574234375 0.1521515625