6 0.3051078125 0.12257968749999999 0.285378125 0.12257968749999999 0.285378125 0.149715625 0.3051078125 0.149715625 0.3051078125 0.12257968749999999
6 0.327428125 0.1177671875 0.308965625 0.1177671875 0.308965625 0.1495671875 0.327428125 0.1495671875 0.327428125 0.1177671875
6 0.3462265625 0.11678437500000001 0.328253125 0.11678437500000001 0.328253125 0.147865625 0.3462265625 0.147865625 0.3462265625 0.11678437500000001
6 0.3653640625 0.11494374999999998 0.3475296875 0.11494374999999998 0.3475296875 0.145796875 0.3653640625 0.145796875 0.3653640625 0.11494374999999998
6 0.4703734375 0.1034546875 0.4502 0.1034546875 0.4502 0.13641562499999998 0.4703734375 0.13641562499999998 0.4703734375 0.1034546875
6 0.489134375 0.10159218750000001 0.46919843749999995 0.10159218750000001 0.46919843749999995 0.134003125 0.489134375 0.134003125 0.489134375 0.10159218750000001
6 0.8611968750000001 0.060120312499999995 0.8380234375000001 0.060120312499999995 0.8380234375000001 0.094665625 0.8611968750000001 0.094665625 0.8611968750000001 0.060120312499999995
6 0.43035468750000005 0.10784843749999999 0.41079218749999996 0.10784843749999999 0.41079218749999996 0.140196875 0.43035468750000005 0.140196875 0.43035468750000005 0.10784843749999999
6 0.5084015625 0.0996390625 0.48899218749999995 0.0996390625 0.48899218749999995 0.1319265625 0.5084015625 0.1319265625 0.5084015625 0.0996390625
6 0.81619375 0.0656734375 0.7944859375 0.0656734375 0.7944859375 0.0999765625 0.81619375 0.0999765625 0.81619375 0.0656734375
6 0.7937093749999999 0.067903125 0.770090625 0.067903125 0.770090625 0.1032421875 0.7937093749999999 0.1032421875 0.7937093749999999 0.067903125
6 0.5858359375 0.09197968749999999 0.56455625 0.09197968749999999 0.56455625 0.12444999999999999 0.5858359375 0.12444999999999999 0.5858359375 0.09197968749999999
6 0.6873265625 0.080596875 0.6668406250000001 0.080596875 0.6668406250000001 0.113128125 0.6873265625 0.113128125 0.6873265625 0.080596875
6 0.665359375 0.083403125 0.6451859375 0.083403125 0.6451859375 0.1159359375 0.665359375 0.1159359375 0.665359375 0.083403125
6 0.7093859375 0.078046875 0.689053125 0.078046875 0.689053125 0.11164687499999999 0.7093859375 0.11164687499999999 0.7093859375 0.078046875
6 0.6452171875 0.0856328125 0.6249640624999999 0.0856328125 0.6249640624999999 0.117246875 0.6452171875 0.117246875 0.6452171875 0.0856328125
6 0.4504796875 0.1046453125 0.4303796875 0.1046453125 0.4303796875 0.1373 0.4504796875 0.1373 0.4504796875 0.1046453125
6 0.9564718750000001 0.050475000000000006 0.9315484375 0.050475000000000006 0.9315484375 0.0846546875 0.9564718750000001 0.0846546875 0.9564718750000001 0.050475000000000006
6 0.6253421875 0.087890625 0.605778125 0.087890625 0.605778125 0.119628125 0.6253421875 0.119628125 0.6253421875 0.087890625
6 0.72943125 0.074521875 0.70806875 0.074521875 0.70806875 0.108946875 0.72943125 0.108946875 0.72943125 0.074521875
6 0.99843125 0.0463578125 0.9742218749999999 0.0463578125 0.9742218749999999 0.080596875 0.99843125 0.080596875 0.99843125 0.0463578125
6 0.605753125 0.08984375 0.585653125 0.08984375 0.585653125 0.12207187500000001 0.605753125 0.12207187500000001 0.605753125 0.08984375
6 0.5413984375 0.096646875 0.5217546875 0.096646875 0.5217546875 0.12930312500000002 0.5413984375 0.12930312500000002 0.5413984375 0.096646875
6 0.7506109375000001 0.073165625 0.7272546875 0.073165625 0.7272546875 0.107009375 0.7506109375000001 0.107009375 0.7506109375000001 0.073165625
6 0.929821875 0.0529171875 0.9061187500000001 0.0529171875 0.9061187500000001 0.0874625 0.929821875 0.0874625 0.929821875 0.0529171875
6 0.9066390625 0.0557109375 0.883728125 0.0557109375 0.883728125 0.0897984375 0.9066390625 0.0897984375 0.9066390625 0.0557109375
6 0.8838921875000001 0.058578125 0.8609015624999999 0.058578125 0.8609015624999999 0.0923015625 0.8838921875000001 0.0923015625 0.8838921875000001 0.058578125
6 0.7717484375 0.0708609375 0.750384375 0.0708609375 0.750384375 0.10516406250000002 0.7717484375 0.10516406250000002 0.7717484375 0.0708609375
6 0.4568484375 0.4745265625 0.433778125 0.4745265625 0.433778125 0.5030140624999999 0.4568484375 0.5030140624999999 0.4568484375 0.4745265625
6 1 0.46485937499999996 0.97610625 0.46485937499999996 0.97610625 0.4985203125 1 0.4985203125 1 0.46485937499999996
6 0.6093437500000001 0.471603125 0.5853171875000001 0.471603125 0.5853171875000001 0.5025171875 0.6093437500000001 0.5025171875 0.6093437500000001 0.471603125
6 0.42526093749999994 0.47515156249999996 0.4015578125 0.47515156249999996 0.4015578125 0.503853125 0.42526093749999994 0.503853125 0.42526093749999994 0.47515156249999996
6 0.5868640625 0.4726109375 0.5648296875 0.4726109375 0.5648296875 0.5024890625 0.5868640625 0.5024890625 0.5868640625 0.4726109375
6 0.6315515625 0.47150468749999996 0.609334375 0.47150468749999996 0.609334375 0.5021296875 0.6315515625 0.5021296875 0.6315515625 0.47150468749999996
6 0.560221875 0.47325937500000004 0.536784375 0.47325937500000004 0.536784375 0.5033046875 0.560221875 0.5033046875 0.560221875 0.47325937500000004
6 0.3834515625 0.475409375 0.3619890625 0.475409375 0.3619890625 0.5031046875 0.3834515625 0.5031046875 0.3834515625 0.475409375
6 0.846159375 0.4671625 0.8218062500000001 0.4671625 0.8218062500000001 0.49963281249999997 0.846159375 0.49963281249999997 0.846159375 0.4671625
6 0.6553546875 0.47137343749999994 0.6330578124999999 0.47137343749999994 0.6330578124999999 0.5027468749999999 0.6553546875 0.5027468749999999 0.6553546875 0.47137343749999994
6 0.749815625 0.469696875 0.7267453125000001 0.469696875 0.7267453125000001 0.5019843749999999 0.749815625 0.5019843749999999 0.749815625 0.469696875
6 0.4125640625 0.10909374999999999 0.39472968750000004 0.10909374999999999 0.39472968750000004 0.1390765625 0.4125640625 0.1390765625 0.4125640625 0.10909374999999999
6 0.9477656250000001 0.466125 0.922028125 0.466125 0.922028125 0.5006703124999999 0.9477656250000001 0.5006703124999999 0.9477656250000001 0.466125
6 0.7996609375 0.4668875 0.7758578125 0.4668875 0.7758578125 0.49990781249999994 0.7996609375 0.49990781249999994 0.7996609375 0.4668875
6 0.676321875 0.4704140625 0.6537578125 0.4704140625 0.6537578125 0.501265625 0.676321875 0.501265625 0.676321875 0.4704140625
6 0.7228796875 0.4703375 0.69899375 0.4703375 0.69899375 0.5028078125000001 0.7228796875 0.5028078125000001 0.7228796875 0.4703375
6 0.5175265625 0.473984375 0.49549374999999996 0.473984375 0.49549374999999996 0.503065625 0.5175265625 0.503065625 0.5175265625 0.473984375
6 0.4031890625 0.47527187499999995 0.38131875000000004 0.47527187499999995 0.38131875000000004 0.502753125 0.4031890625 0.502753125 0.4031890625 0.47527187499999995
6 0.3298265625 0.475759375 0.30949375 0.475759375 0.30949375 0.5022656249999999 0.3298265625 0.5022656249999999 0.3298265625 0.475759375
6 0.7017421875000001 0.470703125 0.677165625 0.470703125 0.677165625 0.501953125 0.7017421875000001 0.501953125 0.7017421875000001 0.470703125
6 0.8968187500000001 0.4668421875 0.8714078125 0.4668421875 0.8714078125 0.5004421875 0.8968187500000001 0.5004421875 0.8968187500000001 0.4668421875
6 0.2855609375 0.477646875 0.2687984375 0.477646875 0.2687984375 0.5028234375 0.2855609375 0.5028234375 0.2855609375 0.477646875
6 0.3485203125 0.906678125 0.323353125 0.906678125 0.323353125 0.9419562499999999 0.3485203125 0.9419562499999999 0.3485203125 0.906678125
6 0.49415 0.4757625 0.47525000000000006 0.4757625 0.47525000000000006 0.5032421874999999 0.49415 0.5032421874999999 0.49415 0.4757625
6 0.3258859375 0.9045265625000001 0.30236718749999997 0.9045265625000001 0.30236718749999997 0.9392234374999999 0.3258859375 0.9392234374999999 0.3258859375 0.9045265625000001
6 0.3038078125 0.47788906249999996 0.2860390625 0.47788906249999996 0.2860390625 0.503065625 0.3038078125 0.503065625 0.3038078125 0.47788906249999996
6 0.3729359375 0.9079593750000001 0.3458171875 0.9079593750000001 0.3458171875 0.9455562499999999 0.3729359375 0.9455562499999999 0.3729359375 0.9079593750000001
6 0.26232968749999996 0.8991250000000001 0.23995000000000002 0.8991250000000001 0.23995000000000002 0.9338843750000001 0.26232968749999996 0.9338843750000001 0.26232968749999996 0.8991250000000001
6 0.920571875 0.4662171875 0.897134375 0.4662171875 0.897134375 0.499603125 0.920571875 0.499603125 0.920571875 0.4662171875
6 0.63606875 0.9330765624999999 0.610025 0.9330765624999999 0.610025 0.9721984375 0.63606875 0.9721984375 0.63606875 0.9330765624999999
6 0.4881203125 0.920334375 0.46305312499999995 0.920334375 0.46305312499999995 0.9566203124999999 0.4881203125 0.9566203124999999 0.4881203125 0.920334375
6 0.5853984375 0.9286031250000001 0.560434375 0.9286031250000001 0.560434375 0.9659265625 0.5853984375 0.9659265625 0.5853984375 0.9286031250000001
6 0.46435624999999997 0.9167781250000001 0.43929062500000005 0.9167781250000001 0.43929062500000005 0.9533375 0.46435624999999997 0.9533375 0.46435624999999997 0.9167781250000001
6 0.2833359375 0.9002703125 0.260609375 0.9002703125 0.260609375 0.9356703124999999 0.2833359375 0.9356703124999999 0.2833359375 0.9002703125
6 0.3430734375 0.4743203125 0.3257265625 0.4743203125 0.3257265625 0.502565625 0.3430734375 0.502565625 0.3430734375 0.4743203125
6 0.3626046875 0.47718125 0.344428125 0.47718125 0.344428125 0.5032890625 0.3626046875 0.5032890625 0.3626046875 0.47718125
6 0.6103296874999999 0.9305125000000001 0.5843296875 0.9305125000000001 0.5843296875 0.968903125 0.6103296874999999 0.968903125 0.6103296874999999 0.9305125000000001
6 0.44022656250000003 0.917021875 0.41784687500000006 0.917021875 0.41784687500000006 0.9530937500000001 0.44022656250000003 0.9530937500000001 0.44022656250000003 0.917021875
6 0.5114328125000001 0.9225312499999999 0.4866140625 0.9225312499999999 0.4866140625 0.9593031249999999 0.5114328125000001 0.9593031249999999 0.5114328125000001 0.9225312499999999
6 0.53510625 0.9239640625 0.5091671875 0.9239640625 0.5091671875 0.9617765625000001 0.53510625 0.9617765625000001 0.53510625 0.9239640625
6 0.772771875 0.46916250000000004 0.75196875 0.46916250000000004 0.75196875 0.500078125 0.772771875 0.500078125 0.772771875 0.46916250000000004
6 0.9748953124999999 0.4651328125 0.949584375 0.4651328125 0.949584375 0.4987328125 0.9748953124999999 0.4987328125 0.9748953124999999 0.4651328125
6 0.8698546875 0.4683296875 0.8488984374999999 0.4683296875 0.8488984374999999 0.49895468750000005 0.8698546875 0.49895468750000005 0.8698546875 0.4683296875
6 0.302725 0.9020093749999999 0.28126093750000003 0.9020093749999999 0.28126093750000003 0.9378359375 0.302725 0.9378359375 0.302725 0.9020093749999999
6 0.9585890625 0.9614578125 0.9320390625 0.9614578125 0.9320390625 0.9994828124999999 0.9585890625 0.9994828124999999 0.9585890625 0.9614578125
6 0.85726875 0.953490625 0.8315312499999999 0.953490625 0.8315312499999999 0.995728125 0.85726875 0.995728125 0.85726875 0.953490625
6 0.9297078125 0.9591531249999999 0.9036250000000001 0.9591531249999999 0.9036250000000001 0.99885625 0.9297078125 0.99885625 0.9297078125 0.9591531249999999
6 0.7739890625 0.9475093749999999 0.7494515625 0.9475093749999999 0.7494515625 0.9880359375 0.7739890625 0.9880359375 0.7739890625 0.9475093749999999
6 0.55969375 0.9260859375000001 0.53340625 0.9260859375000001 0.53340625 0.9645390624999999 0.55969375 0.9645390624999999 0.55969375 0.9260859375000001
6 0.828053125 0.9516921875 0.802153125 0.9516921875 0.802153125 0.993621875 0.828053125 0.993621875 0.828053125 0.9516921875
6 0.8007703125000001 0.9493859375 0.77605 0.9493859375 0.77605 0.9920187500000001 0.8007703125000001 0.9920187500000001 0.8007703125000001 0.9493859375
6 0.9035249999999999 0.957840625 0.877728125 0.957840625 0.877728125 0.9982156249999999 0.9035249999999999 0.9982156249999999 0.9035249999999999 0.957840625
6 0.377003125 0.114025 0.360396875 0.114025 0.360396875 0.142825 0.377003125 0.142825 0.377003125 0.114025
6 0.3962203125 0.111234375 0.37434687499999997 0.111234375 0.37434687499999997 0.1414296875 0.3962203125 0.1414296875 0.3962203125 0.111234375
6 0.527265625 0.098909375 0.506434375 0.098909375 0.506434375 0.13105 0.527265625 0.13105 0.527265625 0.098909375
6 0.565490625 0.0930953125 0.5445703125 0.0930953125 0.5445703125 0.12624531249999998 0.565490625 0.12624531249999998 0.565490625 0.0930953125
6 0.8342015625 0.06449218749999999 0.8168046875 0.06449218749999999 0.8168046875 0.0968578125 0.8342015625 0.0968578125 0.8342015625 0.06449218749999999
6 0.9760234375 0.0496109375 0.9541640625 0.0496109375 0.9541640625 0.082603125 0.9760234375 0.082603125 0.9760234375 0.0496109375
6 0.47498125 0.47504375000000004 0.4529515625 0.47504375000000004 0.4529515625 0.5049812499999999 0.47498125 0.5049812499999999 0.47498125 0.47504375000000004
6 0.5354421874999999 0.47322968750000005 0.514871875 0.47322968750000005 0.514871875 0.502565625 0.5354421874999999 0.502565625 0.5354421874999999 0.47322968750000005
6 0.2403796875 0.8977234375 0.22199375 0.8977234375 0.22199375 0.932940625 0.2403796875 0.932940625 0.2403796875 0.8977234375
5 0.339390625 0.3231921875 0.25715 0.3231921875 0.25715 0.37672812499999997 0.339390625 0.37672812499999997 0.339390625 0.3231921875
5 0.391503125 0.318734375 0.335803125 0.318734375 0.335803125 0.37444062499999997 0.391503125 0.37444062499999997 0.391503125 0.318734375
5 0.43447500000000006 0.3166765625 0.3888515625 0.3166765625 0.3888515625 0.3732984375 0.43447500000000006 0.3732984375 0.43447500000000006 0.3166765625
5 0.4803828125 0.3139328125 0.4309234375 0.3139328125 0.4309234375 0.3712421875 0.4803828125 0.3712421875 0.4803828125 0.3139328125
5 0.525790625 0.30981562500000004 0.4743640625 0.30981562500000004 0.4743640625 0.36758437499999996 0.525790625 0.36758437499999996 0.525790625 0.30981562500000004
5 0.7765515625 0.2957546875 0.7203890625 0.2957546875 0.7203890625 0.3601546875 0.7765515625 0.3601546875 0.7765515625 0.2957546875
5 0.9108750000000001 0.7364703125000001 0.8433984375 0.7364703125000001 0.8433984375 0.8199703125 0.9108750000000001 0.8199703125 0.9108750000000001 0.7364703125000001
5 0.9738265625 0.740928125 0.9133671874999999 0.740928125 0.9133671874999999 0.8259109375 0.9738265625 0.8259109375 0.9738265625 0.740928125
5 0.41297656250000003 0.7152046875 0.3595828125 0.7152046875 0.3595828125 0.787165625 0.41297656250000003 0.787165625 0.41297656250000003 0.7152046875
5 0.361778125 0.711090625 0.30836874999999997 0.711090625 0.30836874999999997 0.78625 0.361778125 0.78625 0.361778125 0.711090625
5 0.788159375 0.7313234375000001 0.7226734375 0.7313234375000001 0.7226734375 0.815396875 0.788159375 0.815396875 0.788159375 0.7313234375000001
5 0.619378125 0.72275 0.5603343749999999 0.72275 0.5603343749999999 0.8020203125 0.619378125 0.8020203125 0.619378125 0.72275
5 0.572759375 0.307415625 0.52329375 0.307415625 0.52329375 0.3660953125 0.572759375 0.3660953125 0.572759375 0.307415625
5 0.6215234374999999 0.30569999999999997 0.5703968749999999 0.30569999999999997 0.5703968749999999 0.363809375 0.6215234374999999 0.363809375 0.6215234374999999 0.30569999999999997
5 0.674415625 0.3005546875 0.6174984375 0.3005546875 0.6174984375 0.3667796875 0.674415625 0.3667796875 0.674415625 0.3005546875
5 0.82775 0.2916375 0.773890625 0.2916375 0.773890625 0.358096875 0.82775 0.358096875 0.82775 0.2916375
5 0.72474375 0.296440625 0.67054375 0.296440625 0.67054375 0.360384375 0.72474375 0.360384375 0.72474375 0.296440625
5 0.312715625 0.7110890624999999 0.22239843750000002 0.7110890624999999 0.22239843750000002 0.782821875 0.312715625 0.782821875 0.312715625 0.7110890624999999
5 0.4596296875 0.7169187499999999 0.41125625 0.7169187499999999 0.41125625 0.792190625 0.4596296875 0.792190625 0.4596296875 0.7169187499999999
5 0.8436546875 0.731325 0.784865625 0.731325 0.784865625 0.817225 0.8436546875 0.817225 0.8436546875 0.731325
5 0.730365625 0.7254953125 0.6673421875 0.7254953125 0.6673421875 0.809790625 0.730365625 0.809790625 0.730365625 0.7254953125
5 0.673375 0.724465625 0.612465625 0.724465625 0.612465625 0.805903125 0.673375 0.805903125 0.673375 0.724465625
5 0.5102781249999999 0.7186343749999999 0.45561562499999997 0.7186343749999999 0.45561562499999997 0.79630625 0.5102781249999999 0.79630625 0.5102781249999999 0.7186343749999999
5 0.567265625 0.72000625 0.5072890625 0.72000625 0.5072890625 0.7974484375 0.567265625 0.7974484375 0.567265625 0.72000625
0 0.9543578125 0.299371875 0.9153609375 0.299371875 0.9153609375 0.351084375 0.9543578125 0.351084375 0.9543578125 0.299371875
5 0.8787484375 0.3094515625 0.8320187499999999 0.3094515625 0.8320187499999999 0.3540390625 0.8787484375 0.3540390625 0.8787484375 0.3094515625