6 0.8927328125 0.39291718750000004 0.8819593749999999 0.39291718750000004 0.8819593749999999 0.415271875 0.8927328125 0.415271875 0.8927328125 0.39291718750000004
6 0.880528125 0.39416562499999996 0.8687578125 0.39416562499999996 0.8687578125 0.41588906249999996 0.880528125 0.41588906249999996 0.880528125 0.39416562499999996
6 0.8676 0.39458125 0.857 0.39458125 0.857 0.4167140625 0.8676 0.4167140625 0.8676 0.39458125
6 0.8552515625 0.395003125 0.8444156250000001 0.395003125 0.8444156250000001 0.419128125 0.8552515625 0.419128125 0.8552515625 0.395003125
6 0.8433328124999999 0.3970828125 0.831146875 0.3970828125 0.831146875 0.421971875 0.8433328124999999 0.421971875 0.8433328124999999 0.3970828125
6 0.7883296875 0.40041874999999993 0.7751765625 0.40041874999999993 0.7751765625 0.42077187499999996 0.7883296875 0.42077187499999996 0.7883296875 0.40041874999999993
6 0.7316671875 0.40333125000000003 0.718659375 0.40333125000000003 0.718659375 0.424759375 0.7316671875 0.424759375 0.7316671875 0.40333125000000003
6 0.688871875 0.404828125 0.672221875 0.404828125 0.672221875 0.426415625 0.688871875 0.426415625 0.688871875 0.404828125
6 0.672621875 0.40750000000000003 0.656665625 0.40750000000000003 0.656665625 0.4273546875 0.672621875 0.4273546875 0.672621875 0.40750000000000003
6 0.6572250000000001 0.40625156249999994 0.6440750000000001 0.40625156249999994 0.6440750000000001 0.42704375 0.6572250000000001 0.42704375 0.6572250000000001 0.40625156249999994
6 0.6410890625000001 0.407253125 0.628865625 0.407253125 0.628865625 0.427453125 0.6410890625000001 0.427453125 0.6410890625000001 0.407253125
6 0.62673125 0.4077796875 0.6147890625 0.4077796875 0.6147890625 0.42882499999999996 0.62673125 0.42882499999999996 0.62673125 0.4077796875
6 0.6118140624999999 0.40883593749999997 0.5986 0.40883593749999997 0.5986 0.429459375 0.6118140624999999 0.429459375 0.6118140624999999 0.40883593749999997
6 0.066121875 0.0050828125000000005 0.043824999999999996 0.0050828125000000005 0.043824999999999996 0.0428328125 0.066121875 0.0428328125 0.066121875 0.0050828125000000005
6 0.1358015625 0.010696875 0.11273124999999999 0.010696875 0.11273124999999999 0.0459734375 0.1358015625 0.0459734375 0.1358015625 0.010696875
6 0.1575609375 0.012375 0.13491875 0.012375 0.13491875 0.0468 0.1575609375 0.0468 0.1575609375 0.012375
6 0.24221875 0.019012499999999998 0.2203484375 0.019012499999999998 0.2203484375 0.0535578125 0.24221875 0.0535578125 0.24221875 0.019012499999999998
6 0.200103125 0.01573125 0.17815 0.01573125 0.17815 0.04981875 0.200103125 0.04981875 0.200103125 0.01573125
6 0.22119062500000003 0.017303125 0.1987296875 0.017303125 0.1987296875 0.0517875 0.22119062500000003 0.0517875 0.22119062500000003 0.017303125
6 0.2841296875 0.023423437499999998 0.2637234375 0.023423437499999998 0.2637234375 0.057510937500000005 0.2841296875 0.057510937500000005 0.2841296875 0.023423437499999998
6 0.263375 0.0211640625 0.24150468749999998 0.0211640625 0.24150468749999998 0.0548859375 0.263375 0.0548859375 0.263375 0.0211640625
6 0.324059375 0.026824999999999998 0.30419375 0.026824999999999998 0.30419375 0.0599046875 0.324059375 0.0599046875 0.324059375 0.026824999999999998
6 0.18012343749999998 0.0141140625 0.1584171875 0.0141140625 0.1584171875 0.047590625 0.18012343749999998 0.047590625 0.18012343749999998 0.0141140625
6 0.8847453125 0.069465625 0.8691609375 0.069465625 0.8691609375 0.095328125 0.8847453125 0.095328125 0.8847453125 0.069465625
6 0.34348125 0.028898437500000002 0.3238390625 0.028898437500000002 0.3238390625 0.0611265625 0.34348125 0.0611265625 0.34348125 0.028898437500000002
6 0.8979781250000001 0.070809375 0.8819687500000001 0.070809375 0.8819687500000001 0.096915625 0.8979781250000001 0.096915625 0.8979781250000001 0.070809375
6 0.8697109375000001 0.06842812499999999 0.8542484375000001 0.06842812499999999 0.8542484375000001 0.09429062499999999 0.8697109375000001 0.09429062499999999 0.8697109375000001 0.06842812499999999
6 0.8140562499999999 0.0647359375 0.7979234374999999 0.0647359375 0.7979234374999999 0.09139375 0.8140562499999999 0.09139375 0.8140562499999999 0.0647359375
6 0.7259296875000001 0.0590890625 0.7089640625 0.0590890625 0.7089640625 0.085440625 0.7259296875000001 0.085440625 0.7259296875000001 0.0590890625
6 0.36343281250000004 0.030609375 0.344246875 0.030609375 0.344246875 0.06265156250000001 0.36343281250000004 0.06265156250000001 0.36343281250000004 0.030609375
6 0.8275593750000001 0.0661390625 0.810459375 0.0661390625 0.810459375 0.09255156249999999 0.8275593750000001 0.09255156249999999 0.8275593750000001 0.0661390625
6 0.38206562499999996 0.031829687499999995 0.36272812499999996 0.031829687499999995 0.36272812499999996 0.064240625 0.38206562499999996 0.064240625 0.38206562499999996 0.031829687499999995
6 0.438446875 0.036398437500000005 0.41962656249999997 0.036398437500000005 0.41962656249999997 0.06748125 0.438446875 0.06748125 0.438446875 0.036398437500000005
6 0.40087812500000003 0.034028125 0.382975 0.034028125 0.382975 0.0658875 0.40087812500000003 0.0658875 0.40087812500000003 0.034028125
6 0.4565984375 0.038260937499999995 0.439234375 0.038260937499999995 0.439234375 0.06934375000000001 0.4565984375 0.06934375000000001 0.4565984375 0.038260937499999995
6 0.771709375 0.061865625 0.7556359375 0.061865625 0.7556359375 0.0885234375 0.771709375 0.0885234375 0.771709375 0.061865625
6 0.740215625 0.0597453125 0.7246312500000001 0.0597453125 0.7246312500000001 0.0860046875 0.740215625 0.0860046875 0.740215625 0.0597453125
6 0.47463437500000005 0.0394203125 0.4570046875 0.0394203125 0.4570046875 0.0703796875 0.47463437500000005 0.0703796875 0.47463437500000005 0.0394203125
6 0.4923046875 0.040915625 0.4738421875 0.040915625 0.4738421875 0.0719984375 0.4923046875 0.0719984375 0.4923046875 0.040915625
6 0.419534375 0.034728125 0.40012499999999995 0.034728125 0.40012499999999995 0.0667109375 0.419534375 0.0667109375 0.419534375 0.034728125
6 0.7565796875 0.06028750000000001 0.7408140624999999 0.06028750000000001 0.7408140624999999 0.087053125 0.7565796875 0.087053125 0.7565796875 0.06028750000000001
6 0.8553890624999999 0.06774843750000001 0.839925 0.06774843750000001 0.839925 0.09350625 0.8553890624999999 0.09350625 0.8553890624999999 0.06774843750000001
6 0.5095671875 0.042909375 0.4917328125 0.042909375 0.4917328125 0.073121875 0.5095671875 0.073121875 0.5095671875 0.042909375
6 0.529378125 0.0438234375 0.510334375 0.0438234375 0.510334375 0.0739765625 0.529378125 0.0739765625 0.529378125 0.0438234375
6 0.598096875 0.048478125 0.5809359374999999 0.048478125 0.5809359374999999 0.0782328125 0.598096875 0.0782328125 0.598096875 0.048478125
6 0.5638140625 0.045684375 0.5449140625 0.045684375 0.5449140625 0.07583593749999999 0.5638140625 0.07583593749999999 0.5638140625 0.045684375
6 0.1335734375 0.42301875000000005 0.11267968749999999 0.42301875000000005 0.11267968749999999 0.4500265625 0.1335734375 0.4500265625 0.1335734375 0.42301875000000005
6 0.7079984375 0.05765625 0.6917421874999999 0.05765625 0.6917421874999999 0.083459375 0.7079984375 0.083459375 0.7079984375 0.05765625
6 0.676778125 0.05594687499999999 0.6604609375 0.05594687499999999 0.6604609375 0.082359375 0.676778125 0.082359375 0.676778125 0.05594687499999999
6 0.6295671875 0.05266562500000001 0.6139203125 0.05266562500000001 0.6139203125 0.0797796875 0.6295671875 0.0797796875 0.6295671875 0.05266562500000001
6 0.1543171875 0.422165625 0.13311718749999998 0.422165625 0.13311718749999998 0.4499046875 0.1543171875 0.4499046875 0.1543171875 0.422165625
6 0.301840625 0.4171609375 0.2818203125 0.4171609375 0.2818203125 0.44416874999999995 0.301840625 0.44416874999999995 0.301840625 0.4171609375
6 0.6459343750000001 0.053384375 0.6301046875 0.053384375 0.6301046875 0.080040625 0.6459343750000001 0.080040625 0.6459343750000001 0.053384375
6 0.2723328125 0.418365625 0.2520796875 0.418365625 0.2520796875 0.44442812500000006 0.2723328125 0.44442812500000006 0.2723328125 0.418365625
6 0.1734015625 0.4212953125 0.15244531249999999 0.4212953125 0.15244531249999999 0.449309375 0.1734015625 0.449309375 0.1734015625 0.4212953125
6 0.66215 0.054221874999999996 0.64644375 0.054221874999999996 0.64644375 0.080421875 0.66215 0.080421875 0.66215 0.054221874999999996
6 0.41544687500000005 0.413803125 0.397053125 0.413803125 0.397053125 0.439221875 0.41544687500000005 0.439221875 0.41544687500000005 0.413803125
6 0.1944890625 0.42066875000000004 0.1726984375 0.42066875000000004 0.1726984375 0.44847187499999996 0.1944890625 0.44847187499999996 0.1944890625 0.42066875000000004
6 0.320578125 0.41693281249999997 0.30116875 0.41693281249999997 0.30116875 0.44293281249999994 0.320578125 0.44293281249999994 0.320578125 0.41693281249999997
6 0.2334703125 0.4195109375 0.21184375000000003 0.4195109375 0.21184375000000003 0.4462140625 0.2334703125 0.4462140625 0.2334703125 0.4195109375
6 0.339796875 0.41563437499999994 0.32068281249999997 0.41563437499999994 0.32068281249999997 0.4417859375 0.339796875 0.4417859375 0.339796875 0.41563437499999994
6 0.253609375 0.41897812500000003 0.23271718749999998 0.41897812500000003 0.23271718749999998 0.4452828125 0.253609375 0.4452828125 0.253609375 0.41897812500000003
6 0.37385 0.415046875 0.35531718749999996 0.415046875 0.35531718749999996 0.439934375 0.37385 0.439934375 0.37385 0.415046875
6 0.3922421875 0.4143734375 0.374684375 0.4143734375 0.374684375 0.43865156250000004 0.3922421875 0.43865156250000004 0.3922421875 0.4143734375
6 0.3564171875 0.41614531250000003 0.337596875 0.41614531250000003 0.337596875 0.441275 0.3564171875 0.441275 0.3564171875 0.41614531250000003
6 0.2137671875 0.42015 0.1924859375 0.42015 0.1924859375 0.447525 0.2137671875 0.447525 0.2137671875 0.42015
6 0.278578125 0.7576968749999999 0.2608078125 0.7576968749999999 0.2608078125 0.7833171875 0.278578125 0.7833171875 0.278578125 0.7576968749999999
6 0.1856203125 0.76956875 0.1675734375 0.76956875 0.1675734375 0.7968359375 0.1856203125 0.7968359375 0.1856203125 0.76956875
6 0.26039218750000004 0.7595671875 0.242215625 0.7595671875 0.242215625 0.7863328125 0.26039218750000004 0.7863328125 0.26039218750000004 0.7595671875
6 0.3353484375 0.7494890625 0.316671875 0.7494890625 0.316671875 0.7759015625 0.3353484375 0.7759015625 0.3353484375 0.7494890625
6 0.1657765625 0.774153125 0.14835 0.774153125 0.14835 0.7990859375 0.1657765625 0.7990859375 0.1657765625 0.774153125
6 0.20519375 0.7670984375 0.18607968749999998 0.7670984375 0.18607968749999998 0.7944265625 0.20519375 0.7944265625 0.20519375 0.7670984375
6 0.24260312499999998 0.7615734375 0.222890625 0.7615734375 0.222890625 0.78920625 0.24260312499999998 0.78920625 0.24260312499999998 0.7615734375
6 0.471375 0.7326515625 0.45505781250000005 0.7326515625 0.45505781250000005 0.756609375 0.471375 0.756609375 0.471375 0.7326515625
6 0.4384 0.7354828125 0.4209734375 0.7354828125 0.4209734375 0.7606124999999999 0.4384 0.7606124999999999 0.4384 0.7354828125
6 0.35226562499999997 0.7466890625 0.33523437500000003 0.7466890625 0.33523437500000003 0.772840625 0.35226562499999997 0.772840625 0.35226562499999997 0.7466890625
6 0.553875 0.7192671875000001 0.535971875 0.7192671875000001 0.535971875 0.7445968749999999 0.553875 0.7445968749999999 0.553875 0.7192671875000001
6 0.40334062499999995 0.74180625 0.38637343749999997 0.74180625 0.38637343749999997 0.766984375 0.40334062499999995 0.766984375 0.40334062499999995 0.74180625
6 0.3703015625 0.7449484375 0.3536578125 0.7449484375 0.3536578125 0.7716515625 0.3703015625 0.7716515625 0.3703015625 0.7449484375
6 0.6258328125 0.709746875 0.6085406250000001 0.709746875 0.6085406250000001 0.7336125 0.6258328125 0.7336125 0.6258328125 0.709746875
6 0.386578125 0.743446875 0.36993437500000004 0.743446875 0.36993437500000004 0.7692484375 0.386578125 0.7692484375 0.386578125 0.743446875
6 0.59979375 0.714271875 0.584453125 0.714271875 0.584453125 0.737878125 0.59979375 0.737878125 0.59979375 0.714271875
6 0.4187171875 0.739296875 0.40354999999999996 0.739296875 0.40354999999999996 0.763634375 0.4187171875 0.763634375 0.4187171875 0.739296875
6 0.2229703125 0.7646859375 0.2044359375 0.7646859375 0.2044359375 0.791953125 0.2229703125 0.791953125 0.2229703125 0.7646859375
6 0.6403531250000001 0.7070390625 0.6239671875 0.7070390625 0.6239671875 0.7304609375 0.6403531250000001 0.7304609375 0.6403531250000001 0.7070390625
6 0.680196875 0.7027125 0.6648562499999999 0.7027125 0.6648562499999999 0.725996875 0.680196875 0.725996875 0.680196875 0.7027125
6 0.5701484375 0.71885 0.5541984375 0.71885 0.5541984375 0.742090625 0.5701484375 0.742090625 0.5701484375 0.71885
6 0.7349453125000001 0.694909375 0.7194812500000001 0.694909375 0.7194812500000001 0.7172015625 0.7349453125000001 0.7172015625 0.7349453125000001 0.694909375
6 0.8417937500000001 0.6790078125 0.8274796875 0.6790078125 0.8274796875 0.6998968750000001 0.8417937500000001 0.6998968750000001 0.8417937500000001 0.6790078125
6 0.789878125 0.6853578125 0.775228125 0.6853578125 0.775228125 0.707221875 0.789878125 0.707221875 0.789878125 0.6853578125
6 0.45438124999999996 0.7354046875 0.4394984375 0.7354046875 0.4394984375 0.758734375 0.45438124999999996 0.758734375 0.45438124999999996 0.7354046875
6 0.43333281250000005 0.415625 0.42000000000000004 0.415625 0.42000000000000004 0.441875 0.43333281250000005 0.441875 0.43333281250000005 0.415625
6 0.44749999999999995 0.41312499999999996 0.4383328125 0.41312499999999996 0.4383328125 0.441875 0.44749999999999995 0.441875 0.44749999999999995 0.41312499999999996
6 0.9216671875 0.06875 0.8983328125 0.06875 0.8983328125 0.09812499999999999 0.9216671875 0.09812499999999999 0.9216671875 0.06875
6 0.7991671874999999 0.068125 0.7849999999999999 0.068125 0.7849999999999999 0.091875 0.7991671874999999 0.091875 0.7991671874999999 0.068125
6 0.5758328125000001 0.04875 0.5625 0.04875 0.5625 0.08249999999999999 0.5758328125000001 0.08249999999999999 0.5758328125000001 0.04875
6 0.6125 0.050624999999999996 0.5991671875 0.050624999999999996 0.5991671875 0.08375 0.6125 0.08375 0.6125 0.050624999999999996
6 0.6900000000000001 0.058750000000000004 0.6766671875 0.058750000000000004 0.6766671875 0.088125 0.6900000000000001 0.088125 0.6900000000000001 0.058750000000000004
6 0.2983328125 0.0225 0.28916718750000003 0.0225 0.28916718750000003 0.055625 0.2983328125 0.055625 0.2983328125 0.0225
6 0.5433328125 0.046875 0.5308328125 0.046875 0.5308328125 0.07062500000000001 0.5433328125 0.07062500000000001 0.5433328125 0.046875
6 0.11347343750000001 0.008590625000000001 0.0894859375 0.008590625000000001 0.0894859375 0.044815625 0.11347343750000001 0.044815625 0.11347343750000001 0.008590625000000001
6 0.0897734375 0.00680625 0.0669671875 0.00680625 0.0669671875 0.042878125 0.0897734375 0.042878125 0.0897734375 0.00680625
6 0.65248125 0.708221875 0.637884375 0.708221875 0.637884375 0.7302531250000001 0.65248125 0.7302531250000001 0.65248125 0.708221875
6 0.6948531250000001 0.70250625 0.681446875 0.70250625 0.681446875 0.7232734375 0.6948531250000001 0.7232734375 0.6948531250000001 0.70250625
6 0.72178125 0.6996296875 0.7079046875 0.6996296875 0.7079046875 0.719315625 0.72178125 0.719315625 0.72178125 0.6996296875
6 0.8173515625000001 0.6849296875 0.8037421874999999 0.6849296875 0.8037421874999999 0.7047203125 0.8173515625000001 0.7047203125 0.8173515625000001 0.6849296875
6 0.7833328125000001 0.06625 0.7733328125 0.06625 0.7733328125 0.088125 0.7833328125000001 0.088125 0.7833328125000001 0.06625
6 0.8408328125000001 0.06625 0.8266671875 0.06625 0.8266671875 0.09125 0.8408328125000001 0.09125 0.8408328125000001 0.06625
6 0.4638890625 0.413334375 0.45111093750000003 0.413334375 0.45111093750000003 0.43875156249999997 0.4638890625 0.43875156249999997 0.4638890625 0.413334375
6 0.48222343749999996 0.41208437499999995 0.47055625 0.41208437499999995 0.47055625 0.43750156249999994 0.48222343749999996 0.43750156249999994 0.48222343749999996 0.41208437499999995
6 0.4988890625 0.4137515625 0.4844453125 0.4137515625 0.4844453125 0.434584375 0.4988890625 0.434584375 0.4988890625 0.4137515625
6 0.5155546875 0.4125 0.496665625 0.4125 0.496665625 0.4325 0.5155546875 0.4325 0.5155546875 0.4125
6 0.533890625 0.41249843750000004 0.51555625 0.41249843750000004 0.51555625 0.43291562499999997 0.533890625 0.43291562499999997 0.533890625 0.41249843750000004
6 0.5494453125 0.4087484375 0.533334375 0.4087484375 0.533334375 0.43791562500000003 0.5494453125 0.43791562500000003 0.5494453125 0.4087484375
6 0.567778125 0.409584375 0.5516687499999999 0.409584375 0.5516687499999999 0.4337515625 0.567778125 0.4337515625 0.567778125 0.409584375
6 0.58166875 0.40916718750000003 0.5694453125 0.40916718750000003 0.5694453125 0.4366671875 0.58166875 0.4366671875 0.58166875 0.40916718750000003
6 0.7033328125 0.4037515625 0.6883328125 0.4037515625 0.6883328125 0.42833437500000004 0.7033328125 0.42833437500000004 0.7033328125 0.4037515625
6 0.7177781249999999 0.402915625 0.7033343750000001 0.402915625 0.7033343750000001 0.427084375 0.7177781249999999 0.427084375 0.7177781249999999 0.402915625
6 0.7472218749999999 0.399584375 0.731665625 0.399584375 0.731665625 0.42791562499999997 0.7472218749999999 0.42791562499999997 0.7472218749999999 0.399584375
6 0.7605546875 0.40208281250000005 0.747778125 0.40208281250000005 0.747778125 0.42583281250000005 0.7605546875 0.42583281250000005 0.7605546875 0.40208281250000005
6 0.7738890625 0.40166562499999997 0.7599984375 0.40166562499999997 0.7599984375 0.42499843750000005 0.7738890625 0.42499843750000005 0.7738890625 0.40166562499999997
6 0.8016671875 0.399165625 0.7883328125 0.399165625 0.7883328125 0.4237484375 0.8016671875 0.4237484375 0.8016671875 0.399165625
6 0.8161109375000001 0.398334375 0.8016687499999999 0.398334375 0.8016687499999999 0.4237515625 0.8161109375000001 0.4237515625 0.8161109375000001 0.398334375
6 0.8305562500000001 0.395415625 0.8172234375 0.395415625 0.8172234375 0.42333437500000004 0.8305562500000001 0.42333437500000004 0.8305562500000001 0.395415625
5 0.172146875 0.2588734375 0.0600140625 0.2588734375 0.0600140625 0.323371875 0.172146875 0.323371875 0.172146875 0.2588734375
5 0.21947031250000001 0.26013281250000003 0.1673640625 0.26013281250000003 0.1673640625 0.3230921875 0.21947031250000001 0.3230921875 0.21947031250000001 0.26013281250000003
5 0.266421875 0.260553125 0.21433125 0.260553125 0.21433125 0.32113749999999996 0.266421875 0.32113749999999996 0.266421875 0.260553125
5 0.3100171875 0.261390625 0.26185625 0.261390625 0.26185625 0.320578125 0.3100171875 0.320578125 0.3100171875 0.261390625
5 0.587496875 0.26390625 0.5514828125 0.26390625 0.5514828125 0.3180640625 0.587496875 0.3180640625 0.587496875 0.26390625
5 0.352 0.261390625 0.3065859375 0.261390625 0.3065859375 0.32309375 0.352 0.32309375 0.352 0.261390625
5 0.3944796875 0.261390625 0.34964062500000004 0.261390625 0.34964062500000004 0.319740625 0.3944796875 0.319740625 0.3944796875 0.261390625
5 0.4350953125 0.2630671875 0.3926921875 0.2630671875 0.3926921875 0.3183421875 0.4350953125 0.3183421875 0.4350953125 0.2630671875
5 0.475709375 0.261809375 0.43295000000000006 0.261809375 0.43295000000000006 0.32113593749999997 0.475709375 0.32113593749999997 0.475709375 0.261809375
5 0.5163265625 0.26265 0.472646875 0.26265 0.472646875 0.32002031249999996 0.5163265625 0.32002031249999996 0.5163265625 0.26265
5 0.5526015625 0.263584375 0.5125984375 0.263584375 0.5125984375 0.31842187499999997 0.5526015625 0.31842187499999997 0.5526015625 0.263584375
5 0.2108796875 0.635390625 0.11437968750000001 0.635390625 0.11437968750000001 0.6873890625 0.2108796875 0.6873890625 0.2108796875 0.635390625
5 0.2584484375 0.62349375 0.2047921875 0.62349375 0.2047921875 0.6813109374999999 0.2584484375 0.6813109374999999 0.2584484375 0.62349375
5 0.296853125 0.6199265625 0.253959375 0.6199265625 0.253959375 0.6776140625 0.296853125 0.6776140625 0.296853125 0.6199265625
5 0.6655390625 0.584634375 0.6261812499999999 0.584634375 0.6261812499999999 0.6332015625 0.6655390625 0.6332015625 0.6655390625 0.584634375
5 0.630303125 0.589390625 0.58864375 0.589390625 0.58864375 0.635578125 0.630303125 0.635578125 0.630303125 0.589390625
5 0.59506875 0.591771875 0.5622046875 0.591771875 0.5622046875 0.6408640625 0.59506875 0.6408640625 0.59506875 0.591771875
5 0.56511875 0.59415 0.5236078125 0.59415 0.5236078125 0.643240625 0.56511875 0.643240625 0.56511875 0.59415
5 0.5263578125 0.5949421874999999 0.48606875 0.5949421874999999 0.48606875 0.647203125 0.5263578125 0.647203125 0.5263578125 0.5949421874999999
5 0.33796875000000004 0.6163578125 0.2925578125 0.6163578125 0.2925578125 0.668878125 0.33796875000000004 0.668878125 0.33796875000000004 0.6163578125
5 0.3760234375 0.6108046875 0.33485624999999997 0.6108046875 0.33485624999999997 0.66465 0.3760234375 0.66465 0.3760234375 0.6108046875
5 0.41619375 0.6080296875 0.375040625 0.6080296875 0.375040625 0.6614796875 0.41619375 0.6614796875 0.41619375 0.6080296875
5 0.45600781250000005 0.6048578124999999 0.4120515625 0.6048578124999999 0.4120515625 0.6538171875 0.45600781250000005 0.6538171875 0.45600781250000005 0.6048578124999999
5 0.4907453125 0.6012890625 0.451175 0.6012890625 0.451175 0.6527609375 0.4907453125 0.6527609375 0.4907453125 0.6012890625
0 0.7503437500000001 0.589390625 0.71765 0.589390625 0.71765 0.62079375 0.7503437500000001 0.62079375 0.7503437500000001 0.589390625
0 0.7869890625 0.585028125 0.75571875 0.585028125 0.75571875 0.6160359375 0.7869890625 0.6160359375 0.7869890625 0.585028125
0 0.8225765624999999 0.582253125 0.7927296875 0.582253125 0.7927296875 0.610753125 0.8225765624999999 0.610753125 0.8225765624999999 0.582253125
0 0.6668703125000001 0.2786046875 0.6408234375 0.2786046875 0.6408234375 0.317590625 0.6668703125000001 0.317590625 0.6668703125000001 0.2786046875
0 0.7101390624999999 0.279409375 0.684821875 0.279409375 0.684821875 0.3170546875 0.7101390624999999 0.3170546875 0.7101390624999999 0.279409375
0 0.806325 0.27981406249999996 0.7717421875 0.27981406249999996 0.7717421875 0.317590625 0.806325 0.317590625 0.806325 0.27981406249999996
0 0.7512578125 0.28021562499999997 0.7170156249999999 0.28021562499999997 0.7170156249999999 0.3170546875 0.7512578125 0.3170546875 0.7512578125 0.28021562499999997
5 0.6239640625 0.28303124999999996 0.59414375 0.28303124999999996 0.59414375 0.317053125 0.6239640625 0.317053125 0.6239640625 0.28303124999999996
5 0.687978125 0.5994453125 0.6647546875 0.5994453125 0.6647546875 0.6256906250000001 0.687978125 0.6256906250000001 0.687978125 0.5994453125
5 0.715375 0.596271875 0.6889390625 0.596271875 0.6889390625 0.6220640625 0.715375 0.6220640625 0.715375 0.596271875
2 0.7334375 0.87786875 0.73695 0.8685656249999999 0.736715625 0.8520640625 0.7287546875 0.8459203125 0.7259453125 0.8327546874999999 0.703425 0.8376812499999999 0.7032359375 0.8369671875 0.7027687499999999 0.83766875 0.7128359375 0.8559265625 0.7074499999999999 0.8585593749999999 0.7158796875 0.8662828125 0.7179859375000001 0.878921875 0.7334375 0.87786875
6 0.1803921875 0.9640281249999999 0.1694453125 0.9654671875 0.1721984375 0.992115625 0.185075 0.9907109374999999 0.1803921875 0.9640281249999999
6 0.19865468749999998 0.962096875 0.18595625 0.9633593749999999 0.191396875 0.9886046875 0.20286875000000001 0.987025 0.19865468749999998 0.962096875
6 0.21668125 0.9589375 0.20527812499999998 0.961778125 0.20872031249999998 0.9850937500000001 0.2230015625 0.9838640625 0.21668125 0.9589375
6 0.227059375 0.9823296875 0.2375171875 0.980353125 0.2344734375 0.954725 0.2230015625 0.9557781249999999 0.227059375 0.9823296875
6 0.24532656249999998 0.978640625 0.25648125 0.9775453125 0.2527359375 0.9513890625 0.2412640625 0.9533203125 0.24532656249999998 0.978640625
6 0.2687984375 0.9485312499999999 0.2575484375 0.9505359375 0.2612703125 0.9758531250000001 0.2735875 0.9744421875 0.2687984375 0.9485312499999999
6 0.2847078125 0.9437859375000001 0.27192343750000003 0.9459156249999999 0.2768390625 0.972903125 0.28966875000000003 0.9703375 0.2847078125 0.9437859375000001
6 0.3024984375 0.941734375 0.2898921875 0.943990625 0.2958265625 0.9689265625000001 0.30660468750000003 0.9668734375 0.3024984375 0.941734375
6 0.318921875 0.9386546875 0.3078609375 0.9407171875 0.3110515625 0.9648218749999999 0.32285624999999996 0.9628984375 0.318921875 0.9386546875
6 0.33483125 0.936090625 0.3242890625 0.9376374999999999 0.32935625 0.9625125000000001 0.34047499999999997 0.9607171875 0.33483125 0.936090625
6 0.3453390625 0.9603546875 0.3565859375 0.956925 0.35162499999999997 0.9326828125000001 0.34033437499999997 0.9346062500000001 0.3453390625 0.9603546875
6 0.36873125 0.9290906250000001 0.35611875 0.93166875 0.361546875 0.9570531250000001 0.3731796875 0.954871875 0.36873125 0.9290906250000001
6 0.37716875 0.9524609375 0.3877203125 0.9510249999999999 0.38446875 0.92626875 0.3723234375 0.9278078125 0.37716875 0.9524609375
6 0.3925703125 0.9491875000000001 0.403659375 0.947490625 0.40006718750000003 0.9232484375000001 0.387921875 0.9253 0.3925703125 0.9491875000000001
6 0.41580625 0.9202984375 0.4038640625 0.9222359375 0.40810781250000006 0.9473625 0.4207671875 0.9455671875 0.41580625 0.9202984375
6 0.428978125 0.9177328125 0.4202921875 0.9199249999999999 0.424359375 0.9438984375 0.43530781249999995 0.9415906250000001 0.428978125 0.9177328125
6 0.4463453125 0.9150359375000001 0.43441093750000004 0.9162671874999999 0.43916093749999996 0.9401765624999999 0.45079375 0.93838125 0.4463453125 0.9150359375000001
6 0.7113296874999999 0.8615718749999999 0.7021421875 0.8635171875 0.7089359375 0.8853015624999999 0.7181734375 0.883890625 0.7113296874999999 0.8615718749999999
6 0.694565625 0.8740140625 0.694565625 0.8872265625000001 0.70534375 0.886584375 0.7048296875 0.869525 0.6978156249999999 0.863753125 0.687253125 0.86525 0.694565625 0.8740140625
6 0.6817359374999999 0.8763234375 0.6817359374999999 0.88991875 0.691315625 0.889534375 0.691315625 0.8742703125 0.68464375 0.8667031250000001 0.67441875 0.8692921874999999 0.6817359374999999 0.8763234375
6 0.6675375 0.877990625 0.6697609375 0.8937671875 0.67814375 0.8927421875 0.67814375 0.8785031249999999 0.6723265625 0.8696531249999999 0.6620984375 0.8712171874999999 0.6675375 0.877990625
6 0.65470625 0.8826078125000001 0.654878125 0.8958203125 0.6651421875 0.89505 0.664628125 0.8794015625 0.658128125 0.871834375 0.64849375 0.873528125 0.65470625 0.8826078125000001
6 0.6411703125 0.898015625 0.65109375 0.8963484375 0.65109375 0.8853171874999999 0.6427109375 0.8741578125 0.6348890625 0.8764156249999999 0.6413421875 0.8837781250000001 0.6411703125 0.898015625
6 0.4612265625 0.9115640624999999 0.4499359375 0.9138734375 0.45489687500000003 0.9370890624999999 0.466359375 0.9349093749999999 0.4612265625 0.9115640624999999
6 0.470090625 0.9337859375 0.481584375 0.9322156250000001 0.47679375 0.9081015625 0.464990625 0.91028125 0.470090625 0.9337859375
6 0.4807765625 0.9069578125 0.4843046875 0.9314046875 0.49608281249999997 0.928821875 0.4916390625 0.9047421874999999 0.4807765625 0.9069578125
6 0.5059734375 0.9022421875 0.4944484375 0.90383125 0.49919531250000004 0.928821875 0.511084375 0.92690625 0.5059734375 0.9022421875
6 0.521540625 0.8996562499999999 0.50945625 0.9010796875 0.5130953125 0.9249859375 0.526096875 0.92331875 0.521540625 0.8996562499999999
6 0.5367171875000001 0.8973234375000001 0.523159375 0.8993234375 0.52805 0.9217359374999999 0.5417171875 0.9208187499999999 0.5367171875000001 0.8973234375000001
6 0.5508296875 0.89465625 0.539303125 0.8963281249999999 0.5437171875 0.919153125 0.5553859375 0.9179859374999999 0.5508296875 0.89465625
6 0.56516875 0.8931578124999999 0.5534765625 0.8937015625000001 0.5565015625 0.9164875 0.5660578125 0.9155703125000001 0.56516875 0.8931578124999999
6 0.6273609375 0.8880234375 0.6290265625 0.9011046875 0.63680625 0.9006875000000001 0.63825 0.8851906250000001 0.6310265625 0.877275 0.621840625 0.8796953125 0.6273609375 0.8880234375
6 0.613803125 0.8891890625000001 0.614803125 0.9049375 0.6243593749999999 0.902353125 0.6243593749999999 0.8872734375 0.6181375 0.879440625 0.607 0.8816953125 0.613803125 0.8891890625000001
6 0.5988015625 0.893521875 0.6005796875 0.908603125 0.6102484375 0.9072703125 0.610359375 0.8904390624999999 0.6045796875 0.88285625 0.593328125 0.884571875 0.5988015625 0.893521875
6 0.5850234375000001 0.8970218750000001 0.5856890625 0.910103125 0.5955796875 0.9099359375 0.596134375 0.8929390625 0.5919125000000001 0.8856890625 0.579321875 0.8871984375 0.5850234375000001 0.8970218750000001
6 0.5719109375 0.9136015625 0.5822453125 0.91176875 0.5822453125 0.8970218750000001 0.5778 0.889521875 0.5775765625 0.88835625 0.569909375 0.8900218750000001 0.5719109375 0.9136015625
6 0.5314609375 0.725965625 0.50651875 0.725965625 0.50651875 0.7455093749999999 0.5314609375 0.7455093749999999 0.5314609375 0.725965625
0 0.5036953125 0.727821875 0.468171875 0.727821875 0.468171875 0.7521093750000001 0.5036953125 0.7521093750000001 0.5036953125 0.727821875
0 0.3147171875 0.7544187499999999 0.2780703125 0.7544187499999999 0.2780703125 0.778896875 0.3147171875 0.778896875 0.3147171875 0.7544187499999999