6 0.25286875000000003 0.3815359375 0.241478125 0.3815359375 0.241478125 0.40552343750000003 0.25286875000000003 0.40552343750000003 0.25286875000000003 0.3815359375
6 0.2665359375 0.38096874999999997 0.25369687500000004 0.38096874999999997 0.25369687500000004 0.40705625 0.2665359375 0.40705625 0.2665359375 0.38096874999999997
6 0.28905156249999997 0.38096718749999997 0.271434375 0.38096718749999997 0.271434375 0.407478125 0.28905156249999997 0.407478125 0.28905156249999997 0.38096718749999997
6 0.1742140625 0.38096718749999997 0.1574 0.38096718749999997 0.1574 0.40452187500000003 0.1742140625 0.40452187500000003 0.1742140625 0.38096718749999997
6 0.1860328125 0.3797015625 0.17091406250000002 0.3797015625 0.17091406250000002 0.40452343749999997 0.1860328125 0.40452343749999997 0.1860328125 0.3797015625
6 0.19841875 0.381603125 0.1878078125 0.381603125 0.1878078125 0.4053671875 0.19841875 0.4053671875 0.19841875 0.381603125
6 0.21305468749999998 0.38096874999999997 0.1979453125 0.38096874999999997 0.1979453125 0.404946875 0.21305468749999998 0.404946875 0.21305468749999998 0.38096874999999997
6 0.2266203125 0.382284375 0.2105671875 0.382284375 0.2105671875 0.405025 0.2266203125 0.405025 0.2266203125 0.382284375
6 0.24024218749999998 0.3819109375 0.22552500000000003 0.3819109375 0.22552500000000003 0.4052734375 0.24024218749999998 0.4052734375 0.24024218749999998 0.3819109375
6 0.343128125 0.38419375 0.33096562500000004 0.38419375 0.33096562500000004 0.4072609375 0.343128125 0.4072609375 0.343128125 0.38419375
6 0.3603453125 0.3840390625 0.3442890625 0.3840390625 0.3442890625 0.4076359375 0.3603453125 0.4076359375 0.3603453125 0.3840390625
6 0.8961296875 0.385871875 0.877309375 0.385871875 0.877309375 0.41100312499999997 0.8961296875 0.41100312499999997 0.8961296875 0.385871875
6 0.8586328125 0.385384375 0.8405859375 0.385384375 0.8405859375 0.41051562500000005 0.8586328125 0.41051562500000005 0.8586328125 0.385384375
6 0.8767921875000001 0.38580312499999997 0.8588890625 0.38580312499999997 0.8588890625 0.41107187500000003 0.8767921875000001 0.41107187500000003 0.8767921875000001 0.38580312499999997
6 0.78513125 0.38551406250000003 0.7669546875 0.38551406250000003 0.7669546875 0.409896875 0.78513125 0.409896875 0.78513125 0.38551406250000003
6 0.839646875 0.385484375 0.8218140625 0.385484375 0.8218140625 0.410415625 0.839646875 0.410415625 0.839646875 0.385484375
6 0.7500109375 0.38532968749999996 0.7317609375 0.38532968749999996 0.7317609375 0.4100796875 0.7500109375 0.4100796875 0.7500109375 0.38532968749999996
6 0.7673140625 0.385490625 0.7496140625 0.385490625 0.7496140625 0.4099203125 0.7673140625 0.4099203125 0.7673140625 0.385490625
6 0.645903125 0.3858171875 0.6301359375 0.3858171875 0.6301359375 0.4105671875 0.645903125 0.4105671875 0.645903125 0.3858171875
6 0.9151562500000001 0.386153125 0.8960437499999999 0.386153125 0.8960437499999999 0.410721875 0.9151562500000001 0.410721875 0.9151562500000001 0.386153125
6 0.8035359375000001 0.385840625 0.785003125 0.385840625 0.785003125 0.41054531250000004 0.8035359375000001 0.41054531250000004 0.8035359375000001 0.385840625
6 0.6113999999999999 0.3857125 0.5956328125 0.3857125 0.5956328125 0.4101875 0.6113999999999999 0.4101875 0.6113999999999999 0.3857125
6 0.679840625 0.3854359375 0.66260625 0.3854359375 0.66260625 0.4109484375 0.679840625 0.4109484375 0.679840625 0.3854359375
6 0.71533125 0.38572656250000004 0.697428125 0.38572656250000004 0.697428125 0.410659375 0.71533125 0.410659375 0.71533125 0.38572656250000004
6 0.8211468749999999 0.385490625 0.8038531250000001 0.385490625 0.8038531250000001 0.4099203125 0.8211468749999999 0.4099203125 0.8211468749999999 0.385490625
6 0.15863125 0.069403125 0.1465484375 0.069403125 0.1465484375 0.0933109375 0.15863125 0.0933109375 0.15863125 0.069403125
6 0.175546875 0.06707031249999999 0.1594140625 0.06707031249999999 0.1594140625 0.09332968750000001 0.175546875 0.09332968750000001 0.175546875 0.06707031249999999
6 0.261696875 0.0617609375 0.2484765625 0.0617609375 0.2484765625 0.089253125 0.261696875 0.089253125 0.261696875 0.0617609375
6 0.276909375 0.06028750000000001 0.2605234375 0.06028750000000001 0.2605234375 0.087053125 0.276909375 0.087053125 0.276909375 0.06028750000000001
6 0.322978125 0.0585453125 0.3079421875 0.0585453125 0.3079421875 0.0843546875 0.322978125 0.0843546875 0.322978125 0.0585453125
6 0.33809374999999997 0.05624375 0.32387968749999996 0.05624375 0.32387968749999996 0.083740625 0.33809374999999997 0.083740625 0.33809374999999997 0.05624375
6 0.35493281250000003 0.054634375 0.3377734375 0.054634375 0.3377734375 0.08269531249999999 0.35493281250000003 0.08269531249999999 0.35493281250000003 0.054634375
6 0.29348125 0.0591109375 0.2758515625 0.0591109375 0.2758515625 0.0866390625 0.29348125 0.0866390625 0.29348125 0.0591109375
6 0.1310453125 0.07129687500000001 0.1162609375 0.07129687500000001 0.1162609375 0.095834375 0.1310453125 0.095834375 0.1310453125 0.07129687500000001
6 0.14662187499999998 0.06880937499999999 0.132025 0.06880937499999999 0.132025 0.09476562499999999 0.14662187499999998 0.09476562499999999 0.14662187499999998 0.06880937499999999
6 0.46555 0.045051562499999996 0.44916406249999996 0.045051562499999996 0.44916406249999996 0.0746984375 0.46555 0.0746984375 0.46555 0.045051562499999996
6 0.36955 0.05440468750000001 0.3545296875 0.05440468750000001 0.3545296875 0.081290625 0.36955 0.081290625 0.36955 0.05440468750000001
6 0.38384999999999997 0.052107812499999996 0.36924375 0.052107812499999996 0.36924375 0.081596875 0.38384999999999997 0.081596875 0.38384999999999997 0.052107812499999996
6 0.40073437500000003 0.0505609375 0.38441875 0.0505609375 0.38441875 0.079934375 0.40073437500000003 0.079934375 0.40073437500000003 0.0505609375
6 0.4089203125 0.665634375 0.3938140625 0.665634375 0.3938140625 0.6908109375 0.4089203125 0.6908109375 0.4089203125 0.665634375
6 0.48241093749999997 0.0442203125 0.4661546875 0.0442203125 0.4661546875 0.073759375 0.48241093749999997 0.073759375 0.48241093749999997 0.0442203125
6 0.4988921875 0.0426265625 0.48288125 0.0426265625 0.48288125 0.0725484375 0.4988921875 0.0725484375 0.4988921875 0.0426265625
6 0.219946875 0.6498578125 0.20518593749999997 0.6498578125 0.20518593749999997 0.6704578125 0.219946875 0.6704578125 0.219946875 0.6498578125
6 0.21880000000000002 0.0645203125 0.20249999999999999 0.0645203125 0.20249999999999999 0.09047968749999999 0.21880000000000002 0.09047968749999999 0.21880000000000002 0.0645203125
6 0.23228125 0.0654390625 0.21905156250000002 0.0654390625 0.21905156250000002 0.0895609375 0.23228125 0.0895609375 0.23228125 0.0654390625
6 0.250215625 0.0626609375 0.233184375 0.0626609375 0.233184375 0.08931875 0.250215625 0.08931875 0.250215625 0.0626609375
6 0.515971875 0.04106875 0.49965468749999997 0.04106875 0.49965468749999997 0.070990625 0.515971875 0.070990625 0.515971875 0.04106875
6 0.3247171875 0.6593843749999999 0.30972343750000003 0.6593843749999999 0.30972343750000003 0.682409375 0.3247171875 0.682409375 0.3247171875 0.6593843749999999
6 0.37881875 0.6640937499999999 0.36466875 0.6640937499999999 0.36466875 0.6874718750000001 0.37881875 0.6874718750000001 0.37881875 0.6640937499999999
6 0.19457968750000001 0.64823125 0.179646875 0.64823125 0.179646875 0.66931875 0.19457968750000001 0.66931875 0.19457968750000001 0.64823125
6 0.2451265625 0.6513828125 0.2301328125 0.6513828125 0.2301328125 0.6728375 0.2451265625 0.6728375 0.2451265625 0.6513828125
6 0.4236859375 0.6666171875 0.408346875 0.6666171875 0.408346875 0.690803125 0.4236859375 0.690803125 0.4236859375 0.6666171875
6 0.269775 0.65400625 0.2543109375 0.65400625 0.2543109375 0.67509375 0.269775 0.67509375 0.269775 0.65400625
6 0.532684375 0.0396203125 0.5167953125 0.0396203125 0.5167953125 0.06999999999999999 0.532684375 0.06999999999999999 0.532684375 0.0396203125
6 0.5442296875 0.6766593750000001 0.5280359375 0.6766593750000001 0.5280359375 0.701271875 0.5442296875 0.701271875 0.5442296875 0.6766593750000001
6 0.5136499999999999 0.673240625 0.49871718749999994 0.673240625 0.49871718749999994 0.697853125 0.5136499999999999 0.697853125 0.5136499999999999 0.673240625
6 0.5284578125 0.6756359375 0.5138609375 0.6756359375 0.5138609375 0.6993640625 0.5284578125 0.6993640625 0.5284578125 0.6756359375
6 0.3652859375 0.6637500000000001 0.3515140625 0.6637500000000001 0.3515140625 0.6858593749999999 0.3652859375 0.6858593749999999 0.3652859375 0.6637500000000001
6 0.39363125 0.6652218750000001 0.3798078125 0.6652218750000001 0.3798078125 0.6882937499999999 0.39363125 0.6882937499999999 0.39363125 0.6652218750000001
6 0.8112406249999999 0.695996875 0.7955328125000001 0.695996875 0.7955328125000001 0.7209921875 0.8112406249999999 0.7209921875 0.8112406249999999 0.695996875
6 0.794871875 0.6953421875 0.7793484375 0.6953421875 0.7793484375 0.7206718750000001 0.794871875 0.7206718750000001 0.794871875 0.6953421875
6 0.45003125 0.047003125 0.43408125000000003 0.047003125 0.43408125000000003 0.076040625 0.45003125 0.076040625 0.45003125 0.047003125
6 0.60325 0.033303125 0.58555 0.033303125 0.58555 0.06386562500000001 0.60325 0.06386562500000001 0.60325 0.033303125
6 0.640271875 0.0306 0.6220953125 0.0306 0.6220953125 0.0618046875 0.640271875 0.0618046875 0.640271875 0.0306
6 0.569553125 0.6781921875 0.55479375 0.6781921875 0.55479375 0.7026671875 0.569553125 0.7026671875 0.569553125 0.6781921875
6 0.33723593749999997 0.6610125 0.3264828125 0.6610125 0.3264828125 0.6822671875 0.33723593749999997 0.6822671875 0.33723593749999997 0.6610125
6 0.35157343750000003 0.663040625 0.3385328125 0.663040625 0.3385328125 0.683640625 0.35157343750000003 0.683640625 0.35157343750000003 0.663040625
6 0.66049375 0.6846765625 0.644846875 0.6846765625 0.644846875 0.709853125 0.66049375 0.709853125 0.66049375 0.6846765625
6 0.644596875 0.683425 0.6294906250000001 0.683425 0.6294906250000001 0.708175 0.644596875 0.708175 0.644596875 0.683425
6 0.566425 0.036284375 0.5501078125000001 0.036284375 0.5501078125000001 0.0666203125 0.566425 0.0666203125 0.566425 0.036284375
6 0.621790625 0.032340625 0.6034703125 0.032340625 0.6034703125 0.0634234375 0.621790625 0.0634234375 0.621790625 0.032340625
6 0.58399375 0.6790546875000001 0.5690000000000001 0.6790546875000001 0.5690000000000001 0.703759375 0.58399375 0.703759375 0.58399375 0.6790546875000001
6 0.5987953125 0.6809624999999999 0.5828453125 0.6809624999999999 0.5828453125 0.7057578125 0.5987953125 0.7057578125 0.5987953125 0.6809624999999999
6 0.417896875 0.0498046875 0.4017640625 0.0498046875 0.4017640625 0.078734375 0.417896875 0.078734375 0.417896875 0.0498046875
6 0.7122515625 0.023978125 0.6940015625 0.023978125 0.6940015625 0.055121875 0.7122515625 0.055121875 0.7122515625 0.023978125
6 0.692340625 0.6879265625000001 0.6761468749999999 0.6879265625000001 0.6761468749999999 0.7134390625 0.692340625 0.7134390625 0.692340625 0.6879265625000001
6 0.6576796875 0.0291375 0.639846875 0.0291375 0.639846875 0.0592421875 0.6576796875 0.0592421875 0.6576796875 0.0291375
6 0.6752171875 0.027021875 0.6581171875 0.027021875 0.6581171875 0.0568375 0.6752171875 0.0568375 0.6752171875 0.027021875
6 0.5848484375 0.034842187499999996 0.5681453125 0.034842187499999996 0.5681453125 0.06580312499999999 0.5848484375 0.06580312499999999 0.5848484375 0.034842187499999996
6 0.49907500000000005 0.673996875 0.4846515625 0.673996875 0.4846515625 0.6970984375 0.49907500000000005 0.6970984375 0.49907500000000005 0.673996875
6 0.7774453125 0.6935125 0.761615625 0.6935125 0.761615625 0.718596875 0.7774453125 0.718596875 0.7774453125 0.6935125
6 0.8286953125000001 0.6975718750000001 0.81323125 0.6975718750000001 0.81323125 0.723328125 0.8286953125000001 0.723328125 0.8286953125000001 0.6975718750000001
6 0.7490828125 0.02143125 0.7313828124999999 0.02143125 0.7313828124999999 0.051993750000000005 0.7490828125 0.051993750000000005 0.7490828125 0.02143125
6 0.62825 0.6827328125000001 0.6139359375 0.6827328125000001 0.6139359375 0.7069171875 0.62825 0.7069171875 0.62825 0.6827328125000001
6 0.7318171875 0.0223390625 0.7134968749999999 0.0223390625 0.7134968749999999 0.052610937499999996 0.7318171875 0.052610937499999996 0.7318171875 0.0223390625
6 0.7679984375 0.019834375 0.750228125 0.019834375 0.750228125 0.0501703125 0.7679984375 0.0501703125 0.7679984375 0.019834375
6 0.887690625 0.0094296875 0.8675171875000001 0.0094296875 0.8675171875000001 0.041595312499999995 0.887690625 0.041595312499999995 0.887690625 0.0094296875
6 0.9292203125 0.006164062499999999 0.9080203125 0.006164062499999999 0.9080203125 0.039365625 0.9292203125 0.039365625 0.9292203125 0.006164062499999999
6 0.55120625 0.038542187500000005 0.5418937500000001 0.038542187500000005 0.5418937500000001 0.066496875 0.55120625 0.066496875 0.55120625 0.038542187500000005
6 0.9080718750000001 0.0081953125 0.8875015625 0.0081953125 0.8875015625 0.041215625 0.9080718750000001 0.041215625 0.9080718750000001 0.0081953125
6 0.7874609375 0.018371875 0.76983125 0.018371875 0.76983125 0.048707812499999996 0.7874609375 0.048707812499999996 0.7874609375 0.018371875
6 0.6933796875 0.025903125 0.6764140624999999 0.025903125 0.6764140624999999 0.05594687499999999 0.6933796875 0.05594687499999999 0.6933796875 0.025903125
6 0.8469843750000001 0.0121296875 0.8274953125 0.0121296875 0.8274953125 0.0448453125 0.8469843750000001 0.0448453125 0.8469843750000001 0.0121296875
6 0.8675499999999999 0.0109265625 0.847296875 0.0109265625 0.847296875 0.044128125000000004 0.8675499999999999 0.044128125000000004 0.8675499999999999 0.0109265625
6 0.7606984375 0.6927890624999999 0.745815625 0.6927890624999999 0.745815625 0.718346875 0.7606984375 0.718346875 0.7606984375 0.6927890624999999
6 0.80788125 0.01565625 0.788471875 0.01565625 0.788471875 0.0476984375 0.80788125 0.0476984375 0.80788125 0.01565625
6 0.827796875 0.013853124999999999 0.8076234375 0.013853124999999999 0.8076234375 0.046690625 0.827796875 0.046690625 0.827796875 0.013853124999999999
6 0.950190625 0.0046390625 0.9300171875000001 0.0046390625 0.9300171875000001 0.037840625 0.950190625 0.037840625 0.950190625 0.0046390625
6 0.1892421875 0.0675125 0.175825 0.0675125 0.175825 0.0925578125 0.1892421875 0.0925578125 0.1892421875 0.0675125
6 0.205053125 0.0656203125 0.187940625 0.0656203125 0.187940625 0.0918 0.205053125 0.0918 0.205053125 0.0656203125
6 0.3078640625 0.059923437499999996 0.2932296875 0.059923437499999996 0.2932296875 0.0846609375 0.3078640625 0.0846609375 0.3078640625 0.059923437499999996
6 0.3030453125 0.38263437499999997 0.28938125000000003 0.38263437499999997 0.28938125000000003 0.4047015625 0.3030453125 0.4047015625 0.3030453125 0.38263437499999997
6 0.3166484375 0.38243125 0.3046921875 0.38243125 0.3046921875 0.4057734375 0.3166484375 0.4057734375 0.3166484375 0.38243125
6 0.3304296875 0.382834375 0.316509375 0.382834375 0.316509375 0.406715625 0.3304296875 0.406715625 0.3304296875 0.382834375
6 0.375334375 0.3836265625 0.364084375 0.3836265625 0.364084375 0.407009375 0.375334375 0.407009375 0.375334375 0.3836265625
6 0.39274375 0.384309375 0.37972968749999997 0.384309375 0.37972968749999997 0.40750156249999997 0.39274375 0.40750156249999997 0.39274375 0.384309375
6 0.43286406250000004 0.0487703125 0.41758281249999996 0.0487703125 0.41758281249999996 0.077265625 0.43286406250000004 0.077265625 0.43286406250000004 0.0487703125
6 0.40721875 0.3840578125 0.3937421875 0.3840578125 0.3937421875 0.4065578125 0.40721875 0.4065578125 0.40721875 0.3840578125
6 0.42249375 0.38425937499999996 0.4084 0.38425937499999996 0.4084 0.406690625 0.42249375 0.406690625 0.42249375 0.38425937499999996
6 0.43723437499999995 0.384059375 0.424125 0.384059375 0.424125 0.406690625 0.43723437499999995 0.406690625 0.43723437499999995 0.384059375
6 0.45269062499999996 0.3860578125 0.43958281250000003 0.3860578125 0.43958281250000003 0.40762187499999997 0.45269062499999996 0.40762187499999997 0.45269062499999996 0.3860578125
6 0.4684984375 0.38505781250000004 0.45397499999999996 0.38505781250000004 0.45397499999999996 0.407221875 0.4684984375 0.407221875 0.4684984375 0.38505781250000004
6 0.4855484375 0.38505625 0.470765625 0.38505625 0.470765625 0.40788906249999995 0.4855484375 0.40788906249999995 0.4855484375 0.38505625
6 0.49958125000000003 0.3856578125 0.4859578125 0.3856578125 0.4859578125 0.40828749999999997 0.49958125000000003 0.40828749999999997 0.49958125000000003 0.3856578125
6 0.5136109375 0.38505781250000004 0.5035484375 0.38505781250000004 0.5035484375 0.40908749999999994 0.5136109375 0.40908749999999994 0.5136109375 0.38505781250000004
6 0.5313734375 0.3862578125 0.5187406250000001 0.3862578125 0.5187406250000001 0.408421875 0.5313734375 0.408421875 0.5313734375 0.3862578125
6 0.5468265625 0.3854578125 0.5328671875000001 0.3854578125 0.5328671875000001 0.408421875 0.5468265625 0.408421875 0.5468265625 0.3854578125
6 0.5621343750000001 0.3858578125 0.5488578125 0.3858578125 0.5488578125 0.40908749999999994 0.5621343750000001 0.40908749999999994 0.5621343750000001 0.3858578125
6 0.5781203125000001 0.385259375 0.5643140625 0.385259375 0.5643140625 0.408821875 0.5781203125000001 0.408821875 0.5781203125000001 0.385259375
6 0.5933953125 0.38605625 0.580571875 0.38605625 0.580571875 0.40895312500000003 0.5933953125 0.40895312500000003 0.5933953125 0.38605625
6 0.62803125 0.38565625 0.613621875 0.38565625 0.613621875 0.40921874999999996 0.62803125 0.40921874999999996 0.62803125 0.38565625
6 0.661184375 0.38545625 0.64826875 0.38545625 0.64826875 0.409353125 0.661184375 0.409353125 0.661184375 0.38545625
6 0.7296 0.38525624999999997 0.7159671875 0.38525624999999997 0.7159671875 0.4107484375 0.7296 0.4107484375 0.7296 0.38525624999999997
6 0.695321875 0.3854578125 0.681584375 0.3854578125 0.681584375 0.4104828125 0.695321875 0.4104828125 0.695321875 0.3854578125
6 0.310234375 0.659290625 0.2993515625 0.659290625 0.2993515625 0.6789546875 0.310234375 0.6789546875 0.310234375 0.659290625
6 0.25608125 0.6528953125 0.2443453125 0.6528953125 0.2443453125 0.673690625 0.25608125 0.673690625 0.25608125 0.6528953125
6 0.231221875 0.651640625 0.21976562500000002 0.651640625 0.21976562500000002 0.67176875 0.231221875 0.67176875 0.231221875 0.651640625
6 0.20637031249999999 0.649384375 0.19501718750000002 0.649384375 0.19501718750000002 0.6685953125 0.20637031249999999 0.6685953125 0.20637031249999999 0.649384375
6 0.20669374999999998 0.79273125 0.196359375 0.79273125 0.196359375 0.8150281250000001 0.20669374999999998 0.8150281250000001 0.20669374999999998 0.79273125
6 0.21964062499999998 0.7949078125 0.20908593749999999 0.7949078125 0.20908593749999999 0.8168124999999999 0.21964062499999998 0.8168124999999999 0.21964062499999998 0.7949078125
6 0.230653125 0.7960796875 0.220253125 0.7960796875 0.220253125 0.8180406250000001 0.230653125 0.8180406250000001 0.230653125 0.7960796875
6 0.24228125 0.7984765625 0.2316390625 0.7984765625 0.2316390625 0.8200890624999999 0.24228125 0.8200890624999999 0.24228125 0.7984765625
6 0.253690625 0.798959375 0.2434296875 0.798959375 0.2434296875 0.821865625 0.253690625 0.821865625 0.253690625 0.798959375
6 0.2658515625 0.7981125 0.2555421875 0.7981125 0.2555421875 0.822753125 0.2658515625 0.822753125 0.2658515625 0.7981125
6 0.27854999999999996 0.7990828125 0.2666828125 0.7990828125 0.2666828125 0.824853125 0.27854999999999996 0.824853125 0.27854999999999996 0.7990828125
6 0.290390625 0.7999296874999999 0.27830937499999997 0.7999296874999999 0.27830937499999997 0.826384375 0.290390625 0.826384375 0.290390625 0.7999296874999999
6 0.302834375 0.8035656250000001 0.2920390625 0.8035656250000001 0.2920390625 0.8275953125 0.302834375 0.8275953125 0.302834375 0.8035656250000001
6 0.315103125 0.8061078125 0.30334374999999997 0.8061078125 0.30334374999999997 0.8295328124999999 0.315103125 0.8295328124999999 0.315103125 0.8061078125
6 0.3275859375 0.8082859375 0.315453125 0.8082859375 0.315453125 0.8310640625 0.3275859375 0.8310640625 0.3275859375 0.8082859375
6 0.3395484375 0.8107093750000001 0.3280515625 0.8107093750000001 0.3280515625 0.8332859375 0.3395484375 0.8332859375 0.3395484375 0.8107093750000001
6 0.3522484375 0.8111937499999999 0.340325 0.8111937499999999 0.340325 0.8344156249999999 0.3522484375 0.8344156249999999 0.3522484375 0.8111937499999999
6 0.3650546875 0.8128890625 0.3524390625 0.8128890625 0.3524390625 0.8361906250000001 0.3650546875 0.8361906250000001 0.3650546875 0.8128890625
6 0.37765 0.8143437499999999 0.365196875 0.8143437499999999 0.365196875 0.8378859375 0.37765 0.8378859375 0.37765 0.8143437499999999
6 0.3901015625 0.8170093749999999 0.3785984375 0.8170093749999999 0.3785984375 0.8395015625 0.3901015625 0.8395015625 0.3901015625 0.8170093749999999
6 0.404525 0.818946875 0.39022812500000004 0.818946875 0.39022812500000004 0.84224375 0.404525 0.84224375 0.404525 0.818946875
6 0.4164703125 0.8206421875000001 0.4050828125 0.8206421875000001 0.4050828125 0.8432124999999999 0.4164703125 0.8432124999999999 0.4164703125 0.8206421875000001
6 0.43003125000000003 0.8216109375 0.416715625 0.8216109375 0.416715625 0.8445031249999999 0.43003125000000003 0.8445031249999999 0.43003125000000003 0.8216109375
6 0.44305781250000004 0.8224578125 0.4306015625 0.8224578125 0.4306015625 0.8453968749999999 0.44305781250000004 0.8453968749999999 0.44305781250000004 0.8224578125
6 0.45371562499999996 0.823790625 0.4438453125 0.823790625 0.4438453125 0.8485453125 0.45371562499999996 0.8485453125 0.45371562499999996 0.823790625
6 0.470503125 0.8263343750000001 0.458703125 0.8263343750000001 0.458703125 0.8495953125 0.470503125 0.8495953125 0.470503125 0.8263343750000001
6 0.48449375000000006 0.8260921874999999 0.4708140625 0.8260921874999999 0.4708140625 0.8512078125 0.48449375000000006 0.8512078125 0.48449375000000006 0.8260921874999999
6 0.49672499999999997 0.828153125 0.4847015625 0.828153125 0.4847015625 0.852953125 0.49672499999999997 0.852953125 0.49672499999999997 0.828153125
6 0.66883125 0.847165625 0.655728125 0.847165625 0.655728125 0.8745843750000001 0.66883125 0.8745843750000001 0.66883125 0.847165625
6 0.6532250000000001 0.8478953125 0.6399015625 0.8478953125 0.6399015625 0.873375 0.6532250000000001 0.873375 0.6532250000000001 0.8478953125
6 0.639340625 0.8466828124999999 0.6253671875 0.8466828124999999 0.6253671875 0.8713578125 0.639340625 0.8713578125 0.639340625 0.8466828124999999
6 0.6238421875 0.8445031249999999 0.6116390625 0.8445031249999999 0.6116390625 0.870065625 0.6238421875 0.870065625 0.6238421875 0.8445031249999999
6 0.58055625 0.8401406250000001 0.566903125 0.8401406250000001 0.566903125 0.8641734375000001 0.58055625 0.8641734375000001 0.58055625 0.8401406250000001
6 0.594765625 0.8418390625000001 0.5817609375 0.8418390625000001 0.5817609375 0.8659515624999999 0.594765625 0.8659515624999999 0.594765625 0.8418390625000001
6 0.60929375 0.8430484375 0.5959734375 0.8430484375 0.5959734375 0.8678062499999999 0.60929375 0.8678062499999999 0.60929375 0.8430484375
6 0.5106796874999999 0.831784375 0.49745937500000004 0.831784375 0.49745937500000004 0.855540625 0.5106796874999999 0.855540625 0.5106796874999999 0.831784375
6 0.52435 0.8328749999999999 0.511996875 0.8328749999999999 0.511996875 0.8567500000000001 0.52435 0.8567500000000001 0.52435 0.8328749999999999
6 0.5382328125 0.83420625 0.52459375 0.83420625 0.52459375 0.8585234375 0.5382328125 0.8585234375 0.5382328125 0.83420625
6 0.5515796875000001 0.836265625 0.5389671875000001 0.836265625 0.5389671875000001 0.8606234374999999 0.5515796875000001 0.8606234374999999 0.5515796875000001 0.836265625
6 0.5664296875 0.8380828125 0.5530171875 0.8380828125 0.5530171875 0.862478125 0.5664296875 0.862478125 0.5664296875 0.8380828125
5 0.1950234375 0.2575453125 0.13037656250000002 0.2575453125 0.13037656250000002 0.305990625 0.1950234375 0.305990625 0.1950234375 0.2575453125
5 0.23011875 0.257546875 0.19191562499999998 0.257546875 0.19191562499999998 0.305103125 0.23011875 0.305103125 0.23011875 0.257546875
5 0.2616671875 0.2571 0.2286 0.2571 0.2286 0.304215625 0.2616671875 0.304215625 0.2616671875 0.2571
5 0.29400312500000003 0.25355 0.25937031250000003 0.25355 0.25937031250000003 0.30450937499999997 0.29400312500000003 0.30450937499999997 0.29400312500000003 0.25355
5 0.32791562500000004 0.25221875 0.2925046875 0.25221875 0.2925046875 0.3051015625 0.32791562500000004 0.3051015625 0.32791562500000004 0.25221875
5 0.36300937499999997 0.25221875 0.32445625 0.25221875 0.32445625 0.302440625 0.36300937499999997 0.302440625 0.36300937499999997 0.25221875
5 0.3957421875 0.2513328125 0.36114531250000004 0.2513328125 0.36114531250000004 0.300371875 0.3957421875 0.300371875 0.3957421875 0.2513328125
5 0.43123281249999995 0.2504453125 0.3948734375 0.2504453125 0.3948734375 0.300965625 0.43123281249999995 0.300965625 0.43123281249999995 0.2504453125
5 0.46593437499999996 0.24955781250000003 0.429784375 0.24955781250000003 0.429784375 0.300371875 0.46593437499999996 0.300371875 0.46593437499999996 0.24955781250000003
5 0.504184375 0.24822656250000003 0.462921875 0.24822656250000003 0.462921875 0.301259375 0.504184375 0.301259375 0.504184375 0.24822656250000003
5 0.5384921874999999 0.24645156250000003 0.50138125 0.24645156250000003 0.50138125 0.30096406249999996 0.5384921874999999 0.30096406249999996 0.5384921874999999 0.24645156250000003
5 0.2228703125 0.5390828125 0.16625625 0.5390828125 0.16625625 0.586828125 0.2228703125 0.586828125 0.2228703125 0.5390828125
5 0.25282031250000003 0.5437093749999999 0.22133281249999998 0.5437093749999999 0.22133281249999998 0.58925 0.25282031250000003 0.58925 0.25282031250000003 0.5437093749999999
5 0.283896875 0.543896875 0.25135 0.543896875 0.25135 0.5893140625 0.283896875 0.5893140625 0.283896875 0.543896875
5 0.313309375 0.5456921875 0.28257656249999996 0.5456921875 0.28257656249999996 0.5912328125 0.313309375 0.5912328125 0.313309375 0.5456921875
5 0.344728125 0.5456921875 0.3125390625 0.5456921875 0.3125390625 0.5927718750000001 0.344728125 0.5927718750000001 0.344728125 0.5456921875
5 0.6117359375 0.5612250000000001 0.5769031250000001 0.5612250000000001 0.5769031250000001 0.6084046875 0.6117359375 0.6084046875 0.6117359375 0.5612250000000001
5 0.5767921874999999 0.5585796875 0.543415625 0.5585796875 0.543415625 0.608184375 0.5767921874999999 0.608184375 0.5767921874999999 0.5585796875
5 0.5421453125 0.5559375 0.5042015625 0.5559375 0.5042015625 0.605321875 0.5421453125 0.605321875 0.5421453125 0.5559375
5 0.5063187499999999 0.5549453125 0.47556093749999995 0.5549453125 0.47556093749999995 0.601359375 0.5063187499999999 0.601359375 0.5063187499999999 0.5549453125
5 0.3763578125 0.54800625 0.343821875 0.54800625 0.343821875 0.59431875 0.3763578125 0.59431875 0.3763578125 0.54800625
5 0.40865625000000005 0.548996875 0.37554375 0.548996875 0.37554375 0.5973984375 0.40865625000000005 0.5973984375 0.40865625000000005 0.548996875
5 0.44037031249999997 0.549659375 0.4072703125 0.549659375 0.4072703125 0.59718125 0.44037031249999997 0.59718125 0.44037031249999997 0.549659375
5 0.4753140625 0.5513109375 0.43899375 0.5513109375 0.43899375 0.600703125 0.4753140625 0.600703125 0.4753140625 0.5513109375
0 0.71501875 0.5779124999999999 0.6754609375 0.5779124999999999 0.6754609375 0.6164031249999999 0.71501875 0.6164031249999999 0.71501875 0.5779124999999999
0 0.7623031250000001 0.580071875 0.7201234375000001 0.580071875 0.7201234375000001 0.620003125 0.7623031250000001 0.620003125 0.7623031250000001 0.580071875
0 0.8067109374999999 0.58169375 0.7673078125 0.58169375 0.7673078125 0.622521875 0.8067109374999999 0.622521875 0.8067109374999999 0.58169375
0 0.721196875 0.258290625 0.682003125 0.258290625 0.682003125 0.296084375 0.721196875 0.296084375 0.721196875 0.258290625
0 0.6227078125000001 0.2582234375 0.5982453125 0.2582234375 0.5982453125 0.2981109375 0.6227078125000001 0.2981109375 0.6227078125000001 0.2582234375
0 0.6713859375 0.25908125000000004 0.6461796875 0.25908125000000004 0.6461796875 0.29754375 0.6713859375 0.29754375 0.6713859375 0.25908125000000004
0 0.7706484375 0.25608437500000003 0.7506109375000001 0.25608437500000003 0.7506109375000001 0.294690625 0.7706484375 0.294690625 0.7706484375 0.25608437500000003
5 0.57973125 0.2706375 0.5428890625 0.2706375 0.5428890625 0.2975421875 0.57973125 0.2975421875 0.57973125 0.2706375
0 0.8200859375 0.26806874999999997 0.7854203125 0.26806874999999997 0.7854203125 0.29426562500000003 0.8200859375 0.29426562500000003 0.8200859375 0.26806874999999997
5 0.642634375 0.575840625 0.6144453125 0.575840625 0.6144453125 0.607325 0.642634375 0.607325 0.642634375 0.575840625
5 0.6724015624999999 0.576878125 0.6448390625 0.576878125 0.6448390625 0.6087078125 0.6724015624999999 0.6087078125 0.6724015624999999 0.576878125
2 0.705784375 0.82909375 0.6709421875 0.82909375 0.6709421875 0.8824109375000001 0.705784375 0.8824109375000001 0.705784375 0.82909375