0 0.189203125 0.44045781249999993 0.11850156249999999 0.440090625 0.119075 0.5829156249999999 0.1894890625 0.5833453125 0.189203125 0.44045781249999993
0 0.2644828125 0.4396 0.1932109375 0.442021875 0.194928125 0.5850609375 0.2664875 0.5846312499999999 0.2644828125 0.4396
0 0.3420546875 0.4383125 0.26963593750000003 0.438803125 0.2702078125 0.5846312499999999 0.343771875 0.5850609375 0.3420546875 0.4383125
0 0.4193375 0.43659687500000005 0.345203125 0.43815781249999997 0.346346875 0.5846312499999999 0.41991093749999997 0.5837734375 0.4193375 0.43659687500000005
0 0.49805312500000004 0.4350921875 0.4224875 0.43558125 0.42449062499999995 0.5826984375 0.49948437500000004 0.58098125 0.49805312500000004 0.4350921875
0 0.5750515625 0.4320875 0.5002 0.43429375 0.5017750000000001 0.5839859374999999 0.5764828125 0.58355625 0.5750515625 0.4320875
0 0.6368796875 0.4320875 0.5753375000000001 0.43300625000000004 0.5756234375 0.5814109375000001 0.6383109375 0.58098125 0.6368796875 0.4320875
0 0.697275 0.4299421875 0.6388828125 0.4317171875 0.6388828125 0.580553125 0.698134375 0.580553125 0.697275 0.4299421875
0 0.7579578125 0.4299421875 0.6977046875 0.43042968750000005 0.699278125 0.579265625 0.7599609375 0.577978125 0.7579578125 0.4299421875
0 0.8194984375000001 0.4282265625 0.759103125 0.43042968750000005 0.761678125 0.5762625 0.82064375 0.5762625 0.8194984375000001 0.4282265625
0 0.8798953125000001 0.427796875 0.820071875 0.42785312500000006 0.8209296875 0.5762625 0.8810390625 0.5758328125000001 0.8798953125000001 0.427796875
0 0.9424374999999999 0.42565156249999997 0.88146875 0.426565625 0.8820421875 0.574975 0.943296875 0.5745453125 0.9424374999999999 0.42565156249999997
0 0.99925625 0.42565156249999997 0.943725 0.426565625 0.9451562499999999 0.574975 0.9989703125 0.5732578125 0.99925625 0.42565156249999997