8 0.13231718750000002 0.4571203125 0.0654421875 0.4571203125 0.0654421875 0.9308828124999999 0.13231718750000002 0.9308828124999999 0.13231718750000002 0.4571203125
8 0.1982375 0.5791484375 0.200190625 0.497809375 0.1367125 0.4890171875 0.13427031250000002 0.488284375 0.13329375000000002 0.9308828124999999 0.190425 0.9279515625 0.1953078125 0.8363546875000001 0.200190625 0.8275609375 0.204096875 0.5923390625 0.1982375 0.5791484375
8 0.19091249999999998 0.9264859375000001 0.2553671875 0.9242874999999999 0.2587859375 0.8363546875000001 0.267575 0.823896875 0.2705046875 0.5908734375 0.26415781250000003 0.5762171875 0.265621875 0.5029390625 0.2034078125 0.4946625 0.20165625 0.49561093749999996 0.20165625 0.49634375000000003 0.196284375 0.578415625 0.204096875 0.59160625 0.20214375 0.8260953125 0.19188906249999998 0.8414828125 0.19091249999999998 0.9264859375000001
8 0.3222640625 0.832690625 0.33349531250000003 0.8165687500000001 0.33251875000000003 0.590140625 0.32519375 0.5806140625 0.32861250000000003 0.5073359375 0.26750625 0.5019875 0.2646453125 0.57695 0.27148125 0.5908734375 0.269528125 0.8216984374999999 0.2597625 0.835621875 0.2548796875 0.925753125 0.31738125 0.922821875 0.3222640625 0.832690625
8 0.31738125 0.92135625 0.3798828125 0.925753125 0.38232343750000003 0.835621875 0.39404374999999997 0.8260953125 0.39990312499999997 0.5945375 0.38720625000000003 0.5879421875 0.39209062499999997 0.5088015625 0.32958906250000003 0.5073359375 0.33056562500000003 0.511 0.3300765625 0.511 0.32568281250000003 0.5806140625 0.33349531250000003 0.5894078125 0.33251875000000003 0.8165687500000001 0.3222640625 0.835621875 0.31738125 0.92135625
8 0.4429078125 0.8343359375 0.4526734375 0.82920625 0.4604859375 0.5983796875 0.4487671875 0.583725 0.44974375 0.5141109375 0.394565625 0.5082484375 0.38870625 0.585190625 0.3994484375 0.59545 0.39651875 0.8204125 0.3833359375 0.8343359375 0.38040625 0.9244671875 0.438025 0.9193374999999999 0.4429078125 0.8343359375
8 0.5010140625 0.8438609375 0.5161515624999999 0.8226109375 0.5205453125 0.597646875 0.505896875 0.58665625 0.5073624999999999 0.52070625 0.4512078125 0.5185078125 0.4507203125 0.583725 0.4614625 0.5947171875 0.4546265625 0.8284734374999999 0.4453484375 0.8321375 0.4409546875 0.9186046875 0.4912484375 0.913475 0.5010140625 0.8438609375
8 0.5581437499999999 0.8343359375 0.5762109375 0.8240765624999999 0.58109375 0.6027765625 0.5664453125 0.5895875 0.5679109375 0.5214390625 0.5074203125000001 0.5175546875 0.50785 0.58079375 0.521521875 0.6013109375 0.5171281249999999 0.818946875 0.5000375 0.846059375 0.4917359375 0.9142078124999999 0.5542374999999999 0.9156734375 0.5581437499999999 0.8343359375
8 0.61185625 0.9142078124999999 0.613809375 0.8328703125000001 0.63431875 0.8262750000000001 0.640178125 0.60204375 0.6225984375 0.591053125 0.6240640625 0.5273015625 0.5684671875 0.5230484375 0.5679109375 0.5229046875 0.5683984375 0.5888546875 0.583046875 0.604975 0.5767 0.8174812499999999 0.5591203124999999 0.837265625 0.5566796875 0.9127421874999999 0.61185625 0.9142078124999999
8 0.66556875 0.8299390624999999 0.6890078125 0.8211453125 0.6953546875 0.6027765625 0.6772875 0.59545 0.6797296875 0.5324296875 0.6299234375 0.5280328125 0.6230875 0.5895875 0.6392015625 0.600578125 0.6352953125 0.8248093750000001 0.6157625 0.8343359375 0.613321875 0.9142078124999999 0.6660578125 0.9105437500000001 0.66556875 0.8299390624999999
2 0.8754531249999999 0.908878125 0.8769171874999999 0.8597828125 0.898403125 0.8363328125 0.90816875 0.6143015625 0.886684375 0.6011109375 0.8886375 0.5241687500000001 0.6864828125 0.5065828125 0.687459375 0.5095140625 0.679159375 0.594515625 0.69625 0.6025765625 0.6913671875 0.8165484375000001 0.667440625 0.834134375 0.667440625 0.9096109374999999 0.8754531249999999 0.908878125