0 0.77998125 0.5878515625 0.7599750000000001 0.5873890625 0.759596875 0.6052265625000001 0.7800984375 0.6054890625 0.77998125 0.5878515625
0 0.78024375 0.5696390625000001 0.7598890625 0.5694359375 0.759859375 0.5868390625 0.7800687500000001 0.58745 0.78024375 0.5696390625000001
0 0.780534375 0.5510312500000001 0.7602375 0.5508265625 0.759859375 0.5689296875000001 0.7803015624999999 0.5691921875 0.780534375 0.5510312500000001
0 0.78041875 0.5324265625 0.7604124999999999 0.5326125 0.76015 0.549975 0.78024375 0.5504125 0.78041875 0.5324265625
0 0.781059375 0.5140359375 0.7605875 0.514265625 0.760325 0.531584375 0.780534375 0.531409375 0.781059375 0.5140359375
0 0.7818171875 0.496128125 0.76085 0.49591874999999996 0.7603828125 0.513415625 0.781059375 0.5130671875 0.7818171875 0.496128125
0 0.78135 0.4773015625 0.7610234375 0.4775734375 0.760790625 0.4951140625 0.7812921875 0.49563750000000006 0.78135 0.4773015625
0 0.7815828125000001 0.458690625 0.7612859375000001 0.45804687499999996 0.76085 0.4765890625 0.7814671875 0.4767625 0.7815828125000001 0.458690625
0 0.782165625 0.44073124999999996 0.7612859375000001 0.43983125 0.760965625 0.45793125 0.7816421874999999 0.4585421875 0.782165625 0.44073124999999996
0 0.7821078124999999 0.4228328125 0.7611109375 0.4230578125 0.7610828125 0.43933437499999994 0.7819906249999999 0.4402078125 0.7821078124999999 0.4228328125
0 0.782340625 0.399415625 0.761984375 0.39868281250000004 0.7618390625 0.42115468749999996 0.781875 0.42106875 0.782340625 0.399415625
0 0.7824578125 0.376040625 0.761984375 0.3753578125 0.7616640625 0.3979546875 0.7825734375 0.39778125000000003 0.7824578125 0.376040625
0 0.783446875 0.3516265625 0.7625093749999999 0.3513765625 0.762421875 0.373978125 0.783271875 0.373540625 0.783446875 0.3516265625
0 0.7833015624999999 0.328125 0.762771875 0.32791875 0.762684375 0.3499515625 0.7833593750000001 0.3509125 0.7833015624999999 0.328125
0 0.7839421875 0.282078125 0.7631203125 0.2815296875 0.7629171875 0.3032953125 0.7834765625 0.30381874999999997 0.7839421875 0.282078125
0 0.7841750000000001 0.3052765625 0.762684375 0.30472343749999997 0.7625093749999999 0.32649218750000003 0.784059375 0.327628125 0.7841750000000001 0.3052765625
7 0.66795625 0.3107015625 0.65095 0.30986875 0.6506265625000001 0.3601859375 0.6668953125 0.360096875 0.66795625 0.3107015625
7 0.6668375 0.36207500000000004 0.6504203125 0.3610640625 0.6515109375 0.3868171875 0.6368328125 0.38690625 0.6367734375 0.41085312500000004 0.6709046875 0.41315 0.6708453125 0.38823124999999997 0.6665421874999999 0.3877015625 0.6668375 0.36207500000000004
7 0.6627109375 0.7726984375 0.645821875 0.772484375 0.6449671875 0.822625 0.6620625 0.8232437499999999 0.6627109375 0.7726984375
7 0.6630640624999999 0.7211531250000001 0.646353125 0.7210234375 0.646146875 0.770371875 0.6627109375 0.7709015625 0.6630640624999999 0.7211531250000001
7 0.6639484375 0.6696 0.6471484375000001 0.6692984375 0.64661875 0.7201453124999999 0.662946875 0.7208515625 0.6639484375 0.6696
7 0.6644203125 0.617871875 0.6477671875000001 0.6174390625 0.6469421875 0.668415625 0.6634171875 0.6690343750000001 0.6644203125 0.617871875
7 0.6650390625 0.566765625 0.6483859375 0.5666421875000001 0.6474140625 0.61686875 0.66433125 0.6173984375 0.6650390625 0.566765625
7 0.665628125 0.51539375 0.64909375 0.51518125 0.6481796875 0.5656734375 0.6650390625 0.5659390625 0.665628125 0.51539375
7 0.6659828125 0.4641046875 0.6492703125 0.4637203125 0.6491234375 0.51430625 0.6655109375 0.514571875 0.6659828125 0.4641046875
7 0.6663359375 0.4131359375 0.6498890625 0.41239218749999995 0.649240625 0.46315156249999995 0.6658046875 0.4629734375 0.6663359375 0.4131359375
5 0.35519218750000003 0.296609375 0.333696875 0.29542812500000004 0.3334421875 0.30740781250000004 0.35519218750000003 0.3081734375 0.35519218750000003 0.296609375
5 0.354959375 0.3083828125 0.333696875 0.3080796875 0.333303125 0.3202953125 0.3549125 0.320575 0.354959375 0.3083828125
5 0.3546796875 0.3206546875 0.3334890625 0.3203140625 0.333534375 0.33256874999999997 0.3545875 0.333125 0.3546796875 0.3206546875
5 0.354540625 0.3328859375 0.333628125 0.33275625 0.33325625 0.34507656249999996 0.354634375 0.3449375 0.354540625 0.3328859375
5 0.354634375 0.3457125 0.33327968750000003 0.3453046875 0.33307031249999997 0.3574859375 0.35426250000000004 0.3583921875 0.354634375 0.3457125
1 0.3538265625 0.3588296875 0.33302343749999996 0.35838125 0.33252031249999997 0.4074328125 0.35375 0.408359375 0.3538265625 0.3588296875
1 0.35228281250000004 0.5844546875 0.3311703125 0.583484375 0.3307453125 0.6327109375 0.35135625 0.6336359375 0.35228281250000004 0.5844546875
1 0.35042968750000003 0.7631218750000001 0.3293171875 0.76308125 0.32935625 0.8112609375 0.350353125 0.8113781250000001 0.35042968750000003 0.7631218750000001
5 0.35331875 0.4601515625 0.3320375 0.4599296875 0.3315984375 0.4718046875 0.3532046875 0.47203437499999995 0.35331875 0.4601515625
5 0.35324218749999997 0.4725484375 0.3318078125 0.47219218749999997 0.33163593750000003 0.4842015625 0.353053125 0.48454375 0.35324218749999997 0.4725484375
5 0.353128125 0.4847265625 0.3315796875 0.48453749999999995 0.3313703125 0.4967796875 0.352709375 0.4968375 0.353128125 0.4847265625
5 0.353090625 0.4970484375 0.331521875 0.4967984375 0.331675 0.50904375 0.3528234375 0.509271875 0.353090625 0.4970484375
5 0.353053125 0.509540625 0.3314078125 0.5090578125 0.331903125 0.5215375 0.352746875 0.5216515625 0.353053125 0.509540625
5 0.3528234375 0.5220515625 0.331465625 0.5218328125 0.33129375 0.5341046875 0.35251875 0.5343890625000001 0.3528234375 0.5220515625
5 0.35248124999999997 0.5347453125 0.331465625 0.5341796875 0.33156093750000004 0.5464562500000001 0.3524421875 0.5464562500000001 0.35248124999999997 0.5347453125
5 0.35251875 0.5466359375 0.3312359375 0.546440625 0.33144687500000003 0.5587453124999999 0.3521765625 0.5589171875 0.35251875 0.5466359375
5 0.352328125 0.5595265625 0.3312359375 0.5593859375 0.331140625 0.57135 0.3521765625 0.57169375 0.352328125 0.5595265625
5 0.3520609375 0.57209375 0.3312359375 0.5717328125 0.331140625 0.583803125 0.35209999999999997 0.5838609375 0.3520609375 0.57209375
5 0.35133749999999997 0.688328125 0.330321875 0.688509375 0.3299984375 0.7004390625 0.3510703125 0.6998671875 0.35133749999999997 0.688328125
5 0.351109375 0.7005640625 0.33009374999999996 0.7005125 0.330075 0.712903125 0.3510328125 0.7127890625 0.351109375 0.7005640625
5 0.351146875 0.71256875 0.329865625 0.7124296875 0.329884375 0.7252500000000001 0.35095624999999997 0.7252500000000001 0.351146875 0.71256875
5 0.35099375 0.7253140625000001 0.33009374999999996 0.7254625 0.3298078125 0.7375953125 0.3508046875 0.7375953125 0.35099375 0.7253140625000001
5 0.3506890625 0.7376343750000001 0.32975 0.7377234374999999 0.3298453125 0.7503734375 0.350765625 0.7499156250000001 0.3506890625 0.7376343750000001
5 0.3508046875 0.7505437500000001 0.329521875 0.7504125 0.3294265625 0.7619687500000001 0.35057499999999997 0.7624828124999999 0.3508046875 0.7505437500000001