0 0.191359375 0.3397765625 0.16523749999999998 0.34137968750000003 0.165484375 0.3940828125 0.191975 0.393528125 0.191359375 0.3397765625
0 0.21883750000000002 0.339590625 0.1925921875 0.33999375 0.19370156249999998 0.393528125 0.22043906249999998 0.3926046875 0.21883750000000002 0.339590625
0 0.2473015625 0.33885312500000003 0.219946875 0.3391609375 0.22130156250000002 0.3924203125 0.24816406249999998 0.3924203125 0.2473015625 0.33885312500000003
0 0.275703125 0.33774375 0.2484109375 0.33832968750000003 0.2494578125 0.3913109375 0.2758265625 0.39168125 0.275703125 0.33774375
0 0.30318125 0.3362671875 0.2765046875 0.337775 0.27668906249999997 0.3909421875 0.30429062500000004 0.39075625 0.30318125 0.3362671875
0 0.33213750000000003 0.335528125 0.30441406249999997 0.336665625 0.3061390625 0.3909421875 0.33226093749999996 0.3903875 0.33213750000000003 0.335528125
0 0.353825 0.3353421875 0.3325078125 0.33527968750000003 0.3333703125 0.39001874999999997 0.35493281250000003 0.390203125 0.353825 0.3353421875
0 0.3757578125 0.334234375 0.3546875 0.33500312499999996 0.35555 0.3896484375 0.37637343749999996 0.38909531249999996 0.3757578125 0.334234375
0 0.39744375 0.33349531250000003 0.376496875 0.33389375 0.37674375000000004 0.38835625 0.3984296875 0.3881703125 0.39744375 0.33349531250000003
0 0.41993125 0.33331093749999996 0.398121875 0.3333390625 0.3991078125 0.38780156250000003 0.42079374999999997 0.3874328125 0.41993125 0.33331093749999996
0 0.44223437499999996 0.3323875 0.42085625000000004 0.332784375 0.42141093749999997 0.3870625 0.4421109375 0.38650937500000004 0.44223437499999996 0.3323875
0 0.463675 0.3314640625 0.44284999999999997 0.3316765625 0.443096875 0.386878125 0.46441406250000006 0.385584375 0.463675 0.3314640625
0 0.48566875 0.33035625 0.4639203125 0.33056718749999997 0.46533749999999996 0.3854 0.48566875 0.384846875 0.48566875 0.33035625
0 0.50729375 0.32943125 0.4861 0.3297359375 0.4858546875 0.384846875 0.5077875 0.3844765625 0.50729375 0.32943125
0 0.52898125 0.32869375 0.507725 0.3294578125 0.5081562500000001 0.3837375 0.5298437500000001 0.383184375 0.52898125 0.32869375
0 0.551653125 0.3279546875 0.5297203125000001 0.32918125 0.5304593750000001 0.383184375 0.5531312500000001 0.3828140625 0.551653125 0.3279546875
7 0.272875 0.63656875 0.2137109375 0.6388203125 0.2142484375 0.6854390625 0.2738140625 0.68403125 0.272875 0.63656875
7 0.2744171875 0.68624375 0.304334375 0.68644375 0.30446875 0.72023125 0.3335796875 0.72023125 0.33264218749999996 0.6343578125 0.273478125 0.637009375 0.2744171875 0.68624375
7 0.3915359375 0.6332484375 0.333646875 0.634896875 0.3339828125 0.682721875 0.393146875 0.6809125 0.3915359375 0.6332484375
7 0.4521078125 0.6310374999999999 0.3932125 0.6330859375 0.39428593749999996 0.6809125 0.45291249999999994 0.6799062499999999 0.4521078125 0.6310374999999999
7 0.512875 0.6294171875 0.4531875 0.6310015625000001 0.45386249999999995 0.6806578125 0.5136015625 0.6791 0.512875 0.6294171875
7 0.5732375000000001 0.6281718749999999 0.513653125 0.6293656249999999 0.513809375 0.6795671875 0.5738609375 0.678165625 0.5732375000000001 0.6281718749999999
7 0.634015625 0.6258343749999999 0.5745875 0.627028125 0.5749 0.6776984374999999 0.6346390625 0.6756734375 0.634015625 0.6258343749999999
7 0.695209375 0.6236546875 0.6347421875 0.6253921874999999 0.63495 0.675984375 0.695728125 0.67520625 0.695209375 0.6236546875
7 0.7562984375 0.622096875 0.6958328125000001 0.623521875 0.6963515625000001 0.6745828125 0.75681875 0.673025 0.7562984375 0.622096875
7 0.8172843750000001 0.6205406250000001 0.757234375 0.6216515625000001 0.7573375 0.6736484375 0.8181156250000001 0.6720906249999999 0.8172843750000001 0.6205406250000001