7 0.1501625 0.026782812499999996 0.029090625 0.025701562500000004 0.034300000000000004 0.0811859375 0.1483890625 0.0803890625 0.1501625 0.026782812499999996
7 0.2667875 0.028999999999999998 0.1498375 0.0268953125 0.148446875 0.08260625 0.2667875 0.0855265625 0.2667875 0.028999999999999998
7 0.3813234375 0.0292609375 0.26794375000000004 0.0287296875 0.265109375 0.082071875 0.38203125 0.0823359375 0.3813234375 0.0292609375
7 0.49753749999999997 0.032445312500000004 0.3837609375 0.030178125 0.38203125 0.0828671875 0.49789374999999997 0.084459375 0.49753749999999997 0.032445312500000004
7 0.611528125 0.032873437500000005 0.4969390625 0.0322671875 0.49921249999999995 0.085153125 0.6129453125000001 0.0883375 0.611528125 0.032873437500000005
7 0.7298703125 0.034465625 0.61471875 0.0326078125 0.6161359375 0.08939843750000001 0.729515625 0.091521875 0.7298703125 0.034465625
7 0.15345781249999998 0.24882343750000002 0.0307453125 0.248334375 0.0286703125 0.3035671875 0.1528640625 0.304903125 0.15345781249999998 0.24882343750000002
7 0.275275 0.25193906250000003 0.1550578125 0.247834375 0.155240625 0.32315 0.27170937500000003 0.326265625 0.275275 0.25193906250000003
7 0.39055625 0.2523828125 0.27936875 0.2518375 0.27170937500000003 0.3244875 0.3923390625 0.32849218750000003 0.39055625 0.2523828125
7 0.512375 0.2537203125 0.3953109375 0.2532734375 0.39709374999999997 0.3280453125 0.5117796875 0.33160625 0.512375 0.2537203125
7 0.6270609375 0.2555 0.5166328124999999 0.2543421875 0.5111859375 0.326265625 0.625871875 0.3276015625 0.6270609375 0.2555
7 0.7429359375 0.25594375 0.6282484375 0.2528390625 0.625278125 0.3129140625 0.7429359375 0.3129140625 0.7429359375 0.25594375
7 0.8629703125000001 0.257725 0.7478828125 0.25634375 0.7488796875 0.31246874999999996 0.8605937499999999 0.3164734375 0.8629703125000001 0.257725
6 0.11007031249999999 0.4831171875 0.09253281249999999 0.48243749999999996 0.0922296875 0.510296875 0.11007031249999999 0.510525 0.11007031249999999 0.4831171875
6 0.11702656250000001 0.5100718750000001 0.1342640625 0.5100718750000001 0.1357765625 0.48243749999999996 0.11666093749999999 0.4822421875 0.11732968749999999 0.48425 0.11702656250000001 0.5100718750000001
6 0.1581546875 0.48243749999999996 0.1411515625 0.4827515625 0.13940468749999999 0.50984375 0.1572453125 0.5100718750000001 0.1581546875 0.48243749999999996
6 0.1853703125 0.483796875 0.1639390625 0.48377187499999996 0.16480625 0.512109375 0.1838578125 0.5109765625 0.1853703125 0.483796875
6 0.21046874999999998 0.48425 0.187746875 0.4840265625 0.188090625 0.5125625 0.2089578125 0.5114296875 0.21046874999999998 0.48425
6 0.2337546875 0.4840234375 0.21461562500000003 0.48479062500000003 0.21349374999999998 0.5123359375 0.2346609375 0.5118828125 0.2337546875 0.4840234375
6 0.2600640625 0.48515625 0.2421671875 0.4845359375 0.2401046875 0.51346875 0.2600640625 0.513015625 0.2600640625 0.48515625
6 0.2890953125 0.483796875 0.263934375 0.48377187499999996 0.2636921875 0.5136953125 0.2875828125 0.5141484375 0.2890953125 0.483796875
6 0.311775 0.48425 0.29114375 0.48377187499999996 0.2912109375 0.5141484375 0.3114734375 0.5139218750000001 0.311775 0.48425
6 0.3359671875 0.4853828125 0.31563281249999997 0.48555312500000003 0.31600937500000004 0.5136953125 0.3371765625 0.5148265624999999 0.3359671875 0.4853828125
6 0.36136875 0.485609375 0.3404625 0.485809375 0.3417125 0.515734375 0.361671875 0.5148265624999999 0.36136875 0.485609375
6 0.385259375 0.484928125 0.3659703125 0.48529999999999995 0.3659046875 0.5155062499999999 0.3867703125 0.5152796875 0.385259375 0.484928125
6 0.4091484375 0.485609375 0.3877390625 0.4860640625 0.390096875 0.5146015625 0.40854375000000004 0.5152796875 0.4091484375 0.485609375
6 0.4335109375 0.485659375 0.41460937500000006 0.4860640625 0.4159703125 0.513971875 0.43260156250000004 0.514425 0.4335109375 0.485659375
6 0.4564921875 0.48679218750000003 0.4401171875 0.4860640625 0.43955625 0.5155578125 0.4567953125 0.514878125 0.4564921875 0.48679218750000003
6 0.4831046875 0.48679218750000003 0.4646078125 0.48784687499999996 0.46465781249999993 0.5166906250000001 0.4812890625 0.5166906250000001 0.4831046875 0.48679218750000003
6 0.5054828125 0.48724531249999997 0.48603281249999997 0.48759218750000005 0.485825 0.5155578125 0.5039703125 0.5155578125 0.5054828125 0.48724531249999997
6 0.5293703125 0.48679218750000003 0.5088234375 0.48631875 0.5109250000000001 0.515784375 0.52906875 0.5160109375 0.5293703125 0.48679218750000003
6 0.5502359375 0.506271875 0.5369312500000001 0.5069515625000001 0.53390625 0.515784375 0.551446875 0.5160109375 0.5502359375 0.506271875
6 0.5771515625 0.486565625 0.5560984375 0.4860640625 0.5590078125 0.516915625 0.5774546875000001 0.5182765625 0.5771515625 0.486565625
6 0.6016468749999999 0.487925 0.5805890625 0.4870828125 0.5813859375 0.517596875 0.6013421875 0.5182765625 0.6016468749999999 0.487925
6 0.057604687499999994 0.6124234375000001 0.037471875 0.6128328125 0.036485937499999996 0.6431046874999999 0.05796875 0.6433765625000001 0.057604687499999994 0.6124234375000001
6 0.0858234375 0.6114703125000001 0.063271875 0.6119125000000001 0.0630671875 0.6437859375 0.0849125 0.6444671875 0.0858234375 0.6114703125000001
6 0.11185624999999999 0.611059375 0.0890703125 0.6114515625 0.08764374999999999 0.6440578125 0.110765625 0.6448765625 0.11185624999999999 0.611059375
6 0.1384375 0.6114703125000001 0.11691875 0.6116046875000001 0.11513437500000001 0.6433765625000001 0.13716250000000002 0.6429671875 0.1384375 0.6114703125000001
6 0.1804921875 0.6113328124999999 0.1584859375 0.6116046875000001 0.157915625 0.6431046874999999 0.1801265625 0.6436499999999999 0.1804921875 0.6113328124999999
6 0.2088921875 0.611059375 0.1873578125 0.6112984375 0.1855890625 0.64283125 0.208528125 0.642559375 0.2088921875 0.611059375
6 0.30616875 0.6102593749999999 0.2870296875 0.6110453125 0.28553125 0.6431421875 0.30616875 0.6430109374999999 0.30616875 0.6102593749999999
6 0.33135781249999996 0.610390625 0.310834375 0.61045625 0.3110671875 0.6414390625 0.3318828125 0.6420953125 0.33135781249999996 0.610390625
6 0.35409687500000003 0.6102593749999999 0.33463906250000003 0.6108984375000001 0.33450625 0.6432734375 0.353396875 0.643928125 0.35409687500000003 0.6102593749999999
6 0.0072140625 0.8113390624999999 0.0240484375 0.8121703124999999 0.0247875 0.7829328125 0.0089484375 0.7832484375 0.008139062499999999 0.7841812499999999 0.0072140625 0.8113390624999999
6 0.0517984375 0.783071875 0.031628125 0.78278125 0.03274375 0.8114765625 0.05124375 0.8117546875 0.0517984375 0.783071875
6 0.07714375 0.7823796875 0.0563875 0.7823140625 0.054942187499999996 0.8121703124999999 0.07640156249999999 0.8130015625 0.07714375 0.7823796875
6 0.1015625 0.7815484374999999 0.0817734375 0.7820015625 0.08084375 0.8127234375000001 0.10100781249999999 0.8131390625 0.1015625 0.7815484374999999
6 0.124503125 0.7811328125 0.10632343749999999 0.781690625 0.1056328125 0.8110609375 0.1252421875 0.8102296875 0.124503125 0.7811328125
6 0.1505859375 0.7811328125 0.13066875 0.7812234375 0.13153281249999998 0.8114765625 0.1492921875 0.8123078125 0.1505859375 0.7811328125
6 0.15555625 0.811734375 0.16203125000000002 0.8115953125 0.1611078125 0.7883171875 0.1648078125 0.7870703125 0.1644375 0.7827734375000001 0.1545984375 0.7824703125 0.15555625 0.811734375
6 0.18312343749999999 0.7880390625 0.1620875 0.788546875 0.1603671875 0.823371875 0.18219687499999998 0.8230968750000001 0.18312343749999999 0.7880390625
6 0.284184375 0.788728125 0.2654984375 0.78845 0.26327968749999997 0.8251703125000001 0.2851078125 0.8243390625 0.284184375 0.788728125
6 0.3097125 0.788728125 0.28526562499999997 0.788703125 0.2875140625 0.8247546874999999 0.3087875 0.8248921875 0.3097125 0.788728125
6 0.40890468750000003 0.786025 0.38909375 0.786053125 0.388 0.8228828125 0.4087203125 0.8231609375 0.40890468750000003 0.786025
6 0.4338796875 0.7861640624999999 0.41219062500000003 0.786053125 0.4107546875 0.8238515625 0.4333234375 0.8238515625 0.4338796875 0.7861640624999999
6 0.45830000000000004 0.7861640624999999 0.436740625 0.786053125 0.43443437500000004 0.8238515625 0.45792968749999996 0.8239921875 0.45830000000000004 0.7861640624999999
6 0.4819796875 0.78533125 0.46233593749999996 0.7855859374999999 0.45922343750000005 0.8241296874999999 0.4819796875 0.8248234374999999 0.4819796875 0.78533125
6 0.50676875 0.7858875000000001 0.48542968750000004 0.7857421875 0.48567968749999996 0.8234359375 0.5062140625 0.8245453125 0.50676875 0.7858875000000001
6 0.6043328125 0.7848296875 0.5848875 0.7849625 0.583984375 0.8218249999999999 0.6043328125 0.8221031249999999 0.6043328125 0.7848296875
6 0.627828125 0.7852453125000001 0.6073609375 0.7849625 0.608775 0.821134375 0.6282 0.821134375 0.627828125 0.7852453125000001
6 0.6522484375000001 0.7856609375 0.6317046875 0.7858984375 0.6317125 0.8205781249999999 0.652434375 0.8209937500000001 0.6522484375000001 0.7856609375
6 0.8007984374999999 0.7888640625 0.7808921875 0.7893265625 0.7817453125 0.8219796875000001 0.8019093749999999 0.8233656249999999 0.8007984374999999 0.7888640625
6 0.823184375 0.789140625 0.8044046874999999 0.788859375 0.8044984375 0.821425 0.8241093749999999 0.821703125 0.823184375 0.789140625
6 0.84464375 0.788725 0.82666875 0.788546875 0.8274390625000001 0.821425 0.846309375 0.8211484375 0.84464375 0.788725
6 0.91938125 0.7903875 0.9001171875 0.7902609375 0.8986625 0.8221187499999999 0.9199390624999999 0.82225625 0.91938125 0.7903875
6 0.9486125 0.7901109374999999 0.9267828124999999 0.790665625 0.9265984375 0.8230875 0.950278125 0.8226718749999999 0.9486125 0.7901109374999999
6 0.045190625 0.9659546875 0.0262484375 0.966334375 0.0239734375 0.9986046875 0.04538125 0.9986046875 0.045190625 0.9659546875
6 0.067175 0.9659546875 0.048590625 0.965684375 0.047696875 0.9986046875 0.06601875 0.9986046875 0.067175 0.9659546875
6 0.0926328125 0.9665312500000001 0.0726671875 0.9666593750000001 0.07276875000000001 0.9986046875 0.0922484375 0.9984546875 0.0926328125 0.9665312500000001
6 0.11905625 0.9668203125 0.0976125 0.9674734375 0.0968765625 0.9986046875 0.1173203125 0.9986046875 0.11905625 0.9668203125
6 0.142584375 0.96783125 0.1236421875 0.9677984374999999 0.1227203125 0.9986046875 0.14200625 0.9986046875 0.142584375 0.96783125
6 0.1665203125 0.967846875 0.14641875 0.9674734375 0.145884375 0.9986046875 0.16516875 0.9986046875 0.1665203125 0.967846875
6 0.1915921875 0.967846875 0.17136562500000002 0.968284375 0.1709546875 0.9986046875 0.1914 0.9986046875 0.1915921875 0.967846875
6 0.2162796875 0.9671234375 0.19696093750000002 0.9676343749999999 0.197571875 0.9986046875 0.21550625 0.9986046875 0.2162796875 0.9671234375
6 0.24250781250000003 0.9668359375 0.22342499999999998 0.966984375 0.22264218750000003 0.9986046875 0.2421234375 0.9986046875 0.24250781250000003 0.9668359375
6 0.2673875 0.966403125 0.24620156249999997 0.966984375 0.24752187499999997 0.9986046875 0.26642343749999997 0.9986046875 0.2673875 0.966403125
6 0.290915625 0.9662578125 0.271146875 0.966009375 0.272015625 0.9986046875 0.2913015625 0.9986046875 0.290915625 0.9662578125
6 0.3167484375 0.9668140624999999 0.29652500000000004 0.966984375 0.295728125 0.9986046875 0.31655625 0.9986046875 0.3167484375 0.9668140624999999
6 0.32137812499999996 0.9986046875 0.34104999999999996 0.9986046875 0.340278125 0.9652265625 0.320603125 0.9655234374999999 0.32079843750000003 0.9666703125 0.32137812499999996 0.9986046875
6 0.36554375 0.9658031250000001 0.34533125 0.965684375 0.3451 0.9986046875 0.3651578125 0.9986046875 0.36554375 0.9658031250000001
6 0.4408671875 0.960928125 0.42038593750000003 0.9612984375 0.41965312499999996 0.9986046875 0.4397109375 0.9986046875 0.4408671875 0.960928125
6 0.4667109375 0.9606390625 0.44467968750000003 0.9608109375 0.4431828125 0.9986046875 0.464396875 0.9986046875 0.4667109375 0.9606390625
6 0.48869843749999997 0.96035 0.46940781249999997 0.9604874999999999 0.469990625 0.9986046875 0.48811875000000005 0.9986046875 0.48869843749999997 0.96035
6 0.5151203125 0.9594843750000001 0.4937125 0.959628125 0.49448437500000003 0.9986046875 0.5131921875 0.9986046875 0.5151203125 0.9594843750000001
6 0.5632609375000001 0.959321875 0.5444625000000001 0.9598375000000001 0.5435890624999999 0.9986046875 0.5615249999999999 0.9986046875 0.5632609375000001 0.959321875
6 0.5864046875 0.9601890624999999 0.5670203125 0.9601625 0.5673109375000001 0.9986046875 0.58698125 0.9986046875 0.5864046875 0.9601890624999999
6 0.6112828125 0.9603328125000001 0.5919671875 0.9601625 0.591996875 0.9986046875 0.61166875 0.9986046875 0.6112828125 0.9603328125000001
6 0.63500625 0.96235625 0.616478125 0.9612984375 0.6174546875 0.9986046875 0.6355828125 0.9986046875 0.63500625 0.96235625
6 0.6848796875 0.9986046875 0.685071875 0.9677718750000001 0.6839140625 0.9618499999999999 0.6642 0.9611359374999999 0.6625062500000001 0.9986046875 0.6848796875 0.9986046875
6 0.7086015625 0.9621375000000001 0.688278125 0.9622734375 0.68854375 0.9986046875 0.7101437500000001 0.9986046875 0.7086015625 0.9621375000000001
6 0.7336734375 0.9621375000000001 0.712571875 0.9622734375 0.71284375 0.9986046875 0.7342515625 0.9986046875 0.7336734375 0.9621375000000001
6 0.7581671875 0.9627156250000001 0.73665 0.9624359374999999 0.7384953125 0.9986046875 0.7595171875 0.9986046875 0.7581671875 0.9627156250000001
6 0.7824671875 0.96394375 0.7618125 0.9642234375 0.7639515625 0.9986046875 0.7830453125 0.9986046875 0.7824671875 0.96394375
6 0.8071531249999999 0.9642328125 0.7852406249999999 0.9635734375 0.7870953125 0.9986046875 0.8083109374999999 0.9986046875 0.8071531249999999 0.9642328125
6 0.83203125 0.9645234374999999 0.8093171874999999 0.9643843750000001 0.81043125 0.9986046875 0.832225 0.9986046875 0.83203125 0.9645234374999999
6 0.8549828125 0.9640890625 0.834046875 0.9635734375 0.83511875 0.9986046875 0.8565250000000001 0.9986046875 0.8549828125 0.9640890625
6 0.88005625 0.9642328125 0.858775 0.9643843750000001 0.8605750000000001 0.9986046875 0.880440625 0.9986046875 0.88005625 0.9642328125
6 0.90300625 0.9638 0.88306875 0.964059375 0.8839124999999999 0.9986046875 0.9045500000000001 0.9986046875 0.90300625 0.9638
6 0.9303921875000001 0.9640890625 0.9073625 0.964059375 0.9087921874999999 0.9986046875 0.9311640625000001 0.9986046875 0.9303921875000001 0.9640890625
0 0.4668453125 0.5772437499999999 0.414521875 0.5772078125 0.411221875 0.6757390625 0.46228125000000003 0.6768078125 0.4668453125 0.5772437499999999
0 0.5173375 0.5804484375000001 0.466496875 0.580090625 0.462853125 0.6804390625 0.5159109374999999 0.680653125 0.5173375 0.5804484375000001
0 0.541146875 0.580875 0.519434375 0.5812921875 0.5186124999999999 0.6674046875 0.544571875 0.66761875 0.541146875 0.580875
0 0.5418937500000001 0.5808109375 0.5457109375 0.608221875 0.54485625 0.667190625 0.5693890625 0.6667640625 0.5736671875 0.66078125 0.5713859375 0.6084359375 0.5685328125 0.5810875 0.5418937500000001 0.5808109375
0 0.599340625 0.60736875 0.596203125 0.598821875 0.5970578125 0.5806609375 0.5685234375 0.5810531250000001 0.5719546875 0.5962578125 0.5719546875 0.6065125 0.573953125 0.6605671875 0.569103125 0.6663359375 0.5964875000000001 0.665909375 0.5990562500000001 0.6597125 0.599340625 0.60736875
0 0.5977187500000001 0.5812921875 0.6036203125 0.659071875 0.5976296875 0.6654828125 0.6255843750000001 0.6661234375 0.6258703125 0.6629171875 0.6298625 0.6603546875 0.6241578125 0.5810875 0.5977187500000001 0.5812921875
0 0.653253125 0.5813015625 0.6262734375 0.5812921875 0.63071875 0.589421875 0.632715625 0.660140625 0.6250125 0.665909375 0.654109375 0.667190625 0.6586734375 0.660140625 0.659815625 0.608221875 0.653253125 0.5813015625
0 0.6609546875000001 0.6592859375 0.6555359375 0.6663359375 0.6814953125 0.6661234375 0.6877703125 0.660140625 0.6817796875 0.580875 0.6551484375000001 0.580571875 0.6609546875000001 0.6592859375
0 0.7103046875000001 0.6041624999999999 0.708309375 0.5813015625 0.6849875 0.5817734375 0.68805625 0.6092906250000001 0.689196875 0.6595 0.6829203125000001 0.6665515625 0.7111625 0.6667640625 0.7171515625 0.6620640625 0.7165812500000001 0.60993125 0.7103046875000001 0.6041624999999999
0 0.798321875 0.6691390625 0.8085921875000001 0.666575 0.8085921875000001 0.6640109375 0.8205734375 0.662303125 0.818575 0.6112390624999999 0.8077359375000001 0.6088890625000001 0.8094468750000001 0.5994875000000001 0.7997484375 0.5941468750000001 0.7986093750000001 0.580471875 0.7504375 0.580571875 0.7495437500000001 0.5937187500000001 0.7572453125 0.5986328125 0.7583875 0.6657203125 0.749828125 0.6627296874999999 0.749828125 0.6770453125 0.799178125 0.6781125 0.798321875 0.6691390625
0 0.8103031250000001 0.667003125 0.7994640625 0.6689265625 0.7994640625 0.677471875 0.850240625 0.6781125 0.8482421875 0.667215625 0.8599390625 0.6657203125 0.8599390625 0.66315625 0.8736312500000001 0.66315625 0.8756281250000001 0.6118796875 0.86079375 0.6078203125 0.861934375 0.5986328125 0.8499531250000001 0.595 0.8479578125 0.580471875 0.799203125 0.580090625 0.8008906250000001 0.5928640625 0.808021875 0.5994875000000001 0.808021875 0.6073921875 0.8188625 0.6123062499999999 0.8220000000000001 0.6616609375 0.8103031250000001 0.6637984375 0.8103031250000001 0.667003125
0 0.8605078125000001 0.667003125 0.84966875 0.668284375 0.84966875 0.67683125 0.9013 0.6783265625 0.900159375 0.6676421875 0.9107125 0.668071875 0.9121390625 0.6627296874999999 0.9269734375 0.662303125 0.9264046875 0.6114515625 0.9127109375 0.607178125 0.9124265625 0.5971359374999999 0.901015625 0.5941468750000001 0.89901875 0.5802578125 0.8479703125 0.5796109375 0.849384375 0.5935046875000001 0.859653125 0.5977781249999999 0.86079375 0.6061109375 0.8733437500000001 0.6118796875 0.8756281250000001 0.662303125 0.8605078125000001 0.6629421875 0.8605078125000001 0.667003125
0 0.6466328125 0.48454687500000004 0.6350609375 0.4624359375 0.6109125 0.46313750000000004 0.6168765625 0.4826015625 0.6168765625 0.5317734375 0.614515625 0.5330109375000001 0.6135703125 0.539734375 0.6400203125 0.5411484375 0.6449796875 0.5317734375 0.6466328125 0.48454687500000004
0 0.662690625 0.4626140625 0.6361453125 0.4623421875 0.6471046874999999 0.48242343749999994 0.645453125 0.5317734375 0.6383671875 0.541325 0.6676515625 0.5420328125 0.6714296875 0.533365625 0.672375 0.48295468750000003 0.662690625 0.4626140625
0 0.6898484375 0.4620828125 0.6635046874999999 0.4627390625 0.67331875 0.4813625 0.67119375 0.53248125 0.6669421875 0.541325 0.696225 0.5416796875000001 0.7004765625 0.5328359375 0.70095 0.4847234375 0.6898484375 0.4620828125
0 0.717953125 0.46225937500000003 0.6903312500000001 0.4623421875 0.7026015625 0.4818921875 0.7014203125 0.5314203125 0.6959906250000001 0.5420328125 0.72173125 0.54185625 0.7273984375 0.5326578125 0.7278718750000001 0.48401562499999995 0.717953125 0.46225937500000003
0 0.775365625 0.4635640625 0.750625 0.4633359375 0.758834375 0.48160468749999996 0.7590703125 0.5318390625 0.7519843749999999 0.5413921875 0.7793796875 0.5422765625 0.7862296875 0.5329015625 0.7881171874999999 0.481959375 0.775365625 0.4635640625
0 0.8044140625 0.4635640625 0.7753281249999999 0.4635359375 0.788353125 0.4817828125 0.787646875 0.5320171874999999 0.77914375 0.5426296875000001 0.8079546875 0.5422765625 0.815984375 0.5323703125 0.8164562500000001 0.48549687500000005 0.8044140625 0.4635640625
0 0.8339328125 0.46444843750000003 0.8050765625 0.46413281250000005 0.818109375 0.4831984375 0.8164562500000001 0.5330781250000001 0.8079546875 0.5426296875000001 0.8367671874999999 0.5435140625 0.8443234374999999 0.5323703125 0.8445609375 0.48443437500000003 0.8339328125 0.46444843750000003