1 0.7094796875 0.8243796874999999 0.7153328125 0.8230984375 0.7192359374999999 0.7919953125 0.7138703125 0.78303125 0.7146015625000001 0.7676624999999999 0.6337640625 0.7700046875 0.6314203125 0.7852265625 0.6363000000000001 0.7936421874999999 0.6343484375 0.8249281249999999 0.6306890625 0.8216359375 0.62946875 0.8324296875 0.7094796875 0.8298687499999999 0.7094796875 0.8243796874999999
1 0.7899765624999999 0.8216359375 0.7965625000000001 0.8205375 0.801440625 0.790715625 0.7946109375 0.780653125 0.79583125 0.76638125 0.7157953125 0.767740625 0.7138703125 0.782665625 0.7202124999999999 0.791446875 0.716309375 0.822915625 0.7094796875 0.826209375 0.708990625 0.8298687499999999 0.78778125 0.827490625 0.7899765624999999 0.8216359375
2 0.534375 0.584971875 0.537221875 0.583975 0.5385515625 0.5432453125000001 0.5357031250000001 0.5362671875 0.5360828125 0.5168984375 0.5138171875 0.5170390625 0.5134875 0.5365515624999999 0.5153875 0.5439578125 0.5132984375 0.5846875 0.5119687500000001 0.5851140625 0.5115890624999999 0.5972203125 0.534375 0.596934375 0.534375 0.584971875
9 0.5500640625 0.674796875 0.5476734375000001 0.6673484375000001 0.548225 0.6495562500000001 0.46247187500000003 0.6509125 0.4627140625 0.668728125 0.4638171875 0.67396875 0.462346875 0.720175 0.5467531250000001 0.7190703125 0.5465687499999999 0.7112093749999999 0.5487765625 0.71010625 0.5500640625 0.674796875
9 0.6300859375 0.7083453125 0.6337640625 0.7075171874999999 0.63670625 0.6727593749999999 0.6324765625000001 0.6660015625 0.6335796874999999 0.648346875 0.5481 0.6498265625 0.5484375 0.666553125 0.549725 0.6742765625 0.5488046875 0.7101375 0.5458624999999999 0.7116546875 0.5462296875 0.7186890625 0.629534375 0.7163453125 0.6300859375 0.7083453125
9 0.7144921875 0.7063609375000001 0.7189062500000001 0.7055343749999999 0.722215625 0.6703625 0.7181703125000001 0.6630515625 0.7181703125000001 0.6467765625 0.6347609375000001 0.6484296875 0.6333953125 0.66415625 0.6379921875 0.6720171875000001 0.6356015625 0.7062234375 0.6304531250000001 0.7084312500000001 0.6304531250000001 0.7164296875 0.7132046875 0.7142234375000001 0.7144921875 0.7063609375000001
9 0.796515625 0.70338125 0.8038718749999999 0.7029687499999999 0.808284375 0.6683484375 0.8007453124999999 0.661590625 0.8018484375 0.6443484374999999 0.718734375 0.6465687499999999 0.7178093750000001 0.6622796875 0.7233265624999999 0.6705546874999999 0.7189125 0.7057265625 0.713946875 0.7072437500000001 0.713028125 0.7145546875 0.795596875 0.7127609374999999 0.796515625 0.70338125
10 0.07610781250000001 0.37260781249999997 0.0795953125 0.4016046875 0.084246875 0.4053109375 0.2510953125 0.4053109375 0.24266562500000002 0.3660671875 0.07911875 0.3688078125 0.07610781250000001 0.37260781249999997
10 0.3211875 0.37128125 0.32296874999999997 0.40021874999999996 0.32563906249999997 0.40556093750000005 0.3772796875 0.40489218749999994 0.3743109375 0.3661609375 0.3234484375 0.3667875 0.3211875 0.37128125
10 0.518878125 0.3656328125 0.4593046875 0.365284375 0.45833593749999996 0.4063671875 0.51858125 0.4063671875 0.518878125 0.3656328125
10 0.6230484374999999 0.365409375 0.564115625 0.365034375 0.5636921874999999 0.40570000000000006 0.6233453124999999 0.4052546875 0.6230484374999999 0.365409375
10 0.6717953125 0.3648234375 0.6408890625 0.365034375 0.64775625 0.37172499999999997 0.6471625000000001 0.399771875 0.6421171875 0.40466875 0.6723890625 0.40400156249999997 0.6741703125 0.4002171875 0.6735765625 0.371946875 0.6717953125 0.3648234375
10 0.7480687500000001 0.36326562500000004 0.681278125 0.36403281249999997 0.686634375 0.3715015625 0.6854484375000001 0.39888124999999997 0.6801062499999999 0.40400156249999997 0.747178125 0.40422343749999995 0.7492546875 0.399771875 0.7504421875 0.36994375 0.7480687500000001 0.36326562500000004
10 0.7555875000000001 0.43627343749999997 0.3190046875 0.437834375 0.3133328125 0.44725000000000004 0.314915625 0.475140625 0.317684375 0.479590625 0.7627078125 0.4769203125 0.7674546875 0.4718765625 0.7690375 0.443690625 0.7555875000000001 0.43627343749999997
10 0.1339578125 0.44828124999999996 0.1387046875 0.475578125 0.14147343750000002 0.47973125000000005 0.30286875 0.4788421875 0.3024734375 0.43967812500000003 0.1388140625 0.4401703125 0.1339578125 0.44828124999999996
6 0.0790046875 0.06294999999999999 0.056882812500000005 0.06261093749999999 0.061234374999999994 0.103959375 0.085253125 0.10542343750000001 0.0790046875 0.06294999999999999
6 0.12762656249999998 0.0660265625 0.1049796875 0.06524687500000001 0.10985625000000002 0.10513125000000001 0.131140625 0.106009375 0.12762656249999998 0.0660265625
6 0.20221874999999997 0.0657328125 0.1820671875 0.0654109375 0.18483906249999998 0.106009375 0.20514843749999997 0.1068875 0.20221874999999997 0.0657328125
6 0.226040625 0.0670515625 0.2079828125 0.0667296875 0.2080765625 0.1058625 0.228775 0.1076203125 0.226040625 0.0670515625
6 0.25201250000000003 0.067784375 0.2306046875 0.06705781250000001 0.232290625 0.10659531250000001 0.2535734375 0.107328125 0.25201250000000003 0.067784375
6 0.30224687499999997 0.0688421875 0.280678125 0.06870625 0.2811578125 0.10706875 0.3026375 0.10809375000000002 0.30224687499999997 0.0688421875
6 0.3248984375 0.06928125 0.305715625 0.06870625 0.30517656249999997 0.10721406250000001 0.3252890625 0.1082390625 0.3248984375 0.06928125
6 0.4184265625 0.07153125 0.40081249999999996 0.07150625000000001 0.40182812500000004 0.10975781250000001 0.4188171875 0.11034375 0.4184265625 0.07153125
6 0.4447875 0.07241093750000001 0.423434375 0.0711765625 0.42311249999999995 0.10946562500000001 0.4438109375 0.111221875 0.4447875 0.07241093750000001
6 0.46880468750000004 0.07285 0.44935 0.072 0.44752187499999996 0.11005000000000001 0.468025 0.1110765625 0.46880468750000004 0.07285
6 0.4922375 0.07197187499999999 0.47192968750000003 0.071825 0.46939062500000006 0.11034375 0.49106562499999995 0.111221875 0.4922375 0.07197187499999999
6 0.516840625 0.07314375 0.495909375 0.072659375 0.49477656249999996 0.111221875 0.5137171875 0.11224843749999999 0.516840625 0.07314375
6 0.5391015625 0.07241093750000001 0.5189703125 0.07232968749999999 0.5164515625 0.111221875 0.5373453125000001 0.1118078125 0.5391015625 0.07241093750000001
6 0.5627296875 0.07241093750000001 0.5418109375 0.07249375 0.5383203125 0.1116625 0.5607765625 0.11297968750000001 0.5627296875 0.07241093750000001
6 0.6084078125 0.0732359375 0.5903484375 0.07298750000000001 0.5867328125 0.11175468749999999 0.6068453125 0.11263281249999998 0.6084078125 0.0732359375
6 0.632621875 0.07265 0.613290625 0.07265 0.6101656249999999 0.111021875 0.63066875 0.11175468749999999 0.632621875 0.07265
6 0.702596875 0.0732171875 0.6850046875 0.073153125 0.6807265625000001 0.1117359375 0.7004484375 0.11246875 0.702596875 0.0732171875
6 0.72641875 0.074534375 0.70389375 0.073646875 0.7029859375 0.1117359375 0.72485625 0.11246875 0.72641875 0.074534375
6 0.74809375 0.073803125 0.7287109375 0.073646875 0.7270046875 0.11085624999999999 0.7475078125 0.11071093750000001 0.74809375 0.073803125
6 0.7732828125 0.0740953125 0.751990625 0.074140625 0.7498515625 0.11202812499999999 0.77055 0.11246875 0.7732828125 0.0740953125
6 0.7982781250000001 0.0730703125 0.7763687499999999 0.07298750000000001 0.771915625 0.11100312500000001 0.7937859375 0.1115890625 0.7982781250000001 0.0730703125
6 0.8207328125 0.07395 0.800815625 0.07365625 0.7943718750000001 0.11115 0.8150703125 0.1115890625 0.8207328125 0.07395
6 0.8648640625 0.07336406250000001 0.8440125 0.073153125 0.8412359374999999 0.111296875 0.8631062500000001 0.11144218749999998 0.8648640625 0.07336406250000001
6 0.88790625 0.0740953125 0.8679515625 0.07298750000000001 0.863496875 0.11071093750000001 0.8855625 0.11056406249999999 0.88790625 0.0740953125
6 0.0608953125 0.242715625 0.0422890625 0.2417171875 0.0446140625 0.273434375 0.06341250000000001 0.2735609375 0.0608953125 0.242715625
6 0.0845625 0.2425890625 0.06305625000000001 0.2427078125 0.0657625 0.2748203125 0.0865765625 0.27545000000000003 0.0845625 0.2425890625
6 0.1072234375 0.2429671875 0.08627812500000001 0.24285 0.08708125 0.275196875 0.10940625 0.27633125000000003 0.1072234375 0.2429671875
6 0.129715625 0.2437234375 0.1089328125 0.24299062500000002 0.112090625 0.27645624999999996 0.1317296875 0.27645624999999996 0.129715625 0.2437234375
6 0.1773875 0.24422656250000002 0.15707500000000002 0.24384062499999998 0.160265625 0.277840625 0.1799046875 0.277715625 0.1773875 0.24422656250000002
6 0.24964843750000001 0.2461140625 0.22881562500000002 0.24553906250000002 0.2321921875 0.2774625 0.25115937499999996 0.27758906250000004 0.24964843750000001 0.2461140625
6 0.27180624999999997 0.2464921875 0.25222656250000003 0.24568125 0.25334218750000004 0.27809218750000003 0.273484375 0.27821875 0.27180624999999997 0.2464921875
6 0.29597656250000004 0.246365625 0.27507031249999997 0.2459640625 0.27768125 0.2784703125 0.2973203125 0.27897343750000003 0.29597656250000004 0.246365625
6 0.32048437500000004 0.2473734375 0.299046875 0.24695625 0.3001734375 0.279225 0.32065156250000004 0.2807359375 0.32048437500000004 0.2473734375
6 0.342640625 0.2461140625 0.32226875 0.2458234375 0.3236734375 0.2802328125 0.3436484375 0.2806109375 0.342640625 0.2461140625
6 0.3664734375 0.246459375 0.34605625 0.24553906250000002 0.3466671875 0.2802 0.36714531250000004 0.2808296875 0.3664734375 0.246459375
6 0.389134375 0.2465859375 0.36927656249999996 0.2459640625 0.3705015625 0.2808296875 0.38963749999999997 0.281334375 0.389134375 0.2465859375
6 0.412634375 0.24671249999999997 0.3915546875 0.24695625 0.39198750000000004 0.28120781250000004 0.411459375 0.2820890625 0.412634375 0.24671249999999997
6 0.433615625 0.2465859375 0.41496562499999995 0.2458234375 0.41498437499999996 0.28007499999999996 0.43428750000000005 0.2802 0.433615625 0.2465859375
6 0.45618749999999997 0.24727656250000002 0.4372421875 0.24695625 0.4373875 0.28013750000000004 0.45685937499999996 0.2805140625 0.45618749999999997 0.24727656250000002
6 0.47868125 0.2467734375 0.458953125 0.24638906249999998 0.458034375 0.2805140625 0.47800937499999996 0.2816484375 0.47868125 0.2467734375
6 0.5018453125 0.24778125 0.48274062500000003 0.246671875 0.47985625 0.2819 0.500165625 0.2817734375 0.5018453125 0.24778125
6 0.5245046875 0.24715156249999998 0.50501875 0.24695625 0.5031875 0.2808921875 0.5241703125 0.2807671875 0.5245046875 0.24715156249999998
6 0.548340625 0.247403125 0.5276734375000001 0.24653125 0.525009375 0.2803890625 0.546159375 0.28101875 0.548340625 0.247403125
6 0.5686453124999999 0.24704062499999999 0.5505171875 0.24681406250000001 0.5463203125 0.280403125 0.56663125 0.2815375 0.5686453124999999 0.24704062499999999
6 0.5906343749999999 0.24754375 0.572040625 0.24695625 0.5688125 0.28078125 0.5891234375 0.2809078125 0.5906343749999999 0.24754375
6 0.6149734375 0.2477953125 0.5920515625 0.247096875 0.5913046875 0.280278125 0.611615625 0.2814109375 0.6149734375 0.2477953125
6 0.6347796875 0.24754375 0.6165953125 0.24752187499999997 0.6143015625 0.280403125 0.6325984375 0.28078125 0.6347796875 0.24754375
6 0.65794375 0.2480484375 0.63925 0.24738125000000002 0.6386406250000001 0.27901875 0.6550906249999999 0.2787671875 0.65794375 0.2480484375
6 0.6804375 0.2477953125 0.660584375 0.24752187499999997 0.6582796875 0.2799 0.6782546875000001 0.2810328125 0.6804375 0.2477953125
6 0.7688328125 0.24546874999999999 0.7498828125 0.24525625 0.74566875 0.277825 0.7663156250000001 0.278203125 0.7688328125 0.24546874999999999
6 0.7909890625 0.24672812500000002 0.7710265625 0.24610625000000003 0.76799375 0.2788328125 0.7888078125 0.27971406249999997 0.7909890625 0.24672812500000002
6 0.8114687500000001 0.24660312499999998 0.792171875 0.24610625000000003 0.7894796875 0.2783296875 0.8097890624999999 0.27757343749999996 0.8114687500000001 0.24660312499999998
6 0.8329531250000001 0.2464765625 0.81369375 0.24638906249999998 0.810796875 0.277321875 0.830603125 0.2771953125 0.8329531250000001 0.2464765625
6 0.85611875 0.2460984375 0.8374812500000001 0.24624843749999997 0.8319468750000001 0.277446875 0.8525937499999999 0.277321875 0.85611875 0.2460984375
8 0.09676718749999999 0.6033062499999999 0.12114218750000001 0.602603125 0.1204390625 0.58941875 0.11223593750000001 0.587309375 0.1091890625 0.5482843749999999 0.11645468750000001 0.54213125 0.1150484375 0.52385 0.088834375 0.523534375 0.09137656250000001 0.5409015625 0.0834078125 0.5477578125 0.08293906250000001 0.5602375 0.08293906250000001 0.56709375 0.0892671875 0.5892421875 0.0965328125 0.5899453125 0.09676718749999999 0.6033062499999999
8 0.144578125 0.5857265625 0.13871875 0.5890671875 0.13473437500000002 0.5505703125 0.141765625 0.5444171875 0.140359375 0.5240265625 0.11519375000000001 0.5239296875 0.1166890625 0.5414296875 0.10942343750000001 0.5479328125 0.11340781250000001 0.5871328124999999 0.1204390625 0.5908249999999999 0.12114218750000001 0.6031296875 0.14575 0.6029546875 0.144578125 0.5857265625
8 0.16871875 0.59205625 0.1691875 0.60348125 0.1923890625 0.6036578125000001 0.19075 0.58941875 0.186765625 0.58941875 0.18325 0.5507453124999999 0.18817187500000002 0.54213125 0.18746875000000002 0.524553125 0.1618515625 0.52491875 0.163796875 0.543890625 0.1579375 0.5507453124999999 0.1579375 0.567796875 0.1579375 0.5730703125 0.16028125 0.5767625 0.162859375 0.5918796875 0.16871875 0.59205625
8 0.21535781250000002 0.5892421875 0.2106703125 0.5892421875 0.20738906250000003 0.5864296875 0.2062171875 0.5799265625000001 0.2069203125 0.57271875 0.2064515625 0.5482843749999999 0.21324843750000003 0.5394953124999999 0.2125453125 0.5227953125 0.188475 0.5233375 0.188875 0.5416046875 0.18278125 0.55021875 0.187 0.5890671875 0.19121875 0.59065 0.192859375 0.6022515625 0.2160609375 0.6024265625 0.21535781250000002 0.5892421875
8 0.21535781250000002 0.5899453125 0.21559218750000003 0.6024265625 0.2394984375 0.602603125 0.23856093750000001 0.5848484375 0.2324671875 0.5880124999999999 0.2315296875 0.54740625 0.23856093750000001 0.5401984375 0.2371546875 0.518928125 0.211671875 0.5191859375 0.21324843750000003 0.5380890625 0.2069203125 0.5479328125 0.2062171875 0.5732468749999999 0.20551406249999998 0.577465625 0.20551406249999998 0.581859375 0.20973281250000003 0.5871328124999999 0.21535781250000002 0.5899453125
8 0.3531421875 0.5994734375 0.3759640625 0.5994734375 0.37260781249999997 0.5447671875 0.373503125 0.539396875 0.373503125 0.5209374999999999 0.349284375 0.5211171875 0.350234375 0.5368796875 0.34754999999999997 0.5427531250000001 0.34754999999999997 0.5588625 0.347996875 0.5637296875 0.34844375 0.5699390625 0.3518 0.58470625 0.3531421875 0.5994734375
8 0.3987859375 0.587559375 0.399009375 0.5776578125 0.396771875 0.5744703125 0.3961 0.5711140625 0.3961 0.5462765625 0.39811406250000003 0.5395640625 0.3976671875 0.5212734375 0.374196875 0.5211171875 0.3743984375 0.5390609375000001 0.3721609375 0.5444312499999999 0.37551718749999996 0.5746374999999999 0.3759640625 0.5862171875 0.3761875 0.5991390625 0.399009375 0.5993062499999999 0.3987859375 0.587559375
8 0.39811406250000003 0.5982999999999999 0.42160624999999996 0.59813125 0.4209359375 0.5837 0.4213828125 0.5744703125 0.42004062500000006 0.547115625 0.4220546875 0.53889375 0.42183125 0.5209374999999999 0.3978515625 0.52149375 0.39811406250000003 0.5390609375000001 0.396325 0.5444312499999999 0.39542968749999996 0.5600375 0.3969953125 0.5697703125 0.3992328125 0.5768187499999999 0.3987859375 0.5860484375 0.39811406250000003 0.5982999999999999
8 0.42160624999999996 0.59813125 0.4437578125 0.5974609375 0.4442046875 0.582525 0.4442046875 0.5709453124999999 0.44398125000000005 0.5620515625 0.44509999999999994 0.5397328124999999 0.44509999999999994 0.5206015625 0.4225140625 0.520928125 0.42160624999999996 0.53771875 0.4209359375 0.5459421875 0.42115937499999995 0.561884375 0.42115937499999995 0.57128125 0.42115937499999995 0.578496875 0.42115937499999995 0.586553125 0.42160624999999996 0.59813125
8 0.46568437500000004 0.5976281250000001 0.46613125 0.5838671875 0.4681453125 0.5437593749999999 0.467696875 0.5378859375 0.46836874999999994 0.5206015625 0.4459171875 0.520928125 0.44509999999999994 0.53755 0.44442812500000006 0.5447671875 0.4446515625 0.5623875 0.4446515625 0.5726234375 0.4435328125 0.585209375 0.443309375 0.5969562500000001 0.46568437500000004 0.5976281250000001
8 0.4896234375 0.5850421875 0.490965625 0.583196875 0.49230937499999994 0.543928125 0.49051875 0.5355375 0.490965625 0.516575 0.4683125 0.5163984375 0.4679203125 0.5357046875 0.4690390625 0.5444312499999999 0.4685921875 0.5773234375 0.466578125 0.5840359375 0.46590781249999996 0.5974609375 0.4896234375 0.597125 0.4896234375 0.5850421875
8 0.511103125 0.5872234375 0.513115625 0.5857125 0.5137875000000001 0.570778125 0.5151296875 0.544934375 0.513340625 0.5373828125 0.513115625 0.516575 0.49196718749999996 0.5165875 0.49051875 0.5345296875 0.49253281250000003 0.54325625 0.49163750000000006 0.582525 0.489846875 0.584875 0.4894 0.597125 0.511103125 0.597125 0.511103125 0.5872234375
8 0.6365171875 0.58028125 0.63911875 0.578696875 0.63911875 0.5711375000000001 0.6412312499999999 0.5676 0.6420453125 0.5661375 0.6428578125 0.5624796875 0.6428578125 0.559675 0.6420453125 0.5561390625 0.6428578125 0.540165625 0.63846875 0.534921875 0.63895625 0.5167531249999999 0.616203125 0.5166109375 0.6153828125 0.533703125 0.6197734374999999 0.540775 0.618146875 0.577721875 0.6144078125 0.5760140625 0.6129453125000001 0.5933296875 0.6353796875 0.5936953125 0.6365171875 0.58028125
8 0.6435078125 0.5636984375 0.6413953125 0.5683328125 0.6407437500000001 0.5785750000000001 0.6366796875 0.5806484375000001 0.6352171875 0.5930859374999999 0.6579765625 0.5932062499999999 0.659115625 0.5808921875 0.661553125 0.5793062499999999 0.6628546875 0.5693078125000001 0.6646421874999999 0.5676 0.6651296875 0.56565 0.66643125 0.5636984375 0.6659437500000001 0.56065 0.6651296875 0.5579671875 0.66610625 0.5404093750000001 0.661715625 0.534678125 0.6625296875 0.51663125 0.639425 0.5164734375 0.6387937499999999 0.534190625 0.6431828125 0.5402875 0.6420453125 0.554065625 0.6428578125 0.5558953125 0.6439953125 0.5587 0.6441578125 0.560528125 0.6435078125 0.5636984375
8 0.6651296875 0.5676 0.6641546875000001 0.5793062499999999 0.6589515625 0.5813796875 0.6584640625 0.5930859374999999 0.6797609375 0.5929625 0.681225 0.5810140625 0.6841515625000001 0.57955 0.6857765625 0.5740624999999999 0.6859390624999999 0.57089375 0.687565625 0.5683328125 0.687890625 0.5655281249999999 0.689353125 0.5643078125 0.689190625 0.5613812499999999 0.688703125 0.5573578125 0.689028125 0.5396765625 0.6844765625 0.535165625 0.6857765625 0.5167531249999999 0.662646875 0.516884375 0.661715625 0.534434375 0.66643125 0.539921875 0.6648046875 0.5565046875 0.66643125 0.5580890625 0.66724375 0.560284375 0.66740625 0.5635765625 0.6651296875 0.5676
8 0.685459375 0.5792734375 0.6807453125 0.581590625 0.6800953125 0.593053125 0.7020421875 0.5928093750000001 0.7026921875000001 0.580371875 0.7072453125 0.5786640625 0.7090328125 0.5703734375 0.7100078125 0.56854375 0.7111468750000001 0.5673250000000001 0.711471875 0.5648859374999999 0.7127718749999999 0.5633 0.712934375 0.5584234375 0.711796875 0.5539109375 0.713584375 0.5392796875 0.7082203125000001 0.5344015625 0.7087078124999999 0.5163546875 0.685503125 0.5164734375 0.684646875 0.5345234375000001 0.6903374999999999 0.5401328125 0.6900125 0.557446875 0.6903374999999999 0.5592765625 0.6898500000000001 0.5631781250000001 0.6880609375 0.5680562499999999 0.685459375 0.5792734375
8 0.7023671874999999 0.580859375 0.7010671875 0.5918328125000001 0.7236640624999999 0.5920765625 0.725128125 0.5790296875000001 0.7311421874999999 0.5773234375 0.7324437500000001 0.5709828124999999 0.73309375 0.567934375 0.73439375 0.5648859374999999 0.7353703125 0.5617156249999999 0.7358578125 0.5584234375 0.73455625 0.5548875 0.7355328125 0.5395234375 0.7304921875 0.5336703125 0.7324437500000001 0.5147703124999999 0.7103703125 0.5151015625 0.7077328125 0.5330609374999999 0.713259375 0.5387921875 0.712609375 0.550984375 0.712609375 0.555496875 0.713096875 0.560740625 0.710659375 0.5778109375 0.7023671874999999 0.580859375
8 0.7496765625 0.5784203125 0.756340625 0.5790296875000001 0.7569921875000001 0.5773234375 0.7592671875 0.573909375 0.7604062500000001 0.569275 0.76008125 0.5608625 0.76170625 0.536475 0.753903125 0.53074375 0.755853125 0.511478125 0.7324953125 0.5108515625 0.73146875 0.531109375 0.7384593749999999 0.53671875 0.73276875 0.5776890625 0.725290625 0.5793953125 0.7249656250000001 0.5928093750000001 0.74805 0.592565625 0.7496765625 0.5784203125
8 0.116425 0.707346875 0.1183203125 0.7191015625 0.1248640625 0.719359375 0.12538125 0.7282734375000001 0.14794218750000002 0.7276265625 0.147425 0.719359375 0.14157031250000002 0.719359375 0.13933125 0.7074765625 0.1372640625 0.705409375 0.138125 0.6831921875 0.14312031249999999 0.6746671875 0.142775 0.6569703125 0.11970624999999999 0.6568031249999999 0.11987031249999999 0.6747953125 0.11453125 0.682546875 0.11470312499999999 0.699984375 0.1138421875 0.7016640625 0.1138421875 0.7038593750000001 0.1150484375 0.705796875 0.116425 0.707346875
8 0.147253125 0.719746875 0.1481140625 0.7274984375 0.1703296875 0.7276265625 0.1686078125 0.718584375 0.16395781250000002 0.7179390625 0.16171875 0.707346875 0.1591359375 0.7038593750000001 0.16016875 0.681384375 0.1655078125 0.6745375 0.1651640625 0.6565828125000001 0.14275625 0.6569484375 0.144153125 0.6744078124999999 0.1388140625 0.681125 0.13778125000000002 0.7001140625 0.13778125000000002 0.7038593750000001 0.13984687499999998 0.7074765625 0.142603125 0.7194890625 0.147253125 0.719746875
8 0.1589640625 0.7025671874999999 0.15999687499999998 0.704246875 0.161890625 0.7067015624999999 0.16447499999999998 0.7175515625 0.1687796875 0.7181968750000001 0.17050156249999998 0.7274984375 0.1922015625 0.72736875 0.191340625 0.7181968750000001 0.18651875 0.7181968750000001 0.1853140625 0.7070890624999999 0.183590625 0.7065718750000001 0.1823859375 0.7039890625 0.1822140625 0.701146875 0.18341875000000002 0.6979171875 0.18341875000000002 0.6816421874999999 0.18841406249999998 0.673375 0.187725 0.656325 0.1654203125 0.6566578125 0.1658515625 0.6731171875 0.1605140625 0.6807375 0.160340625 0.696109375 0.159825 0.6971421875 0.1589640625 0.6989515625 0.1589640625 0.7006296875 0.1589640625 0.7025671874999999
8 0.18307500000000002 0.704634375 0.185140625 0.7070890624999999 0.187725 0.7178093750000001 0.19116875 0.71806875 0.192546875 0.7271109375 0.21459062499999998 0.7265937499999999 0.21390156249999998 0.7175515625 0.2090796875 0.71690625 0.20821874999999998 0.7069593750000001 0.20615156250000002 0.70528125 0.2046015625 0.7032140625000001 0.203740625 0.7005015625000001 0.20632343749999998 0.6946875 0.20580781250000002 0.6816421874999999 0.210284375 0.673375 0.209940625 0.656065625 0.18788906249999998 0.6563687500000001 0.1889296875 0.6731171875 0.183590625 0.680609375 0.1841078125 0.695075 0.1837640625 0.6983046875000001 0.1822140625 0.699984375 0.1822140625 0.7021796874999999 0.18307500000000002 0.704634375
8 0.20477343750000002 0.700759375 0.204946875 0.7025671874999999 0.20546250000000002 0.7043765625 0.208390625 0.7065718750000001 0.2094234375 0.71690625 0.21424531249999998 0.71806875 0.21441875000000002 0.7267234375 0.23715156249999997 0.7263359375 0.23577343750000002 0.7175515625 0.23112343750000003 0.716259375 0.23043437500000002 0.7059265625 0.228540625 0.704634375 0.2278515625 0.703084375 0.227334375 0.701146875 0.2287125 0.6971421875 0.228540625 0.681384375 0.233534375 0.6732453125 0.23215625 0.655678125 0.2099703125 0.656078125 0.21131875 0.6735046875 0.20632343749999998 0.680609375 0.20684062499999997 0.6942999999999999 0.20563437499999998 0.6955921875 0.20511875000000002 0.6970140625 0.20477343750000002 0.6984343749999999 0.20477343750000002 0.700759375
8 0.2279890625 0.7030375 0.2305734375 0.705490625 0.23195000000000002 0.7159546875 0.2359109375 0.7169875 0.237634375 0.7261578125 0.25950625 0.7255125 0.25950625 0.7175046875 0.25399375 0.7167296875 0.25399375 0.7074281250000001 0.2527890625 0.705490625 0.250378125 0.7032953125 0.24968906249999998 0.701615625 0.24968906249999998 0.6996781249999999 0.2514109375 0.6948984375 0.250721875 0.6813359375 0.2552 0.6728109375 0.2545109375 0.6553718749999999 0.2320515625 0.6557875 0.2341890625 0.6728109375 0.228678125 0.681078125 0.2295390625 0.694640625 0.2297109375 0.696578125 0.22850625 0.698515625 0.2274734375 0.700840625 0.2279890625 0.7030375
8 0.2510671875 0.7030375 0.2543390625 0.7056203125 0.25485625 0.7163421875 0.259678125 0.7178921875000001 0.26019375 0.7255125 0.282065625 0.7247375 0.2810328125 0.7172453125 0.277415625 0.7162124999999999 0.2748328125 0.7060078125 0.2738 0.7048453125 0.272765625 0.7025203125 0.2734546875 0.7000656249999999 0.2744890625 0.6943828125 0.27414375 0.68159375 0.277415625 0.6735859375000001 0.2765546875 0.65524375 0.255296875 0.6556421875 0.25554375 0.67384375 0.25158281250000003 0.6800437500000001 0.2512390625 0.6948984375 0.2512390625 0.6963203124999999 0.2508953125 0.6992906249999999 0.2508953125 0.7007125000000001 0.2510671875 0.7030375
8 0.2734546875 0.7014875 0.2734546875 0.7030375 0.275521875 0.7053625 0.277415625 0.7154375 0.281721875 0.7169875 0.2824109375 0.725125 0.30325 0.7244796874999999 0.30169999999999997 0.712853125 0.29860000000000003 0.7145328125 0.2955 0.68198125 0.2998046875 0.6735859375000001 0.2992890625 0.6547265624999999 0.277184375 0.65520625 0.27845 0.67268125 0.27414375 0.6809484375 0.2748328125 0.6941234374999999 0.2734546875 0.6959328124999999 0.2734546875 0.698515625 0.2734546875 0.700453125 0.2734546875 0.7014875