8 0.48515625 0.49140625 0.9609375 0.94296875
6 0.0609375 0.1265625 0.0171875 0.0265625
6 0.08515625 0.12734375 0.01484375 0.02734375
6 0.1046875 0.12734375 0.01640625 0.025
6 0.1265625 0.128125 0.015625 0.025
6 0.15078125 0.12734375 0.01484375 0.02734375
6 0.17265625 0.12578125 0.0171875 0.02890625
6 0.190625 0.13046875 0.00859375 0.025
6 0.20390625 0.1140625 0.01484375 0.03671875
6 0.29375 0.1140625 0.01484375 0.0328125
6 0.31640625 0.11328125 0.0203125 0.03359375
6 0.40625 0.115625 0.0171875 0.0328125
6 0.42734375 0.115625 0.01953125 0.03203125
6 0.4515625 0.11640625 0.01796875 0.03515625
6 0.4734375 0.115625 0.0203125 0.03203125
6 0.496875 0.115625 0.0171875 0.03828125
6 0.58359375 0.11640625 0.01953125 0.03671875
6 0.60703125 0.11640625 0.01640625 0.03359375
6 0.6296875 0.1171875 0.01875 0.0359375
6 0.76484375 0.1171875 0.015625 0.03671875
6 0.7859375 0.11640625 0.01796875 0.03671875
6 0.80703125 0.11640625 0.0203125 0.0375
6 0.871875 0.1171875 0.01796875 0.0359375
6 0.8984375 0.1171875 0.0203125 0.03515625
6 0.096875 0.28203125 0.01875 0.028125
6 0.11640625 0.2828125 0.01875 0.028125
6 0.13671875 0.28203125 0.0203125 0.0265625
6 0.159375 0.28359375 0.01640625 0.02734375
6 0.18046875 0.28359375 0.0203125 0.028125
6 0.20078125 0.28359375 0.02109375 0.02734375
6 0.2234375 0.28515625 0.01953125 0.03046875
6 0.24453125 0.28515625 0.02109375 0.028125
6 0.26640625 0.2859375 0.02265625 0.03203125
6 0.2890625 0.28515625 0.0203125 0.03046875
6 0.31015625 0.284375 0.02109375 0.02890625
6 0.33125 0.2859375 0.01953125 0.03046875
6 0.3515625 0.2859375 0.01953125 0.03125
6 0.375 0.28671875 0.02421875 0.03046875
6 0.43828125 0.28671875 0.0171875 0.02734375
6 0.45859375 0.2875 0.01796875 0.02890625
6 0.48203125 0.28828125 0.0171875 0.028125
6 0.50390625 0.28828125 0.01640625 0.0296875
6 0.5453125 0.28671875 0.015625 0.028125
6 0.56640625 0.28671875 0.01640625 0.02890625
6 0.5875 0.28828125 0.01796875 0.028125
6 0.60859375 0.2875 0.01796875 0.0296875
6 0.65234375 0.2890625 0.0171875 0.03203125
6 0.6734375 0.2890625 0.015625 0.03125
6 0.69609375 0.28828125 0.01640625 0.0296875
6 0.71640625 0.28828125 0.01796875 0.03125
6 0.7375 0.28828125 0.01796875 0.03046875
6 0.759375 0.28828125 0.01640625 0.03203125
6 0.78046875 0.2875 0.01640625 0.02890625
6 0.8015625 0.2890625 0.01875 0.03125
6 0.82265625 0.2875 0.01796875 0.03125
6 0.84296875 0.28671875 0.01875 0.0296875
6 0.86640625 0.2875 0.01875 0.03203125
5 0.19921875 0.5765625 0.02421875 0.03984375
5 0.22421875 0.57578125 0.0234375 0.040625
5 0.246875 0.57734375 0.02109375 0.04140625
5 0.26796875 0.5765625 0.021875 0.04140625
5 0.2921875 0.5765625 0.0234375 0.040625
5 0.31640625 0.5765625 0.0203125 0.040625
5 0.3390625 0.57578125 0.0234375 0.03984375
5 0.4140625 0.57578125 0.02109375 0.040625
5 0.4359375 0.57578125 0.02109375 0.040625
5 0.45859375 0.57734375 0.021875 0.04375
5 0.48125 0.5765625 0.021875 0.0421875
5 0.50390625 0.57734375 0.021875 0.04296875
5 0.52578125 0.57734375 0.0203125 0.04375
5 0.55 0.57734375 0.02265625 0.0421875
5 0.671875 0.57734375 0.02265625 0.04140625
5 0.69375 0.57734375 0.02109375 0.04140625
5 0.71640625 0.578125 0.02265625 0.04296875
5 0.73984375 0.578125 0.021875 0.0421875
5 0.76328125 0.578125 0.02265625 0.0421875
5 0.78671875 0.57890625 0.02265625 0.04296875
5 0.809375 0.57890625 0.02265625 0.04296875
5 0.83203125 0.578125 0.02265625 0.040625
5 0.40078125 0.70859375 0.02109375 0.040625
5 0.42265625 0.70859375 0.02265625 0.03984375
2 0.36953125 0.715625 0.04453125 0.05078125
1 0.790625 0.71015625 0.090625 0.0421875