8 0.8847230140625 0.9659038578124999 0.9892799171875 0.000017684375 0.0025714625000000002 0.00514300625 0 0.779414528125 0.048266471875 0.9800513046875 0.8847230140625 0.9659038578124999
6 0.08515625 0.10546875 0.0296875 0.04375
6 0.13515625 0.10859375 0.0296875 0.04375
6 0.20703125 0.10859375 0.025 0.0421875
6 0.23125 0.109375 0.02265625 0.04453125
6 0.25625 0.11015625 0.02265625 0.046875
6 0.303125 0.11171875 0.02265625 0.04140625
6 0.32890625 0.1140625 0.02578125 0.0484375
6 0.42109375 0.11484375 0.01796875 0.04375
6 0.44375 0.11484375 0.021875 0.046875
6 0.4671875 0.1140625 0.01953125 0.04453125
6 0.49140625 0.1171875 0.0203125 0.0453125
6 0.51328125 0.1171875 0.021875 0.04296875
6 0.5375 0.1171875 0.0203125 0.0421875
6 0.5578125 0.115625 0.02265625 0.04453125
6 0.60390625 0.11875 0.021875 0.04453125
6 0.628125 0.11796875 0.02265625 0.0421875
6 0.696875 0.1203125 0.02109375 0.04296875
6 0.7203125 0.1203125 0.02109375 0.04375
6 0.74453125 0.12109375 0.01796875 0.04140625
6 0.765625 0.1203125 0.01953125 0.040625
6 0.78828125 0.121875 0.021875 0.04296875
6 0.8109375 0.121875 0.0203125 0.040625
6 0.85625 0.11953125 0.0203125 0.0390625
6 0.878125 0.1203125 0.02109375 0.040625
6 0.06328125 0.275 0.0203125 0.03203125
6 0.08515625 0.27578125 0.02109375 0.03203125
6 0.1078125 0.2765625 0.021875 0.03359375
6 0.13359375 0.2765625 0.02734375 0.03671875
6 0.18046875 0.28046875 0.025 0.03515625
6 0.24921875 0.28125 0.02109375 0.0328125
6 0.27421875 0.28046875 0.02109375 0.03359375
6 0.29453125 0.28125 0.0203125 0.03359375
6 0.3171875 0.28125 0.02265625 0.03359375
6 0.34140625 0.28203125 0.021875 0.03671875
6 0.36328125 0.28203125 0.0171875 0.03359375
6 0.3859375 0.28203125 0.02109375 0.034375
6 0.40859375 0.2828125 0.01875 0.0328125
6 0.43125 0.2828125 0.01796875 0.0359375
6 0.4546875 0.284375 0.0171875 0.0359375
6 0.4765625 0.28359375 0.015625 0.03359375
6 0.4984375 0.284375 0.0171875 0.0328125
6 0.5203125 0.284375 0.0171875 0.0328125
6 0.54140625 0.28515625 0.0171875 0.03515625
6 0.56328125 0.284375 0.01875 0.0359375
6 0.58515625 0.284375 0.01640625 0.0328125
6 0.6078125 0.2859375 0.01953125 0.034375
6 0.6296875 0.28671875 0.01953125 0.03515625
6 0.65078125 0.2859375 0.01953125 0.0359375
6 0.67265625 0.28671875 0.01875 0.0359375
6 0.75625 0.2859375 0.025 0.03515625
6 0.78046875 0.2859375 0.02109375 0.034375
6 0.80390625 0.2859375 0.0171875 0.0328125
6 0.8234375 0.2859375 0.015625 0.034375
6 0.8453125 0.2859375 0.01953125 0.0328125
11 0.1703125 0.40234375 0.171875 0.0453125
11 0.3546875 0.403125 0.05625 0.04375
11 0.4921875 0.40390625 0.0625 0.04296875
11 0.596875 0.40390625 0.05859375 0.0421875
11 0.66015625 0.40390625 0.0328125 0.0421875
11 0.71640625 0.40546875 0.07109375 0.04453125
11 0.2234375 0.475 0.17109375 0.0421875
11 0.54453125 0.475 0.44765625 0.04765625
1 0.6671875 0.8078125 0.09765625 0.07890625
1 0.75703125 0.80703125 0.07890625 0.07890625
2 0.515625 0.5734375 0.04375 0.0875
10 0.5046875 0.7 0.0859375 0.071875
10 0.58984375 0.69921875 0.08359375 0.0703125
10 0.67578125 0.69765625 0.08359375 0.06640625
10 0.7609375 0.696875 0.08359375 0.06640625
9 0.08578649375 0.5780280171875 0.0893179578125 0.60320143125 0.096380903125 0.60320143125 0.09696948749999999 0.6167450171875 0.12208219843749998 0.6163033734375001 0.11933549375000001 0.602612578125 0.1132535125 0.5981961890624999 0.11089918750000001 0.561687378125 0.11698116875 0.5585959078125 0.11796213281250001 0.5366611796874999 0.09324181875000001 0.5366611796874999 0.094615178125 0.5549155859375 0.08794461249999999 0.559479184375 0.08578649375 0.5780280171875
9 0.112664928125 0.597754546875 0.1211012328125 0.603054209375 0.12129742343750001 0.61748108125 0.14641011718750002 0.6183643562500001 0.1456253578125 0.601287659375 0.14072053281250002 0.6037902749999999 0.1369928625 0.5655149171875 0.14503677343750002 0.5597736109375 0.1432710328125 0.5363667546875 0.11852024218749999 0.5366524187499999 0.11933549375000001 0.5549155859375 0.1124687375 0.5610985296875 0.112664928125 0.597754546875
9 0.16226586406250001 0.605592275 0.169328809375 0.6072116140625 0.1695249984375 0.6189886484375 0.192283384375 0.61943028125 0.19287196874999998 0.60780046875 0.1893404890625 0.6020591625 0.1858090234375 0.5654031390625 0.1907138484375 0.5583369203124999 0.18953669374999998 0.5387575984375 0.16501256875 0.5397880875000001 0.16520875937499999 0.5576008546875 0.1606963140625 0.5649615015625 0.16226586406250001 0.605592275
9 0.18718236875 0.6011758859375 0.193068159375 0.605739484375 0.19365674375 0.6176637296874999 0.21563035312499998 0.6175165203125 0.2152379734375 0.605592275 0.20974456406250003 0.602206371875 0.20797882343750002 0.5654031390625 0.21582654375 0.5553926609375 0.2146493890625 0.539052021875 0.190633140625 0.5388599562499999 0.1916948140625 0.5571592125 0.1858090234375 0.5636365828125001 0.18718236875 0.6011758859375
9 0.20876359843749998 0.600439821875 0.2152379734375 0.6044145671875001 0.21504178437500002 0.6179581515625 0.2399582890625 0.617810940625 0.2399582890625 0.5988204703125 0.23289534375 0.60161751875 0.23348391406250002 0.5630477296875 0.23976209843750002 0.5570120015625 0.23917351406249998 0.5349300609375 0.2146493890625 0.535077275 0.21543416406250002 0.5540677421875 0.20797882343750002 0.563489371875 0.20876359843749998 0.600439821875
9 0.36328125 0.57578125 0.021875 0.07890625
9 0.38671875 0.57578125 0.02421875 0.07890625
9 0.4109375 0.575 0.02109375 0.07890625
9 0.43515625 0.57578125 0.02109375 0.0796875
9 0.45703125 0.575 0.02109375 0.078125
9 0.48125 0.5734375 0.021875 0.0875
9 0.6148553 0.592267640625 0.61446290625 0.610963678125 0.6350631703125 0.6111109 0.6360441359375 0.5974200921875 0.641929925 0.5879984625 0.642910890625 0.557967028125 0.63898703125 0.5541394890625 0.6391832203125001 0.53397131875 0.6181596109374999 0.5335250734375 0.6164248359375 0.5520785140625 0.62015250625 0.557083746875 0.6148553 0.592267640625
9 0.6431070812499999 0.58446535625 0.6354555656249999 0.596242390625 0.6362403249999999 0.6118469640625 0.6574291750000001 0.6105220453125 0.658998725 0.594034196875 0.6646883109374999 0.5850542046875 0.66645405 0.55958636875 0.661745415625 0.5545811296875 0.66351115625 0.53485459375 0.6415375453125 0.533088040625 0.638790840625 0.552814578125 0.6427147 0.557083746875 0.6431070812499999 0.58446535625
9 0.666023165625 0.580380578125 0.6599411859375001 0.5953962984375 0.656998290625 0.611442509375 0.6787757109375 0.6118841421875 0.6811300203124999 0.5990766203125 0.6868196203125 0.5896549906249999 0.6901549109375 0.5594763406250001 0.684072915625 0.5532933984375 0.6862310500000001 0.53503899375 0.66543458125 0.534302928125 0.6624916859375001 0.5537350390625 0.66621935625 0.5582986375 0.666023165625 0.580380578125
9 0.687996775 0.5889189265625 0.68171860625 0.5970156375 0.6797566749999999 0.6118841421875 0.7007493203124999 0.611000865625 0.7038884203125 0.5953962984375 0.7097742109375 0.58597466875 0.7121285203125 0.5594763406250001 0.7070275046875001 0.5532933984375 0.7084008500000001 0.5363639109375 0.6863479984375 0.535916571875 0.684072915625 0.5524101203125 0.6901549109375 0.5582986375 0.687996775 0.5889189265625
9 0.7142942953125 0.5577093468750001 0.7093894703125 0.5849437390625 0.7033074906250001 0.5964263515625 0.7019341453125 0.610558796875 0.72233820625 0.6102643640625 0.7286163906249999 0.5959847078125 0.73509075 0.582588334375 0.7364641109375001 0.5577093468750001 0.7290087703125 0.5528513203125 0.731951665625 0.53474413125 0.7117437953125 0.5348913453125 0.710566625 0.5353329828125 0.70723135 0.551231978125 0.7142942953125 0.5577093468750001
9 0.7305783203125 0.55005428125 0.7384260406250001 0.5555011515625 0.734305990625 0.5842076734375 0.7252811 0.5976040546875 0.7233191703124999 0.6118837046875 0.7452927953125 0.6115892828125 0.747450915625 0.5987817671875 0.7576529453124999 0.595837509375 0.7615768046875 0.55609000625 0.752355740625 0.5497598484374999 0.7549062546875 0.530033315625 0.7331968546875001 0.5291099984375001 0.7331288203125 0.529002828125 0.7331288203125 0.5292972515625001 0.7305783203125 0.55005428125
9 0.11287028125000001 0.6954194328125001 0.1157598578125 0.7337795609375 0.12265036562500001 0.734279915625 0.12420628125 0.74228550625 0.146211465625 0.7417851515625 0.1437664484375 0.734279915625 0.136875940625 0.73361279375 0.1359868390625 0.6972540515625 0.142877346875 0.6894152421874999 0.142210534375 0.670235178125 0.11820487500000001 0.6699016109375 0.1186494171875 0.6700684 0.1193162484375 0.688080978125 0.11287028125000001 0.6954194328125001
9 0.1373204828125 0.732778878125 0.144210990625 0.734613478125 0.14598919531250001 0.740617675 0.1662161765625 0.74078445625 0.16554936250000002 0.734279915625 0.15999249843750002 0.7319449625 0.15843656718750002 0.6965869171875 0.165104803125 0.6877474109375 0.16488253125000002 0.6705687453125 0.1428906890625 0.67031075 0.142210534375 0.68891489375 0.13576456875 0.69608656875 0.1373204828125 0.732778878125
9 0.16132614218750002 0.7321117296875 0.16688300625000002 0.733446 0.167105278125 0.7411180296875 0.1897772765625 0.741451590625 0.1897772765625 0.7339463484375 0.182442225 0.7314446015625 0.1831090390625 0.6957530015625 0.1868877171875 0.68874810625 0.18710998750000002 0.670235178125 0.1662161765625 0.6705687453125 0.16488253125000002 0.687080275 0.1582142953125 0.6957530015625 0.16132614218750002 0.7321117296875
9 0.182442225 0.731111046875 0.1897772765625 0.7339463484375 0.19044410625 0.7412848109375 0.212449290625 0.740617675 0.212449290625 0.732778878125 0.2068924265625 0.73177816875 0.2044474109375 0.6955862203125001 0.2104488171875 0.6885813265625 0.20955971562500003 0.6704019625 0.1875545296875 0.6707355265625 0.1879990890625 0.6874138421875 0.181997665625 0.6954194328125001 0.182442225 0.731111046875
9 0.2068924265625 0.7319449625 0.2122270203125 0.734446709375 0.2122270203125 0.7409512359375 0.23423218750000002 0.740617675 0.2337876453125 0.7329456453125001 0.22956442500000002 0.73177816875 0.22645257812500003 0.697087265625 0.2320094421875 0.6869134953125 0.23178717031249998 0.670235178125 0.2098620171875 0.6701023328125 0.21000427500000002 0.687080275 0.2053364953125 0.6952526531250001 0.2068924265625 0.7319449625
9 0.2293421546875 0.730777465625 0.2337876453125 0.732612084375 0.2355658484375 0.7402841140625 0.25712649062500004 0.740617675 0.25668191406249996 0.7329456453125001 0.2524587109375 0.730777465625 0.2493468640625 0.6959197875 0.25401462656249996 0.688080978125 0.2533478140625 0.6707355265625 0.231815275 0.670519165625 0.2320094421875 0.6869134953125 0.2273416796875 0.6952526531250001 0.2293421546875 0.730777465625
9 0.2520141515625 0.7304438984375 0.25668191406249996 0.7319449625 0.2564596609375 0.7401173203125 0.28002074375 0.74078445625 0.27935394687500004 0.7332792125 0.27690891406249996 0.7321117296875 0.27335250625 0.6982547484375 0.2771312015625 0.688247759375 0.276686625 0.67106909375 0.2534906421875 0.6707275828125 0.255126 0.6867467140625 0.25090277968749997 0.6944187375 0.2520141515625 0.7304438984375
9 0.2809098625 0.7404508937500001 0.30091457187500004 0.7386162890625 0.2998032 0.7276085890624999 0.297358165625 0.72994355 0.2953577078125 0.6957530015625 0.29913636875 0.6894152421874999 0.29780270781249996 0.6705687453125 0.2764643703125 0.6707262046875 0.2764643703125 0.6707355265625 0.27757574375 0.6874138421875 0.27424162500000004 0.6952526531250001 0.2771312015625 0.73177816875 0.2797984890625 0.733446 0.2809098625 0.7404508937500001