8 0.6574449359375001 0.9351174046875 0.6587392046875 0 0.0067966296875 0.00024273906249999998 0 0.9963055921875 0.157811515625 0.99975 0.6574449359375001 0.9351174046875
7 0.15337725156249998 0.061748934374999995 0.1497251765625 0.0017663734375 0.140627953125 0.0000760984375 0.05639455 0.0008529296875 0.057206140625 0.0517010953125 0.15337725156249998 0.061748934374999995
7 0.24102687656250002 0.012727649999999998 0.1502669546875 0.0008370718750000001 0.15418880937499999 0.061139971875 0.24346158281250002 0.070578859375 0.24102687656250002 0.012727649999999998
7 0.325024428125 0.02429789375 0.2415838140625 0.0133931390625 0.2438673921875 0.069969896875 0.329488090625 0.081235659375 0.325024428125 0.02429789375
7 0.4070132953125 0.034726218749999996 0.32579824999999996 0.0240467734375 0.32788515625 0.080702709375 0.4070132953125 0.08892365937499999 0.4070132953125 0.034726218749999996
7 0.4853298453125 0.085878859375 0.5571538984375 0.0971446234375 0.5583712046875 0.054212945312500004 0.48560275312499995 0.044593065625 0.4853298453125 0.04538301875 0.4853298453125 0.085878859375
11 0.49287431249999997 0.23683328124999997 0.4932587546875 0.21577444531249998 0.4897986375 0.2107741796875 0.47860143125 0.2099488890625 0.4769833734375 0.24116043281250002 0.48967048750000003 0.24221818125 0.49287431249999997 0.23683328124999997
11 0.269466275 0.2839208390625 0.2498564921875 0.2836235875 0.25124304999999997 0.31513267031250003 0.2716451359375 0.315578559375 0.269466275 0.2839208390625
11 0.47579397968750003 0.3242327546875 0.4928287359375 0.3242327546875 0.494809521875 0.321111584375 0.493819128125 0.29777701093750003 0.49223450937499996 0.2945072 0.47650760937500003 0.2942326796875 0.477378615625 0.29822289375 0.477576690625 0.3193280390625 0.47579397968750003 0.3242327546875
2 0.2743491546875 0.8562053828125 0.271859225 0.7971380875 0.235911615625 0.801373959375 0.236042625 0.8014495687500001 0.23872407031249998 0.8600857171875 0.2743491546875 0.8562053828125
1 0.5886447984375 0.7722500109375 0.53233418125 0.780298109375 0.5309934593750001 0.8084664531250001 0.588453253125 0.80128065 0.5886447984375 0.7722500109375
5 0.29045472031249997 0.8150648531250001 0.2733260671875 0.816872228125 0.27453041875 0.8474972 0.290856178125 0.845288184375 0.29045472031249997 0.8150648531250001
5 0.3070481109375 0.8123537890625 0.29063327499999997 0.8151099015625001 0.2920605390625 0.845187784375 0.30798483125 0.8428783531249999 0.3070481109375 0.8123537890625
5 0.11969192343749999 0.730674784375 0.10023229375 0.7330425921875 0.1023360359375 0.7656986234375001 0.122716059375 0.7633308171875 0.11969192343749999 0.730674784375
5 0.1412553046875 0.7283069734375001 0.120853875 0.7306218546875 0.122453084375 0.7634294749999999 0.1440164671875 0.76096300625 0.1412553046875 0.7283069734375001
5 0.1624242296875 0.75908849375 0.160846425 0.7266297749999999 0.14243866249999998 0.7285042921875 0.1412553046875 0.72860295 0.14349052812500002 0.76135764375 0.1624242296875 0.75908849375
5 0.1795171515625 0.7247552625 0.1616206890625 0.7265533921875 0.162292746875 0.758891175 0.1812264484375 0.75711531875 0.1795171515625 0.7247552625
5 0.19950271875 0.72258476875 0.1795383609375 0.7243342312500001 0.1821468328125 0.75711531875 0.2005545953125 0.753958240625 0.19950271875 0.72258476875
5 0.2180419734375 0.7203156203125001 0.2001601390625 0.722486109375 0.2000286671875 0.754254215625 0.2189623578125 0.7520837234375 0.2180419734375 0.7203156203125001
5 0.2365812296875 0.7177496921875 0.21899011562499998 0.72026576875 0.21883088593750002 0.7520829234375 0.238027540625 0.7498137812500001 0.2365812296875 0.7177496921875
5 0.2977530328125 0.7121880609375 0.280473353125 0.7136287015625 0.28018536250000003 0.74467450625 0.2977530328125 0.7428737078125 0.2977530328125 0.7121880609375
5 0.314360728125 0.71081945 0.2980279515625 0.7121130234375 0.2977530328125 0.7427296375 0.314456725 0.740712746875 0.314360728125 0.71081945
5 0.3312564140625 0.708730521875 0.31464872499999996 0.7108914828125 0.314744721875 0.7413610312500001 0.3315444109375 0.7401364859374999 0.3312564140625 0.708730521875
5 0.3483441 0.7072178484375 0.3317364046875 0.708874584375 0.3320244015625 0.7397763265624999 0.349208078125 0.7376873953125 0.3483441 0.7072178484375
5 0.3657284625 0.7056890140625 0.3484353859375 0.7073423203125 0.3495047625 0.7374551406250001 0.36515247500000003 0.7366627921875 0.3657284625 0.7056890140625
5 0.382528159375 0.703456021875 0.365717934375 0.7051820015625 0.36592045624999997 0.7357263703125 0.3823361515625 0.733709475 0.382528159375 0.703456021875
5 0.3984638546875 0.7328450890625 0.4001918265625 0.700646771875 0.3826404296875 0.7033817359375 0.38300815 0.7036000859375 0.3821441578125 0.7339255703124999 0.3984638546875 0.7328450890625
5 0.4838917234375 0.692900225 0.4693280984375 0.6939546578125 0.46805058749999995 0.7235746890625 0.484913725 0.722424403125 0.4838917234375 0.692900225
5 0.49934960000000006 0.6917499312500001 0.48453047812500005 0.693187796875 0.48440271875 0.7210823875 0.4992218515625 0.7203155265625 0.49934960000000006 0.6917499312500001
5 0.51442423125 0.689545203125 0.49962156875 0.6911921546875 0.49883859375000006 0.72050725 0.51582948125 0.7185900953125001 0.51442423125 0.689545203125
5 0.5296266000000001 0.6877239078125 0.514475096875 0.6892755703125 0.51544624375 0.71820665625 0.5298820984375 0.716768790625 0.5296266000000001 0.6877239078125
5 0.5454677453125 0.6864777578125 0.529807771875 0.68795791875 0.5301376171875 0.7166729421875 0.5459787421875 0.7151392125 0.5454677453125 0.6864777578125
5 0.559276096875 0.7132479796875 0.5611923640625001 0.6854492453125001 0.545619590625 0.6859215484375001 0.545351228125 0.6864078234375001 0.5457344765625 0.7149734171875 0.559276096875 0.7132479796875
5 0.574733975 0.7120018375 0.5779277515625 0.683627953125 0.5607925500000001 0.6858017609375 0.56080910625 0.6858326765625 0.5595315953125 0.7135355515625 0.574733975 0.7120018375
5 0.5901918625 0.6817108000000001 0.577722378125 0.6835258171875 0.57435071875 0.711330825 0.588658834375 0.7101805328124999 0.5901918625 0.6817108000000001
0 0.2708113046875 0.28145259375 0.2729047078125 0.27878226562499997 0.2752074484375 0.3131823546875 0.2726953546875 0.3160097703125 0.2729047078125 0.32417781562500003 0.2708113046875 0.3255915140625 0.271229978125 0.3347020390625 0.3072365140625 0.337215296875 0.3049337734375 0.327005225 0.307864540625 0.32496320624999997 0.3068178390625 0.31915132968750004 0.30891124375 0.3174234625 0.3091205796875 0.2836516875 0.3061898125 0.2822379828125 0.3049337734375 0.268258040625 0.2680524890625 0.2656185078125 0.269136575 0.2764260953125 0.2706019515625 0.275797790625 0.2708113046875 0.28145259375
0 0.31058597187500003 0.3160097703125 0.30849256875000003 0.31820885312499997 0.3074458671875 0.33611574375000003 0.34387107656250004 0.3384719140625 0.3426150375 0.3215075 0.34554580625 0.31930839375 0.343033728125 0.28522246875 0.3413589984375 0.282709215625 0.3411496609375 0.26857219374999997 0.3060017296875 0.2669925328125 0.3061898125 0.2797247375 0.3095392703125 0.28192382656250004 0.31058597187500003 0.3160097703125
0 0.4953986890625 0.29323659687500003 0.502918146875 0.2906816390625 0.5026343984375 0.323683203125 0.495966196875 0.3258123375 0.49752683593749997 0.33081580625 0.491568028125 0.33305139375000004 0.49142615312500004 0.343909971875 0.5209364562500001 0.343803515625 0.5206527078125001 0.33432887031249997 0.5267534015625001 0.332625565625 0.526611515625 0.32645108437500003 0.5324284609375 0.325280053125 0.532854084375 0.293662425 0.527462784375 0.29206557499999997 0.5257602593749999 0.28748794218749996 0.5216458390625001 0.28716856874999996 0.522355221875 0.280142428125 0.49029113750000003 0.278545578125 0.4910005203125 0.28780730625 0.495114940625 0.286636284375 0.4953986890625 0.29323659687500003
0 0.526895275 0.291639746875 0.533705340625 0.2934495109375 0.5332797171875 0.321766984375 0.526895275 0.32613171093750004 0.526611515625 0.3323062 0.5215039640625 0.3345417890625 0.5217877234375 0.34369706093749997 0.5515817859375 0.34422934375 0.551014278125 0.3349676171875 0.5566893375 0.333583678125 0.5569730859375001 0.327089821875 0.564350659375 0.3257058828125 0.563925046875 0.29408825 0.5582499765625 0.29323659687500003 0.5559799546875 0.2885525078125 0.551156153125 0.28876541875 0.5514399015625 0.28163282500000003 0.522759759375 0.280057475 0.52263898125 0.286636284375 0.525618384375 0.28748794218749996 0.526895275 0.291639746875
0 0.5573987203125 0.2930236828125 0.5650600421875 0.29376888125 0.5640669109374999 0.32549297187500004 0.55768246875 0.32666399375 0.5572568453125 0.3329449390625 0.5515817859375 0.3353934375 0.552149284375 0.34401643437499996 0.5795314609375 0.344761628125 0.579247690625 0.3349676171875 0.5861996515625 0.33400950625000003 0.5861996515625 0.32762210625 0.5938609734375 0.32602525625 0.5938609734375 0.2946205328125 0.581233975 0.290042896875 0.580808340625 0.28301675625 0.55255876875 0.28152081875 0.551156153125 0.2885525078125 0.5566893375 0.28823313437500003 0.5573987203125 0.2930236828125
6 0.0265625 0.18671875 0.0171875 0.025
6 0.04765625 0.1875 0.01640625 0.025
6 0.0671875 0.1890625 0.01640625 0.0265625
6 0.08515625 0.190625 0.015625 0.02734375
6 0.10546875 0.19296875 0.01796875 0.02578125
6 0.125 0.19375 0.01640625 0.02578125
6 0.14375 0.19609375 0.0171875 0.02578125
6 0.16328125 0.196875 0.015625 0.0234375
6 0.18359375 0.1984375 0.01640625 0.0234375
6 0.2015625 0.19921875 0.015625 0.02265625
6 0.21953125 0.2015625 0.01484375 0.025
6 0.2375 0.20234375 0.01484375 0.02421875
6 0.2546875 0.2046875 0.01484375 0.021875
6 0.27265625 0.20546875 0.01328125 0.021875
6 0.29140625 0.20625 0.01484375 0.02265625
6 0.30859375 0.20859375 0.0125 0.021875
6 0.32421875 0.209375 0.01328125 0.0203125
6 0.34140625 0.21015625 0.0125 0.021875
6 0.3578125 0.21171875 0.0125 0.021875
6 0.3734375 0.2125 0.0125 0.021875
6 0.3890625 0.21328125 0.01484375 0.0234375
6 0.0078125 0.27578125 0.01484375 0.02578125
6 0.02734375 0.27578125 0.01640625 0.0234375
6 0.04765625 0.2765625 0.015625 0.02421875
6 0.06875 0.27734375 0.01640625 0.02421875
6 0.0953125 0.2875 0.0140625 0.02265625
6 0.1140625 0.2875 0.0171875 0.02265625
6 0.18828125 0.29140625 0.015625 0.021875
6 0.20625 0.2921875 0.0140625 0.02265625
6 0.2234375 0.2921875 0.01484375 0.0234375
6 0.00703125 0.4109375 0.0140625 0.02265625
6 0.0265625 0.4109375 0.0171875 0.0203125
6 0.0453125 0.4109375 0.015625 0.021875
6 0.0640625 0.4109375 0.0171875 0.02109375
6 0.08359375 0.4109375 0.015625 0.02265625
6 0.1015625 0.4109375 0.015625 0.021875
6 0.11796875 0.4078125 0.01875 0.0234375
6 0.18984375 0.4078125 0.0140625 0.0203125
6 0.20703125 0.40703125 0.01953125 0.0234375
6 0.27578125 0.4078125 0.0140625 0.02109375
6 0.29140625 0.4078125 0.0140625 0.0203125
6 0.30625 0.4078125 0.01484375 0.02109375
6 0.3234375 0.4078125 0.01484375 0.02109375
6 0.3390625 0.4078125 0.01484375 0.0203125
6 0.40078125 0.4078125 0.015625 0.01953125
6 0.4171875 0.40859375 0.01328125 0.01875
6 0.43125 0.40859375 0.0140625 0.0203125
6 0.515625 0.40859375 0.0140625 0.01953125
6 0.53046875 0.40859375 0.01171875 0.0203125
6 0.54296875 0.40859375 0.0109375 0.0203125
6 0.58125 0.409375 0.01484375 0.0203125
6 0.596875 0.409375 0.0140625 0.0203125
6 0.02421875 0.5296875 0.0171875 0.021875
6 0.0421875 0.5296875 0.01484375 0.02265625
6 0.0609375 0.52890625 0.01640625 0.02109375
6 0.07890625 0.528125 0.01640625 0.021875
6 0.09765625 0.528125 0.015625 0.02109375
6 0.11640625 0.528125 0.015625 0.021875
6 0.13359375 0.5265625 0.015625 0.02109375
6 0.15234375 0.5265625 0.01484375 0.02109375
6 0.16875 0.52578125 0.0140625 0.02265625
6 0.1859375 0.525 0.0140625 0.02109375
6 0.20390625 0.525 0.0140625 0.02109375
6 0.2203125 0.5234375 0.01484375 0.021875
6 0.23671875 0.5234375 0.0140625 0.021875
6 0.253125 0.521875 0.01484375 0.021875
6 0.3015625 0.5203125 0.01640625 0.0203125
6 0.31796875 0.5203125 0.01328125 0.02109375
6 0.33359375 0.51953125 0.01328125 0.02109375
6 0.35 0.51875 0.0140625 0.021875
6 0.378125 0.51796875 0.01484375 0.0203125
6 0.39453125 0.51640625 0.0125 0.01953125
6 0.40859375 0.5171875 0.01328125 0.02109375
6 0.4234375 0.5171875 0.0140625 0.01953125
6 0.45 0.51484375 0.015625 0.0203125
6 0.46640625 0.51484375 0.01328125 0.02109375
6 0.48046875 0.5140625 0.0125 0.02109375
6 0.49453125 0.5140625 0.01171875 0.02109375
6 0.5078125 0.51328125 0.0109375 0.01953125
6 0.52109375 0.51171875 0.0125 0.0203125
6 0.53515625 0.5125 0.01171875 0.0203125
6 0.5484375 0.51171875 0.01015625 0.01875
6 0.5609375 0.5109375 0.01171875 0.01875
6 0.5734375 0.509375 0.0109375 0.01875
6 0.5859375 0.51015625 0.0125 0.0203125
7 0.4847851078125 0.045729417187499996 0.40836933750000004 0.0346514171875 0.4101890328125 0.077572709375 0.48583949375 0.08568186718750001 0.4847851078125 0.045729417187499996
0 0.40333566562499995 0.2480261375 0.42046904218750003 0.2480261375 0.42600445625 0.23655464375 0.424950090625 0.2013490125 0.42046904218750003 0.193239853125 0.40013076875 0.1915961390625 0.407289521875 0.2019423703125 0.407289521875 0.23556572187499997 0.40333566562499995 0.2480261375
0 0.42152340781250003 0.2490150609375 0.43786602500000005 0.25000398281249997 0.44392859375000004 0.23774134687499998 0.442610640625 0.2037224265625 0.4394475640625 0.1952176984375 0.4215510453125 0.19307908125 0.42653162968749997 0.20095344843750002 0.42600445625 0.2373457765625 0.42152340781250003 0.2490150609375
0 0.46185275 0.2047113484375 0.45684452656249996 0.1969977640625 0.4397339265625 0.1958669796875 0.442610640625 0.20293129375 0.44392859375000004 0.2381369171875 0.439183978125 0.25000398281249997 0.45552657500000004 0.2502017640625 0.4602712109375 0.2373457765625 0.46185275 0.2047113484375
0 0.4779317609375 0.2064914109375 0.4729235390625 0.19858003125 0.4588110953125 0.196829996875 0.46290711562500003 0.20451356718749997 0.4602712109375 0.23833469843750002 0.4563173546875 0.24960842656249999 0.46923326875000004 0.251586271875 0.47635022187500003 0.23991697343750001 0.4779317609375 0.2064914109375
0 0.4932199921875 0.2486195046875 0.5087718515625 0.25000398281249997 0.5132528796875 0.2409058953125 0.5124621 0.2092603890625 0.5085082437499999 0.200755659375 0.49242925312499997 0.199371171875 0.49638310937499996 0.20688698125 0.4953287234375 0.24031254375 0.4932199921875 0.2486195046875
0 0.53038625625 0.21064488125 0.5269595734375 0.20253572343749998 0.509066559375 0.20097908750000001 0.514307225 0.2084692546875 0.514307225 0.24051033125000001 0.510089803125 0.24960842656249999 0.5253780546875 0.252772959375 0.529859084375 0.2428837390625 0.53038625625 0.21064488125
0 0.5274867453125001 0.2511906859375 0.5430386046875 0.2511906859375 0.5477832406250001 0.245059371875 0.5496283656250001 0.21262272499999998 0.5456745093750001 0.2049091375 0.528277525 0.2027335046875 0.5319678156250001 0.21024931093750002 0.5309134296875 0.243081528125 0.5274867453125001 0.2511906859375
0 0.3464684078125 0.3191434609375 0.3423754234375 0.3219689234375 0.3428665734375 0.32761985781249997 0.3615305890625 0.3284797890625 0.36333150000000003 0.3204947703125 0.363004065625 0.2884318421875 0.36054827500000003 0.2752872703125 0.3420479765625 0.275041578125 0.3417205421875 0.28155244218750003 0.344667484375 0.28450075468749997 0.3464684078125 0.3191434609375
0 0.36218546875 0.32307454375 0.3620217515625 0.3279884015625 0.3801946046875 0.328725478125 0.3798671703125 0.3233202328125 0.382814125 0.3204947703125 0.38101320156249996 0.2819209796875 0.3793760078125 0.2761471953125 0.36110217968749997 0.2748179609375 0.3634952171875 0.2847464484375 0.364150096875 0.3211090015625 0.36218546875 0.32307454375
0 0.3798671703125 0.32307454375 0.3795397375 0.328725478125 0.39787630625000003 0.328725478125 0.398531175 0.3229516984375 0.4008232609375 0.320740459375 0.3980400109375 0.284132215625 0.3949293515625 0.2768842734375 0.3788848453125 0.27590150156250004 0.38117693125 0.2821666734375 0.383141559375 0.320863303125 0.3798671703125 0.32307454375
0 0.3991860671875 0.3228288546875 0.3975488734375 0.328725478125 0.41588544218749995 0.32995394375 0.4186686671875 0.320863303125 0.41654030937500003 0.28622060625 0.41195616093750004 0.2777441984375 0.3962391125 0.2766385828125 0.398694903125 0.2849921421875 0.4016418578125 0.3204947703125 0.3991860671875 0.3228288546875
0 0.41655469843750004 0.3299525359375 0.43385795937499994 0.33029420625 0.4370454078125 0.3233753890625 0.4369315625 0.2921125765625 0.4321504015625 0.278445775 0.4151765390625 0.277972734375 0.41746540000000004 0.2857062640625 0.419172959375 0.3212399515625 0.41655469843750004 0.3299525359375
0 0.4339718046875 0.3300379578125 0.45161658125 0.3308067109375 0.45525937031249997 0.3230337171875 0.45332414062500004 0.2905750609375 0.4495675078125 0.28041038125 0.432491915625 0.2787874453125 0.43624855 0.288695875 0.43750075 0.32243579843750003 0.4339718046875 0.3300379578125
0 0.45161658125 0.33106296562500004 0.468578328125 0.33157546875 0.47222111718750004 0.3246566515625 0.4725626328125 0.292454246875 0.46596006718750005 0.28126455625 0.44979517812500003 0.280324959375 0.45343796718749996 0.29023339375 0.45525937031249997 0.32269204687499997 0.45161658125 0.33106296562500004