8 0.991569640625 0.35613750781250003 0.9996666671875 0.006203378125000001 0.002743725 0 0.00397798125 0.9283828046875 0.892810571875 0.9338719890625 0.991569640625 0.35613750781250003
6 0.02265625 0.0796875 0.01875 0.03203125
6 0.04921875 0.08046875 0.01796875 0.03046875
6 0.07109375 0.08203125 0.0140625 0.02890625
6 0.09375 0.08125 0.01796875 0.0296875
6 0.1171875 0.08203125 0.015625 0.02890625
6 0.13828125 0.08125 0.0203125 0.02890625
6 0.17109375 0.07109375 0.02265625 0.04140625
6 0.26484375 0.07265625 0.01796875 0.0359375
6 0.28671875 0.07265625 0.0234375 0.03671875
6 0.38203125 0.075 0.0234375 0.03515625
6 0.40546875 0.07421875 0.01875 0.03515625
6 0.4265625 0.07578125 0.021875 0.0375
6 0.45 0.07578125 0.02265625 0.03515625
6 0.4734375 0.07578125 0.0203125 0.03515625
6 0.5671875 0.07734375 0.02109375 0.03515625
6 0.590625 0.07890625 0.02109375 0.03828125
6 0.61484375 0.0796875 0.01953125 0.03984375
6 0.75234375 0.08203125 0.0203125 0.03359375
6 0.77421875 0.0828125 0.0203125 0.0359375
6 0.79765625 0.0828125 0.01953125 0.03515625
6 0.8640625 0.08671875 0.01875 0.0359375
6 0.89375 0.08671875 0.0203125 0.03515625
6 0.0578125 0.24296875 0.01875 0.02890625
6 0.07890625 0.24296875 0.01640625 0.02890625
6 0.1 0.24375 0.0203125 0.03046875
6 0.12265625 0.24375 0.01875 0.03125
6 0.14453125 0.24453125 0.01953125 0.03125
6 0.16640625 0.2453125 0.0203125 0.03046875
6 0.18984375 0.2453125 0.021875 0.03125
6 0.2125 0.24765625 0.0203125 0.0328125
6 0.23515625 0.24921875 0.021875 0.03203125
6 0.25703125 0.24921875 0.01953125 0.0296875
6 0.2796875 0.24921875 0.0203125 0.0328125
6 0.30234375 0.25 0.01875 0.03203125
6 0.32421875 0.2515625 0.0203125 0.03125
6 0.34609375 0.25234375 0.0203125 0.03046875
6 0.4140625 0.2546875 0.01875 0.028125
6 0.434375 0.25546875 0.01875 0.02734375
6 0.45703125 0.25546875 0.0203125 0.0296875
6 0.47890625 0.2546875 0.01875 0.0296875
6 0.52421875 0.25625 0.01875 0.03125
6 0.5453125 0.25625 0.0171875 0.0296875
6 0.56640625 0.25703125 0.01953125 0.0328125
6 0.58828125 0.25703125 0.01875 0.0328125
6 0.6328125 0.25859375 0.01953125 0.03203125
6 0.65390625 0.25859375 0.01796875 0.0328125
6 0.67734375 0.25859375 0.01796875 0.03203125
6 0.7 0.25859375 0.0203125 0.03125
6 0.721875 0.26015625 0.01875 0.0328125
6 0.74296875 0.26015625 0.0203125 0.0328125
6 0.765625 0.2609375 0.01953125 0.03203125
6 0.7875 0.26015625 0.02109375 0.03359375
6 0.81015625 0.2609375 0.0203125 0.03359375
6 0.83046875 0.26171875 0.01875 0.034375
6 0.85234375 0.26171875 0.02265625 0.03359375
1 0.7640625 0.69140625 0.0921875 0.04296875
2 0.33515625 0.6796875 0.04609375 0.075
5 0.36875 0.68671875 0.01953125 0.04140625
5 0.390625 0.68671875 0.02421875 0.0421875
5 0.15859375 0.54921875 0.025 0.04140625
5 0.1828125 0.54921875 0.02421875 0.04375
5 0.20703125 0.55 0.02421875 0.04375
5 0.23125 0.55 0.02421875 0.04453125
5 0.25625 0.55 0.02578125 0.04375
5 0.28203125 0.5515625 0.02109375 0.04453125
5 0.30390625 0.55078125 0.02265625 0.04375
5 0.38515625 0.553125 0.02421875 0.04296875
5 0.4078125 0.55234375 0.02109375 0.04375
5 0.42890625 0.55234375 0.01953125 0.04375
5 0.45 0.55390625 0.021875 0.04296875
5 0.471875 0.553125 0.0234375 0.04375
5 0.49765625 0.5546875 0.025 0.04609375
5 0.5234375 0.55546875 0.025 0.04296875
5 0.64609375 0.55625 0.025 0.04140625
5 0.66953125 0.55703125 0.021875 0.0421875
5 0.69296875 0.5578125 0.0234375 0.0421875
5 0.71640625 0.55859375 0.021875 0.0421875
5 0.7390625 0.55859375 0.0234375 0.0421875
5 0.76328125 0.559375 0.02265625 0.04296875
5 0.78671875 0.56015625 0.02265625 0.04140625
5 0.8109375 0.56015625 0.025 0.04140625