8 0.5 0.5 0.99921875 0.99921875
6 0.03984375 0.32890625 0.02109375 0.05625
6 0.06640625 0.33046875 0.02109375 0.0578125
6 0.090625 0.32890625 0.01953125 0.0546875
6 0.1140625 0.334375 0.02109375 0.0578125
6 0.13828125 0.33203125 0.01875 0.05390625
6 0.1625 0.33203125 0.0234375 0.05703125
6 0.1984375 0.32265625 0.0375 0.07421875
6 0.29609375 0.32109375 0.02265625 0.06171875
6 0.321875 0.32265625 0.02734375 0.06875
6 0.4234375 0.32578125 0.0234375 0.06015625
6 0.4734375 0.32421875 0.0203125 0.05859375
6 0.44921875 0.3265625 0.01875 0.06015625
6 0.5 0.3265625 0.02265625 0.0609375
6 0.52421875 0.32734375 0.02109375 0.06171875
6 0.62578125 0.32890625 0.02578125 0.0640625
6 0.653125 0.3296875 0.02109375 0.065625
6 0.67890625 0.33125 0.02265625 0.06796875
6 0.8296875 0.33515625 0.03359375 0.06328125
6 0.8625 0.3328125 0.021875 0.0625
6 0.8875 0.3359375 0.0203125 0.0703125
6 0.9515625 0.3375 0.04453125 0.0578125
6 0.9890625 0.3375 0.021875 0.06875
6 0.0609375 0.6359375 0.021875 0.0625
6 0.084375 0.63671875 0.0234375 0.059375
6 0.10859375 0.6359375 0.021875 0.0609375
6 0.1328125 0.6375 0.02421875 0.0609375
6 0.15625 0.63828125 0.02109375 0.06171875
6 0.18046875 0.640625 0.021875 0.06328125
6 0.20703125 0.63984375 0.021875 0.0625
6 0.23203125 0.64296875 0.0203125 0.065625
6 0.25625 0.6421875 0.02265625 0.06171875
6 0.28125 0.6453125 0.02109375 0.059375
6 0.30546875 0.64609375 0.01953125 0.06171875
6 0.33125 0.64609375 0.0234375 0.0609375
6 0.35546875 0.64609375 0.02109375 0.06015625
6 0.38203125 0.64609375 0.028125 0.0609375
6 0.45390625 0.64609375 0.0234375 0.07265625
6 0.47890625 0.646875 0.02109375 0.0703125
6 0.503125 0.646875 0.0203125 0.06953125
6 0.52890625 0.65 0.021875 0.07109375
6 0.57578125 0.65 0.02734375 0.0703125
6 0.6015625 0.65 0.0234375 0.06953125
6 0.6265625 0.65 0.02421875 0.06875
6 0.65234375 0.65390625 0.02265625 0.06796875
6 0.6984375 0.65390625 0.0296875 0.0671875
6 0.7265625 0.65390625 0.025 0.06796875
6 0.7515625 0.65546875 0.02421875 0.06796875
6 0.77734375 0.65625 0.02421875 0.0703125
6 0.803125 0.65625 0.025 0.06875
6 0.82890625 0.6578125 0.02421875 0.06796875
6 0.85390625 0.66015625 0.02265625 0.06796875
6 0.87890625 0.66015625 0.02421875 0.06484375
6 0.903125 0.6609375 0.02421875 0.06796875
6 0.92890625 0.66015625 0.0234375 0.065625
6 0.95546875 0.66328125 0.025 0.06953125
6 0.18671875 0.0203125 0.0203125 0.040625
6 0.21484375 0.0203125 0.0234375 0.040625
6 0.315625 0.021875 0.021875 0.04375
6 0.34140625 0.021875 0.0203125 0.04296875
6 0.365625 0.02265625 0.0203125 0.04453125
0 0.4640625 0.0703125 0.05703125 0.140625
0 0.52109375 0.0671875 0.05390625 0.13359375
0 0.7892690109375 0.10547561875 0.7895748218749999 0.1234251296875 0.787128309375 0.15075731718750002 0.8412576890624999 0.151981159375 0.8415635 0.1258728140625 0.8547135875 0.1128185953125 0.8556310203124999 0.0960929265625 0.8745916109375 0.0744719359375 0.8779555796875 0.00022625625 0.7888297796875 0.0006117328125 0.800584184375 0.0132804515625 0.797220215625 0.0850784546875 0.7892690109375 0.10547561875
0 0.8562426656250001 0.0948691 0.8565484765625 0.11037094218750002 0.84248095625 0.12464895625000001 0.8412576890624999 0.14994144375000001 0.8938579890625 0.152797034375 0.8950812578124999 0.1270966109375 0.9112895015625 0.1107788796875 0.9115953125 0.09405321093749999 0.93239079375 0.0748798734375 0.9354489515625 0.0014500828125000001 0.878295740625 0 0.8779555796875 0.001042153125 0.875814878125 0.07161632968750001 0.8562426656250001 0.0948691
0 0.9115953125 0.11200270625 0.8950812578124999 0.12628072031249998 0.8944696343749999 0.151981159375 0.9473757703125001 0.15402087656250002 0.9489048484374999 0.1258728140625 0.9638898015624999 0.1148583125 0.9663363374999999 0.0960929265625 0.9880492750000001 0.076511653125 0.993553921875 0.0006341937500000001 0.9378954625 0.00022625625 0.9333082265625 0.07284015625 0.9112895015625 0.092829384375 0.9115953125 0.11200270625
11 0.76040289375 0.096869525 0.7890499984375 0.09978661250000001 0.79757853125 0.084326040625 0.800858734375 0.0198584140625 0.7960477765625 0.00789835 0.7680230953125 0.0066344015625 0.7713369046875 0.01723303125 0.7669633 0.07586649375 0.76040289375 0.096869525
11 0.43580588750000004 0.0013328734375 0.40925755781250006 0.001102934375 0.4087195640625 0.079112859375 0.435599125 0.08131939218749999 0.43580588750000004 0.0013328734375
0 0.5518566640625 0.00355295625 0.5462895375000001 0.1394629359375 0.57466593125 0.1400719234375 0.576113409375 0.1060815375 0.5818793296875 0.0046126796875 0.5518566640625 0.00355295625
0 0.59375 0.07265625 0.03125 0.14375
0 0.6049431203125 0.089655778125 0.6049431203125 0.11588401875000001 0.630591634375 0.11932811562500001 0.6347669734375 0.0933648140625 0.6396661953125 0.07487288125 0.6415270343749999 0.0022282937499999997 0.610907890625 0.0022282937499999997 0.6095161234375001 0.07879356093749999 0.6049431203125 0.089655778125
0 0.6701579328125 0.07773385000000001 0.6715497359375 0.0030230890625 0.6413282203125 0.0022282937499999997 0.6401352671875 0.07746890937499999 0.634568159375 0.0885960421875 0.6367552171875 0.104491946875 0.6321822515625 0.121977440625 0.65882486875 0.12250729687499999 0.6628013937499999 0.10846592343749999 0.663397871875 0.0893908375 0.6701579328125 0.07773385000000001
0 0.70276535625 0.0756143796875 0.7031630203125 0.0016984265625000002 0.6742247171875 0.0011685703125000001 0.6725438406250001 0.07932344062499999 0.667970875 0.08992069375 0.667374396875 0.1060815375 0.66260258125 0.12356703124999999 0.6876709765625 0.12496482812500001 0.6940170140624999 0.10952565781250001 0.69520996875 0.0923050796875 0.70276535625 0.0756143796875
0 0.732281803125 0.07667411406249999 0.7346677125000001 0.0016984265625000002 0.70384971875 0.0011685703125000001 0.7034520921875 0.07667411406249999 0.6962943671875 0.0901856328125 0.6958967046875 0.10899577812500001 0.688540165625 0.12383197187499999 0.7142077812500001 0.12416971875 0.7241299390625 0.10979057343750001 0.7233346484375 0.0907154890625 0.732281803125 0.07667411406249999
0 0.7623044703125 0.08091303125 0.76568451875 0.0032880171875 0.73645714375 0 0.73287828125 0.07932344062499999 0.7259193703125 0.0904505734375 0.7259193703125 0.1087308625 0.717369878125 0.12436182656250001 0.744918915625 0.1257599390625 0.752363209375 0.111645103125 0.751965546875 0.092834959375 0.7623044703125 0.08091303125