8 0.9330300890625001 0.00107515 0.065473109375 0 0.091770059375 0.9973989984375 0.85503253125 0.9973989984375 0.9330300890625001 0.00107515
7 0.28359375 0.09921875 0.0890625 0.06171875
7 0.36953125 0.10390625 0.08515625 0.0625
7 0.45546875 0.10703125 0.0828125 0.05859375
7 0.540625 0.11015625 0.0828125 0.0625
7 0.70546875 0.109375 0.07890625 0.0484375
0 0.621875 0.2765625 0.01875 0.05234375
0 0.6375 0.27421875 0.01640625 0.05078125
11 0.6598841203125 0.2919041578125 0.6650084171875 0.287687059375 0.665834915625 0.26536122500000003 0.663686025 0.2587875046875 0.6493049203125 0.2587875046875 0.6493049203125 0.258663471875 0.6468254203125 0.29029174687500003 0.6598841203125 0.2919041578125
11 0.6421157046875 0.375078078125 0.641107415625 0.3789689796875 0.6582482328125 0.379941696875 0.6618492453125 0.3748619171875 0.6630015734375 0.353137753125 0.6611290421875 0.3475175765625 0.64238308125 0.3475373171875 0.6422597437500001 0.3475175765625 0.6429799453125 0.352489271875 0.6421157046875 0.375078078125
11 0.41875 0.36015625 0.021875 0.034375
0 0.446875 0.36171875 0.03671875 0.071875
0 0.48359375 0.36171875 0.0359375 0.07421875
0 0.662851265625 0.380741615625 0.6633531687499999 0.3889012125 0.658501496875 0.38764588906249997 0.657330409375 0.39819060624999997 0.6912920796875001 0.3986927375 0.69179398125 0.3890267515625 0.69614375 0.387896959375 0.69614375 0.3812437421875 0.7036722015625 0.3798628890625 0.70634898125 0.3459691625 0.6988205296875 0.3448393703125 0.6991551359375 0.3405712765625 0.6944707609375 0.338939353125 0.6944707609375 0.33128188125 0.6613396609375 0.33003264374999997 0.660843684375 0.3410734 0.66536075 0.33868829218749996 0.6641896625 0.3470989515625 0.6712162109375 0.344462775 0.6688740234375 0.379737353125 0.662851265625 0.380741615625
0 0.6969802453125 0.3813692734375 0.6966456515624999 0.38827354999999997 0.691961278125 0.3890267515625 0.6909574875 0.398943796875 0.72491915625 0.39919486875 0.72609025625 0.3889012125 0.73077463125 0.3877714296875 0.7312765328124999 0.38187140468749997 0.7391395765625 0.38049055 0.7426528375 0.3469734203125 0.733786015625 0.34521596718750003 0.73478979375 0.3423287234375 0.7280978390625 0.33856275468749997 0.728599740625 0.3316584765625 0.69537133125 0.3311647625 0.6944707609375 0.337809559375 0.6991551359375 0.33944148125 0.6991551359375 0.3448393703125 0.706181684375 0.3453415015625 0.7036722015625 0.379737353125 0.6969802453125 0.3813692734375
0 0.733786015625 0.3450904359375 0.7414817499999999 0.3467223546875 0.7388049828125001 0.37998841875 0.73194571875 0.3817458734375 0.7304400390625 0.38802248906250003 0.7262575531250001 0.3895288734375 0.7254210578125 0.3990693375 0.7587135421875 0.3988182671875 0.76038653125 0.38877568125 0.766074684375 0.38877568125 0.7667438953125 0.38061608125 0.773603134375 0.38049055 0.7766145203125 0.34546703125 0.7677476734375001 0.344211709375 0.7692533781249999 0.34069680468749997 0.76155761875 0.339818078125 0.762896015625 0.3316584765625 0.7283312046875 0.3310244640625 0.7291016421875 0.33856275468749997 0.7344552015625 0.3417010625 0.733786015625 0.3450904359375
6 0.20546875 0.25703125 0.01328125 0.02421875
6 0.22265625 0.25703125 0.0140625 0.0234375
6 0.23984375 0.2578125 0.01328125 0.0234375
6 0.2578125 0.25859375 0.015625 0.0234375
6 0.275 0.259375 0.0140625 0.02421875
6 0.29375 0.2609375 0.015625 0.0234375
6 0.3125 0.26171875 0.01484375 0.0234375
6 0.33046875 0.26171875 0.015625 0.02421875
6 0.3484375 0.26328125 0.01484375 0.02421875
6 0.3671875 0.26328125 0.0140625 0.02421875
6 0.38359375 0.26328125 0.01484375 0.0234375
6 0.40078125 0.2640625 0.01484375 0.02421875
6 0.41796875 0.2640625 0.0140625 0.02421875
6 0.43671875 0.265625 0.0140625 0.02109375
6 0.45390625 0.26640625 0.0140625 0.0234375
6 0.47109375 0.2671875 0.0140625 0.021875
6 0.4875 0.2671875 0.0140625 0.02265625
6 0.50390625 0.26796875 0.01328125 0.0234375
6 0.5203125 0.26796875 0.01328125 0.0234375
6 0.53828125 0.2671875 0.015625 0.0234375
6 0.55390625 0.26875 0.01328125 0.0234375
6 0.1796875 0.34453125 0.015625 0.025
6 0.1984375 0.34453125 0.01484375 0.02578125
6 0.215625 0.34453125 0.015625 0.0234375
6 0.234375 0.3453125 0.0140625 0.02265625
6 0.26015625 0.35234375 0.01328125 0.02109375
6 0.2796875 0.35234375 0.0140625 0.02265625
6 0.3484375 0.35390625 0.0140625 0.0234375
6 0.365625 0.3546875 0.0140625 0.0234375
6 0.38125 0.35390625 0.0125 0.02265625
6 0.15625 0.47109375 0.01328125 0.0203125
6 0.17421875 0.47109375 0.01484375 0.021875
6 0.19140625 0.471875 0.0125 0.02265625
6 0.2078125 0.4703125 0.01484375 0.021875
6 0.22578125 0.47109375 0.01328125 0.02109375
6 0.24296875 0.4703125 0.01328125 0.021875
6 0.259375 0.471875 0.0109375 0.0203125
6 0.27265625 0.46953125 0.01640625 0.02265625
6 0.3421875 0.46953125 0.0125 0.02109375
6 0.3578125 0.4703125 0.01640625 0.02265625
6 0.425 0.4703125 0.01328125 0.02109375
6 0.440625 0.4703125 0.01484375 0.0203125
6 0.45625 0.4703125 0.01484375 0.021875
6 0.4734375 0.4703125 0.01328125 0.021875
6 0.4890625 0.47109375 0.01328125 0.02265625
6 0.55390625 0.4703125 0.0125 0.0203125
6 0.56875 0.4703125 0.01328125 0.02109375
6 0.58515625 0.4703125 0.01171875 0.0203125
6 0.67890625 0.47109375 0.01640625 0.02109375
6 0.69453125 0.4703125 0.01328125 0.02109375
6 0.709375 0.47109375 0.01328125 0.02265625
6 0.753125 0.471875 0.01796875 0.0234375
6 0.7734375 0.471875 0.01484375 0.0234375
6 0.18046875 0.58828125 0.01328125 0.02265625
6 0.19609375 0.5875 0.0140625 0.021875
6 0.21328125 0.5875 0.01484375 0.0234375
6 0.2296875 0.5875 0.01640625 0.0234375
6 0.24765625 0.5875 0.015625 0.0234375
6 0.2640625 0.58828125 0.0140625 0.02265625
6 0.28125 0.5875 0.0140625 0.02265625
6 0.2984375 0.5875 0.01484375 0.021875
6 0.315625 0.58828125 0.01484375 0.02265625
6 0.33203125 0.5875 0.0140625 0.02265625
6 0.3484375 0.5859375 0.0140625 0.02109375
6 0.36328125 0.5859375 0.0140625 0.0234375
6 0.38125 0.5859375 0.01484375 0.021875
6 0.396875 0.5859375 0.01484375 0.0234375
6 0.44453125 0.58515625 0.01484375 0.0234375
6 0.46171875 0.58515625 0.01328125 0.02421875
6 0.47734375 0.584375 0.01328125 0.02421875
6 0.49296875 0.584375 0.01328125 0.02265625
6 0.52421875 0.584375 0.01484375 0.0234375
6 0.53984375 0.584375 0.0125 0.0234375
6 0.55625 0.584375 0.0125 0.0234375
6 0.571875 0.584375 0.0140625 0.02265625
6 0.60234375 0.584375 0.0140625 0.02265625
6 0.61796875 0.58359375 0.01328125 0.02265625
6 0.63359375 0.584375 0.0140625 0.02421875
6 0.64921875 0.584375 0.0140625 0.0234375
6 0.66484375 0.584375 0.01328125 0.02421875
6 0.68046875 0.584375 0.01484375 0.02421875
6 0.6953125 0.584375 0.0140625 0.0234375
6 0.7109375 0.5828125 0.01328125 0.02265625
6 0.72578125 0.58359375 0.01328125 0.0234375
6 0.74140625 0.58359375 0.0125 0.021875
6 0.75703125 0.58359375 0.01484375 0.0234375
1 0.71328125 0.8953125 0.06875 0.03203125
2 0.38203125 0.90234375 0.0359375 0.06171875
5 0.246875 0.80625 0.01953125 0.03359375
5 0.26640625 0.80625 0.01875 0.03359375
5 0.28515625 0.80546875 0.01796875 0.03359375
5 0.3046875 0.80546875 0.01875 0.03515625
5 0.3234375 0.8046875 0.01875 0.03359375
5 0.3421875 0.80390625 0.0171875 0.03359375
5 0.36015625 0.80390625 0.01875 0.03359375
5 0.4203125 0.80078125 0.01796875 0.03515625
5 0.4375 0.8 0.01796875 0.03515625
5 0.45625 0.8 0.0171875 0.0359375
5 0.47421875 0.8 0.01796875 0.0359375
5 0.4921875 0.79921875 0.01796875 0.034375
5 0.51015625 0.7984375 0.01796875 0.034375
5 0.52734375 0.7984375 0.0171875 0.034375
5 0.621875 0.7953125 0.01875 0.0328125
5 0.6390625 0.7953125 0.0171875 0.0328125
5 0.65703125 0.79453125 0.01953125 0.03203125
5 0.675 0.79453125 0.0171875 0.03203125
5 0.6921875 0.79453125 0.0171875 0.0328125
5 0.709375 0.79375 0.01640625 0.03203125
5 0.7265625 0.79296875 0.01640625 0.03125
5 0.74375 0.79296875 0.0171875 0.03203125
5 0.409375 0.9078125 0.01875 0.034375
5 0.42734375 0.90703125 0.01875 0.034375
0 0.578125 0.2734375 0.025 0.06015625
0 0.60078125 0.2703125 0.01953125 0.0484375
0 0.67578125 0.27421875 0.01953125 0.0515625
0 0.69609375 0.2734375 0.01875 0.05234375
0 0.7140625 0.27578125 0.0171875 0.05234375
0 0.5125 0.36171875 0.0171875 0.0515625
0 0.5296875 0.36171875 0.01875 0.053125
0 0.5484375 0.36171875 0.01953125 0.05
0 0.5703125 0.3625 0.0203125 0.04921875
0 0.590625 0.36328125 0.01875 0.0515625
0 0.60859375 0.36484375 0.0171875 0.0484375
0 0.6265625 0.36328125 0.01875 0.05
7 0.19453125 0.08984375 0.09375 0.05234375
7 0.62421875 0.1078125 0.078125 0.05078125