8 0.018414443750000002 0 0.0044088734375 0.3431283140625 0.1189688734375 0.9939670390625001 0.96384916875 0.99975 0.99658041875 0.7806025390625 0.99658041875 0 0.018414443750000002 0
6 0.1984375 0.3625 0.02421875 0.03828125
6 0.2421875 0.3625 0.0265625 0.03671875
6 0.30703125 0.3625 0.021875 0.034375
6 0.328125 0.36328125 0.0203125 0.03515625
6 0.35078125 0.3640625 0.0234375 0.03515625
6 0.39140625 0.3625 0.021875 0.03203125
6 0.4140625 0.36171875 0.0203125 0.034375
6 0.496875 0.3609375 0.0203125 0.03203125
6 0.51953125 0.3609375 0.0203125 0.03125
6 0.540625 0.36171875 0.01875 0.034375
6 0.56171875 0.36171875 0.0171875 0.03203125
6 0.5828125 0.3609375 0.0234375 0.03125
6 0.6046875 0.3609375 0.0203125 0.03125
6 0.625 0.3609375 0.01875 0.03125
6 0.66796875 0.35859375 0.01953125 0.03046875
6 0.6890625 0.3578125 0.0171875 0.0296875
6 0.7515625 0.3578125 0.0234375 0.03125
6 0.77578125 0.35703125 0.01875 0.03046875
6 0.8 0.35703125 0.01953125 0.03203125
6 0.821875 0.35625 0.01640625 0.03203125
6 0.8421875 0.35625 0.01875 0.03203125
6 0.8640625 0.3546875 0.02109375 0.02890625
6 0.90390625 0.3546875 0.0234375 0.03203125
6 0.9296875 0.35546875 0.0234375 0.034375
6 0.17890625 0.5078125 0.01640625 0.03046875
6 0.19765625 0.50703125 0.0203125 0.0296875
6 0.2171875 0.50859375 0.0171875 0.03046875
6 0.240625 0.50703125 0.02265625 0.02734375
6 0.2828125 0.50625 0.02109375 0.03046875
6 0.34296875 0.50625 0.01953125 0.0296875
6 0.36484375 0.5078125 0.01640625 0.03125
6 0.38515625 0.50625 0.01796875 0.03125
6 0.40546875 0.5078125 0.01875 0.0328125
6 0.4265625 0.50625 0.01796875 0.03046875
6 0.44765625 0.5046875 0.0203125 0.02734375
6 0.46875 0.50390625 0.0171875 0.0296875
6 0.4875 0.5046875 0.01796875 0.0296875
6 0.50859375 0.5046875 0.01875 0.03203125
6 0.52890625 0.5046875 0.01796875 0.03046875
6 0.5484375 0.50546875 0.01640625 0.0296875
6 0.56796875 0.50390625 0.0171875 0.0296875
6 0.58984375 0.50390625 0.0171875 0.03125
6 0.61015625 0.503125 0.01875 0.0296875
6 0.63046875 0.50234375 0.01640625 0.0296875
6 0.6515625 0.50234375 0.01796875 0.028125
6 0.67109375 0.503125 0.01953125 0.02890625
6 0.69140625 0.5015625 0.01953125 0.02890625
6 0.71328125 0.5015625 0.0203125 0.0296875
6 0.73359375 0.50234375 0.01796875 0.03125
6 0.81484375 0.4984375 0.0234375 0.0296875
6 0.83671875 0.49921875 0.01953125 0.0296875
6 0.85703125 0.49765625 0.0203125 0.0296875
6 0.87890625 0.49765625 0.0203125 0.028125
6 0.90078125 0.4984375 0.01953125 0.03046875
11 0.26875 0.60234375 0.14921875 0.0390625
11 0.4359375 0.6 0.05078125 0.040625
11 0.56328125 0.59765625 0.06171875 0.040625
11 0.66171875 0.596875 0.0609375 0.04140625
11 0.721875 0.5953125 0.03828125 0.03984375
11 0.7796875 0.59453125 0.06796875 0.0390625
11 0.31796875 0.6640625 0.14609375 0.04453125
11 0.6203125 0.659375 0.4265625 0.04765625
1 0.7390625 0.965625 0.09375 0.06875
1 0.82734375 0.965625 0.0828125 0.06796875
2 0.590625 0.7546875 0.046875 0.08125
0 0.421875 0.240625 0.05234375 0.09765625
0 0.47265625 0.2390625 0.04765625 0.096875
0 0.56640625 0.2359375 0.04765625 0.096875
0 0.61640625 0.23671875 0.04921875 0.0984375
0 0.6671875 0.23671875 0.05 0.1
0 0.6977715203125 0.20652477343750003 0.6937179984374999 0.255189565625 0.6869621296874999 0.259244965625 0.689394246875 0.2673557640625 0.6839895515625 0.2712083890625 0.6834490703125 0.2856050546875 0.727767575 0.2829690546875 0.729388978125 0.2714111640625 0.7342532125 0.2659363734375 0.73533415625 0.2598532734375 0.7429007171875 0.257420046875 0.745062603125 0.20591645781249998 0.7337127515625 0.19922504531250002 0.7339829812499999 0.186856075 0.6940105062499999 0.18781055625 0.6931775375 0.1878699296875 0.6880430734375 0.1951696453125 0.6977715203125 0.20652477343750003
0 0.7456030640625 0.2053081453125 0.745062603125 0.2535674 0.7350639250000001 0.2596504984375 0.73533415625 0.2653280640625 0.72749734375 0.2714111640625 0.729388978125 0.2835773546875 0.7739777140624999 0.2827662875 0.7755991390625 0.2708028484375 0.7850573546875 0.26695022343749997 0.78424664375 0.256406196875 0.7939750906249999 0.2527563234375 0.7961369765625 0.20510537499999998 0.781003834375 0.196994575 0.7812740640625 0.1854366875 0.7347936734375 0.186653309375 0.7342532125 0.1864505375 0.7347936734375 0.1982111953125 0.7456030640625 0.2053081453125
0 0.7942453406250001 0.2527563234375 0.7853275859375 0.2543784984375 0.7853275859375 0.26634191406249996 0.7753288875 0.2708028484375 0.7750586562499999 0.2825635046875 0.8223497390625001 0.28215797187499997 0.8239711640625 0.271005621875 0.8342400937500001 0.26451699687499997 0.83342938125 0.25721726562499997 0.843428059375 0.253161865625 0.8464006578125 0.20551092343750002 0.8291056093750001 0.1982111953125 0.8304567828125 0.18523391718749999 0.78370618125 0.18523391718749999 0.78370618125 0.1955751875 0.7972178984375 0.20510537499999998 0.7942453406250001 0.2527563234375
0 0.846015359375 0.2518455296875 0.8346655078125 0.2565092234375 0.8338547953125 0.26522833125 0.8241263484375001 0.2713114375 0.822775175 0.2822610203125 0.8700662578125 0.28063885312500003 0.868715084375 0.2694865046875 0.881145878125 0.263606171875 0.881145878125 0.254684296875 0.8938469250000001 0.2528593796875 0.8976301953125001 0.20257240625 0.8781732999999999 0.193650528125 0.8776328390625 0.1839175703125 0.8311774171874999 0.18426313593750002 0.82953104375 0.19709761875 0.8481772453125 0.20520841875 0.846015359375 0.2518455296875
0 0.8954683296875 0.25002058125 0.8806054171875 0.2536704484375 0.8800649359375001 0.2629978796875 0.868715084375 0.2688781890625 0.8692555453124999 0.2810443875 0.916276396875 0.2804360875 0.9165466484374999 0.267053278125 0.9289774218750001 0.263606171875 0.9292476734375 0.2534676734375 0.9430296625000001 0.2508316796875 0.94789385625 0.19892255625 0.9187085343750001 0.19263667812500002 0.9170871093749999 0.1827009578125 0.8788142015625 0.18350297499999998 0.8787137609375 0.19283945625 0.8992516203124999 0.20399180156250002 0.8954683296875 0.25002058125
10 0.58125 0.8734375 0.08359375 0.06171875
10 0.6640625 0.8734375 0.08203125 0.06328125
10 0.746875 0.87109375 0.084375 0.06015625
10 0.83125 0.87109375 0.08203125 0.0609375
9 0.44609375 0.76015625 0.0234375 0.0734375
9 0.46875 0.759375 0.0203125 0.0734375
9 0.49140625 0.75859375 0.02265625 0.07265625
9 0.5140625 0.759375 0.021875 0.07421875
9 0.53515625 0.7578125 0.02109375 0.0734375
9 0.55625 0.75859375 0.0203125 0.075
9 0.19396306562500001 0.77155304375 0.19565914375 0.7818614937499999 0.20193462968749998 0.7900064453125 0.2031218796875 0.798914984375 0.2251709015625 0.798914984375 0.2253405203125 0.7916608921875 0.21940424531249997 0.78237055625 0.2160120875 0.7684986859375 0.2175385484375 0.755008615625 0.2239836515625 0.7457182859375 0.222626784375 0.7293011171875 0.20057776249999998 0.728155734375 0.20006894531250002 0.7448274265625 0.19430227656250001 0.7530996437499999 0.19396306562500001 0.77155304375
9 0.2161816921875 0.7664624515625 0.21889541562499998 0.7816069640625 0.2246620859375 0.79038824375 0.225510125 0.7980241343750001 0.24688072499999997 0.7987877218749999 0.24518463437500002 0.7907700328125 0.23975718750000002 0.7737165484374999 0.23873952968749998 0.7564085265625 0.2446758046875 0.747372725 0.2445062 0.7298101765625 0.2224776375 0.7292016390625 0.2233052171875 0.746100075 0.217708165625 0.7538632296875 0.2161816921875 0.7664624515625
9 0.260887653125 0.773398290625 0.26258373125 0.784343075 0.26767196718749997 0.7929970734375 0.26801117812499997 0.7998693765625 0.2897209890625 0.7989785265625 0.289551384375 0.7913426359375 0.2853111875 0.7849794 0.2831062796875 0.7707257265624999 0.2819190296875 0.7560902703125 0.28683766093749996 0.7460363531249999 0.28615922656250004 0.730382775 0.26403846249999996 0.730473909375 0.265636678125 0.7460363531249999 0.2603788234375 0.754054034375 0.260887653125 0.773398290625
9 0.282936675 0.76665325 0.283615109375 0.7824341031250001 0.289551384375 0.7905790390625 0.289551384375 0.799487578125 0.310752365625 0.79961485 0.310921971875 0.7949060453125 0.3056641296875 0.7885428046875 0.30413765625 0.7789979406249999 0.3031200125 0.75659933125 0.3099043265625 0.742600196875 0.3088866828125 0.7289828609375 0.2867272796875 0.72904260625 0.28768570000000004 0.7460363531249999 0.28276706875 0.754435828125 0.282936675 0.76665325
9 0.3039680515625 0.7848521265625 0.3104131421875 0.7940151953125001 0.3105827609375 0.7998693765625 0.3333102171875 0.7992330515625 0.33500629531250004 0.79516058125 0.32771315156249997 0.7900699875 0.32703471875 0.7809069140625 0.32635628437499997 0.7559630078125 0.3324621765625 0.74234566875 0.3319533484375 0.724910384375 0.3094160984375 0.7245896609375 0.3105827609375 0.74170934375 0.3031200125 0.7563448015625001 0.3039680515625 0.7848521265625
9 0.6907427796875 0.7479866515625 0.688052821875 0.778767321875 0.685867225 0.7781365703125 0.6843541203125 0.791508503125 0.7058738015625 0.792013096875 0.706210040625 0.7857055828124999 0.70923625 0.7845702375 0.7127668203125 0.748995853125 0.7080593984375 0.73865153125 0.7080593984375 0.7213689421875 0.6858854109375 0.7210813921875 0.686371596875 0.7213689421875 0.6851947328125 0.737642328125 0.6907427796875 0.7479866515625
9 0.70923625 0.78356103125 0.7055375609375 0.7857055828124999 0.70570568125 0.792013096875 0.7268891234375 0.7921392546875 0.728065975 0.78507483125 0.7331096484375 0.7824256765625 0.736303965625 0.7488697046875 0.72907469375 0.7373900296875 0.73075591875 0.72187354375 0.70923625 0.72187354375 0.707050653125 0.736759278125 0.7137755515624999 0.747860503125 0.70923625 0.78356103125
9 0.733614021875 0.7815426296875 0.7277297359375 0.7853271375 0.7275616015625 0.7923915515625 0.7480725390625 0.7925177 0.7516031203125 0.7845702375 0.7559742890625001 0.773090559375 0.7579917796875 0.748238953125 0.7516031203125 0.7387776796875001 0.7522756 0.7219996937500001 0.731706390625 0.7212390328125 0.729410959375 0.737263878125 0.735295246875 0.7476082015625 0.733614021875 0.7815426296875
9 0.7564057046875 0.7748892781250001 0.7533794953124999 0.7784214890625 0.747663328125 0.7925503171875 0.76884675625 0.7920457140625 0.7727135796875 0.7838459453125 0.7782616250000001 0.7738800765625 0.7799428500000001 0.7466316125 0.7742266843750001 0.7385579984375 0.7759079078125 0.72089695625 0.7529353765625 0.7210813921875 0.75153015 0.73780109375 0.7582550484375 0.74738851875 0.7564057046875 0.7748892781250001
9 0.7769213859375 0.7809429999999999 0.774063309375 0.782078340625 0.769860246875 0.7915396109375 0.7902030640625 0.7906565624999999 0.7923886484375 0.7827090921875001 0.795582978125 0.78258294375 0.8019716359375 0.7687064125 0.803484740625 0.7475131671875 0.7952467375000001 0.73691654375 0.79961791875 0.722156959375 0.7769213859375 0.72102160625 0.774063309375 0.7370426921875 0.7804519546875001 0.7470085640625 0.7769213859375 0.7809429999999999
9 0.8026441296875 0.767066459375 0.7959192296875 0.7824567953125 0.793061140625 0.7829613984375 0.790371184375 0.7915396109375 0.8128995968750001 0.7928011140625 0.8127314765625 0.78333984375 0.8251725421874999 0.7824567953125 0.8278624859375 0.7467562671875 0.817270778125 0.733510490625 0.8208013484375 0.71761555 0.79896654375 0.7171403671875 0.794910484375 0.735528890625 0.805670325 0.746125515625 0.8026441296875 0.767066459375
7 0.271875 0.04140625 0.1171875 0.065625
7 0.38671875 0.03984375 0.109375 0.06171875
7 0.5 0.0375 0.11171875 0.05859375
7 0.6140625 0.0375 0.10703125 0.06171875
7 0.15546875 0.040625 0.1171875 0.0640625
9 0.217302575 0.8704468390625 0.21970625312499997 0.903212221875 0.22451362656249998 0.9042643171875 0.22591576875000002 0.9090739093750001 0.24554586562499997 0.9089236109375 0.244744634375 0.9045649125 0.23993726249999997 0.902911615625 0.2371329609375 0.8721001359375 0.24334249218749998 0.8623306421875 0.2421406375 0.8448958531249999 0.221676546875 0.844659784375 0.22030718125 0.8436934609375 0.22210993281250002 0.8605270421875 0.217302575 0.8704468390625
9 0.23920181562499998 0.9017071734375 0.24483476718750002 0.9047959062500001 0.2457013796875 0.908860015625 0.2634668609375 0.9083723171875 0.26303354843750004 0.9043082078125 0.2591338203125 0.9033328234375 0.2589171546875 0.8727707171875 0.2641168078125 0.8610660812500001 0.26303354843750004 0.8452973453125001 0.24247395468750002 0.8451241328125001 0.24396817187500003 0.8620414703125 0.2368186453125 0.8704948187499999 0.23920181562499998 0.9017071734375
9 0.2595671171875 0.9021948656250001 0.26368351093750003 0.9041456453125001 0.26368351093750003 0.908860015625 0.2846987578125 0.908534878125 0.28339884843749996 0.9038205093749999 0.27993241874999997 0.9023574406250001 0.278632509375 0.871307640625 0.2836154984375 0.861716340625 0.28274888593749997 0.84562246875 0.26333018125 0.8459367125 0.2641168078125 0.860090696875 0.259783765625 0.8708199437499999 0.2595671171875 0.9021948656250001
9 0.280365715625 0.9026825640625 0.2831822 0.9041456453125001 0.2842654609375 0.908860015625 0.3059306703125 0.9082097546875 0.3050640765625 0.9025200015625 0.300731034375 0.9012194812500001 0.3000810703125 0.8719578953125 0.303547484375 0.8613912109375 0.30419744843749996 0.844972209375 0.2839155484375 0.8455304234375 0.28383214687499997 0.861716340625 0.27928245625 0.8700071218750001 0.280365715625 0.9026825640625
9 0.30094766562499997 0.9021948656250001 0.3059306703125 0.903657946875 0.30701393125 0.908697440625 0.3260793234375 0.908534878125 0.3258626578125 0.9044707687500001 0.323046175 0.9030076875 0.3197963921875 0.871632765625 0.323912803125 0.8622040328124999 0.32456276562499997 0.8452973453125001 0.30423005625 0.844311553125 0.30419744843749996 0.8607409578125 0.29986440625 0.87065738125 0.30094766562499997 0.9021948656250001
9 0.321312984375 0.8696819984375 0.3232628390625 0.9026825640625 0.3267292859375 0.9043082078125 0.327162584375 0.908860015625 0.34752786874999997 0.9082097546875 0.34774453437499997 0.903657946875 0.3438447890625 0.9031702625 0.3412449703125 0.872283025 0.344711384375 0.8622040328124999 0.345144715625 0.845459903125 0.32562800468750003 0.84573356875 0.32542936093749997 0.84562246875 0.32542936093749997 0.861716340625 0.321312984375 0.8696819984375
9 0.3434114921875 0.9020323046875 0.3466612734375 0.9038205093749999 0.34687790625 0.9080471937500001 0.367676521875 0.9083723171875 0.3678931859375 0.903657946875 0.3635601453125 0.9025200015625 0.36096029218750003 0.873095846875 0.365076703125 0.8612286484375 0.36551 0.8457850312499999 0.34485907031249996 0.845327278125 0.34492805 0.8607409578125 0.341894934375 0.8708199437499999 0.3434114921875 0.9020323046875
9 0.3618269203125 0.8703322515625 0.3639934421875 0.9020323046875 0.3678931859375 0.9033328234375 0.3670265578125 0.908534878125 0.388258471875 0.9080471937500001 0.3867419140625 0.9010569203125 0.3837087640625 0.9023574406250001 0.38240887031250004 0.8729332843750001 0.3852253546875 0.8618789031249999 0.3854419875 0.8462727250000001 0.365726665625 0.8459475953125001 0.36551 0.8457850312499999 0.365076703125 0.8613912109375 0.3618269203125 0.8703322515625
0 0.52109375 0.23359375 0.03125 0.0796875