8 0.5 0.5 0.99921875 1
0 0.3296875 0.096875 0.0609375 0.11328125
0 0.38671875 0.09921875 0.053125 0.115625
0 0.4875 0.1 0.053125 0.10859375
0 0.5375 0.1015625 0.05546875 0.1109375
0 0.5650267828125 0.11484410781250001 0.5612112515625001 0.1226522328125 0.5608643890625 0.13306306406249999 0.5573957187499999 0.1385287671875 0.5573957187499999 0.153364184375 0.6045696265625 0.1541450046875 0.6049164874999999 0.1393095578125 0.61011949375 0.1335835984375 0.61046638125 0.1221316890625 0.616363109375 0.11614546249999999 0.61879116875 0.0635707546875 0.60977263125 0.060968046875 0.60977263125 0.04899559375 0.559068975 0.047550353125 0.5601706656250001 0.060187246875 0.5664142562500001 0.0633104875 0.5650267828125 0.11484410781250001
0 0.6153224984375 0.11614546249999999 0.61011949375 0.1210906015625 0.6094257703125 0.1341041421875 0.6045696265625 0.13956983437499998 0.6042227640625 0.153364184375 0.6524372828125 0.15570662500000002 0.6524372828125 0.1393095578125 0.6583340109375 0.1341041421875 0.6572934265625 0.12473439687500001 0.6666588250000001 0.11744681718750001 0.6687400218749999 0.0643515703125 0.6565996765625 0.0617488625 0.6565996765625 0.051338029687499995 0.609806696875 0.049501803125 0.6090789078125 0.0599269640625 0.6177505828125 0.0635707546875 0.6153224984375 0.11614546249999999
0 0.6676994359374999 0.1164057296875 0.659721484375 0.12317276562499999 0.6590277609374999 0.13436441875 0.6524372828125 0.1416519984375 0.6524372828125 0.1546655390625 0.6999580515625 0.1549258046875 0.7003049140625001 0.141391721875 0.707936003125 0.135665771875 0.707589115625 0.12421387343750001 0.717648290625 0.11718653906250001 0.720770071875 0.0646118421875 0.7058547796875 0.062009134375 0.7055079453124999 0.051338029687499995 0.6575088296875 0.0501522875 0.6562528140625 0.060968046875 0.6687400218749999 0.0646118421875 0.6676994359374999 0.1164057296875
0 0.717648290625 0.1177070828125 0.7086297265625 0.12291251875 0.7086297265625 0.1346247046875 0.7003049140625001 0.141391721875 0.7006518015625 0.155186071875 0.7443570390625001 0.154405271875 0.7464382609375 0.14191226562499998 0.756497384375 0.135926059375 0.7575379953125 0.12421387343750001 0.7675971171875 0.1177070828125 0.7724532875000001 0.0661734671875 0.7537224375 0.062529671875 0.7537224375 0.05185856875 0.706945584375 0.0508027703125 0.7055079453124999 0.061228318749999996 0.7200763484375 0.0653926625 0.717648290625 0.1177070828125
0 0.7675971171875 0.1153646421875 0.755456771875 0.12473439687500001 0.756844271875 0.1348849515625 0.7460913734375 0.14321361875 0.7447039265625001 0.1549258046875 0.7922246953125 0.15596689218749998 0.79291841875 0.14191226562499998 0.8036713171875001 0.13540549531249998 0.804365040625 0.1244741203125 0.8165053859375 0.1187481703125 0.8210146671875 0.066954278125 0.8022838171875 0.0635707546875 0.8022838171875 0.0531599234375 0.7533467484374999 0.051453254687500005 0.7533756015625 0.06305021562499999 0.7707189515625 0.06747482187500001 0.7675971171875 0.1153646421875
0 0.817199109375 0.11744681718750001 0.804711875 0.1244741203125 0.8036713171875001 0.13514522812500002 0.7939590296875 0.1416519984375 0.79326530625 0.1546655390625 0.839398575 0.155446359375 0.8407860749999999 0.141131475 0.8498045859375001 0.135665771875 0.8529264203125001 0.1218714125 0.8650667656250001 0.11822762656250001 0.8692291593749999 0.0646118421875 0.8525795328125 0.061228318749999996 0.852232696875 0.054201009375 0.8032171578125 0.053404704687500006 0.8019369812500001 0.0635707546875 0.8203208906249999 0.0672145453125 0.817199109375 0.11744681718750001
11 0.1703125 0.490625 0.16953125 0.040625
11 0.35234375 0.4890625 0.05234375 0.0453125
11 0.4875 0.4859375 0.06015625 0.04296875
11 0.5859375 0.48359375 0.06328125 0.0421875
11 0.64921875 0.4859375 0.03515625 0.0421875
11 0.7046875 0.48359375 0.06875 0.0421875
11 0.22578125 0.56015625 0.16484375 0.04609375
11 0.756534721875 0.5712458140625001 0.7578827765625 0.539129875 0.74305395625 0.529773253125 0.3227461875 0.5355895296875001 0.3166855078125 0.546969196875 0.3173595359375 0.578326503125 0.756534721875 0.5712458140625001
6 0.090625 0.2171875 0.03046875 0.03828125
1 0.6343271703125 0.9135127015625001 0.6279132093750001 0.9094218875 0.6288753125000001 0.9207317515625 0.7048807390625 0.9173628390624999 0.705522125 0.9135127015625001 0.7122568031250001 0.9137533156250001 0.71674655625 0.8827114078125 0.7100119265625 0.8718828343749999 0.7116154171875 0.8545571125 0.630799496875 0.8569634625000001 0.630158109375 0.87356728125 0.633365090625 0.8839145828125 0.6343271703125 0.9135127015625001
1 0.71386029375 0.910865703125 0.7045600703125 0.91279078125 0.704239353125 0.9180847515625 0.7840931453125 0.91279078125 0.7837724765625 0.9079780812499999 0.791789928125 0.908699984375 0.7969210671875 0.8762142609374999 0.788903615625 0.86514505625 0.791789928125 0.8519101359375 0.71254898125 0.8540604484375001 0.7106533140625 0.869476484375 0.7157845015625 0.8810269609375 0.71386029375 0.910865703125
2 0.49175981406249997 0.6428330390625 0.49198351406249996 0.68177536875 0.4895227859375 0.6811039531249999 0.4886279703125 0.6935252078125 0.533592234375 0.69251808125 0.5324737203125001 0.682446790625 0.5365003781250001 0.682446790625 0.5362766796875 0.6428330390625 0.53448705 0.6330974578124999 0.53448705 0.61278701875 0.49108869843749997 0.6126191671875 0.4908649984375 0.61312273125 0.4892990859375 0.630915346875 0.49175981406249997 0.6428330390625
9 0.12032766875 0.816667540625 0.1259434046875 0.817447865625 0.1267753703125 0.824002596875 0.1710773296875 0.8229101453125001 0.1708693421875 0.8171357406249999 0.1656695796875 0.8151068890625 0.1615097703125 0.801529234375 0.1615097703125 0.7817089484374999 0.168165475 0.7714086531250001 0.1671255234375 0.75314903125 0.12053565625 0.7534611625000001 0.12219957031249999 0.7718768468749999 0.1178317734375 0.7801482984375 0.12032766875 0.816667540625
9 0.16046981875 0.7973154625000001 0.16400566562500002 0.8146386953125001 0.17045336718749998 0.817447865625 0.1712853328125 0.8229101453125001 0.21579529531250002 0.8218176953125 0.2151713171875 0.8149508203125 0.21101150781250003 0.8141704953125 0.2076836640625 0.7999685828125 0.2074756609375 0.7809286234374999 0.212883409375 0.769067675 0.2130914125 0.7522126453125 0.1669920625 0.7536095609375 0.16733351093749999 0.771096521875 0.1623417359375 0.779836165625 0.16046981875 0.7973154625000001
9 0.208013334375 0.7964579171875 0.20988525156249999 0.8125326234375001 0.21404506093750003 0.8144054125 0.21466903906249998 0.8222086687499999 0.261050903125 0.82189653125 0.260842915625 0.8147175375 0.2546032015625 0.8125326234375001 0.2518993359375 0.79895495625 0.2523153109375 0.779446815625 0.257099096875 0.76899045625 0.25605914531249996 0.7516672234375 0.213277625 0.7520493734375 0.21321309687499998 0.76821013125 0.20780534843749998 0.779915015625 0.208013334375 0.7964579171875
9 0.25210732343750003 0.7786664890624999 0.253979240625 0.8114401671874999 0.2602189546875 0.81346901875 0.2600109515625 0.82189653125 0.30327297343750004 0.8186191671874999 0.30327297343750004 0.8070703437500001 0.2999451296875 0.8097234640625001 0.2982812 0.7780422328125 0.3005690921875 0.7705511078125 0.2999451296875 0.750418703125 0.25670284374999996 0.7516593265625 0.2562671328125 0.7515111609375 0.25689109375 0.76821013125 0.25210732343750003 0.7786664890624999
10 0.463575821875 0.8060177875000001 0.461703896875 0.8053935125 0.462327875 0.8128846375000001 0.5026780203125 0.8106997421875001 0.5026780203125 0.80492531875 0.5049659125 0.8044571359375 0.5057978765625 0.770903121875 0.5041339625 0.760602828125 0.5041339625 0.7434356578125 0.46238755937500003 0.7446384828125 0.46191189218749995 0.7620074078125 0.46315983125000004 0.7690303390625 0.463575821875 0.8060177875000001
10 0.5028860078124999 0.8105436671874999 0.5438601390625 0.8100754671875 0.544068125 0.8028964843749999 0.5465640046875 0.802272209375 0.548643909375 0.7694985328125 0.54573205625 0.75966643125 0.5461480296875 0.74187500625 0.5047726531250001 0.7434683421875 0.505173915625 0.8044571359375 0.5026780203125 0.80492531875 0.5028860078124999 0.8105436671874999
10 0.5478281828125 0.8019589249999999 0.54429234375 0.8024271187500001 0.54429234375 0.80976218125 0.5858904359375 0.8080454609375 0.5863064265625 0.8014907250000001 0.589842259375 0.80086646875 0.5917141765625 0.768717046875 0.58838633125 0.7576364250000001 0.58859431875 0.7395328703125 0.546377653125 0.7415181078125 0.545540290625 0.7576364250000001 0.5490761234375 0.7670003328125 0.5478281828125 0.8019589249999999
10 0.5900502453125 0.8000861421875 0.5858904359375 0.8019589249999999 0.5854744625 0.8077333296875 0.625824615625 0.806796953125 0.625824615625 0.7999300734375 0.6314403515625 0.798993696875 0.63352025625 0.76512755 0.629360446875 0.75732429375 0.629776421875 0.7384404140624999 0.589022778125 0.7395678734375 0.5877623546875 0.7556075765625 0.5915061890625 0.7662200078125 0.5900502453125 0.8000861421875
10 0.6322866406250001 0.7984086265625 0.6272948734375 0.7996571343750001 0.627086878125 0.806055809375 0.6686849796875001 0.8051194140625 0.6688929671875 0.7984086265625 0.6738847406249999 0.7971600953125 0.6755486546875 0.7640742859375 0.6713888453125 0.75408611875 0.6720128234375 0.7367628875000001 0.6306277765625 0.7376176390625 0.63062271875 0.75533464375 0.6343665453125 0.7646985484375 0.6322866406250001 0.7984086265625
10 0.67534066875 0.79575550625 0.6686849796875001 0.7977843515624999 0.6674370406250001 0.8049633515625001 0.7090351328125 0.8040269578125001 0.7096590953125 0.7962237 0.715274846875 0.795443375 0.7173547515625 0.7612651125000001 0.7121549890625001 0.7531497265625 0.7136109171875 0.7366068234375 0.6726368015624999 0.73645075625 0.6713888453125 0.7528375953124999 0.67492469375 0.7617333093750001 0.67534066875 0.79575550625
10 0.715482834375 0.79481911875 0.70986708125 0.7962237 0.7084111546875 0.80371483125 0.7495932734374999 0.8019981125 0.7489692953125 0.79497518125 0.754793034375 0.7931023984375 0.75916083125 0.7598605265625 0.7541690578125 0.751433015625 0.75437704375 0.7355143671875 0.71465086875 0.735826496875 0.711739 0.7529936671875 0.7171467484375 0.7609529828125 0.715482834375 0.79481911875
10 0.755001021875 0.7929463359375 0.7489692953125 0.7951312500000001 0.7504252218749999 0.8015299296875 0.788903475 0.7996571343750001 0.7897354234375 0.7923220718749999 0.7974310640625 0.791853878125 0.79909499375 0.75861200625 0.7941032359375 0.750028425 0.7934792578125001 0.7323930640625 0.7541426203125 0.7354723812499999 0.7537530828125 0.75112088125 0.758744840625 0.759236271875 0.755001021875 0.7929463359375
6 0.1375 0.21875 0.028125 0.03828125
6 0.2078125 0.21953125 0.02109375 0.0359375
6 0.23046875 0.2203125 0.0203125 0.03515625
6 0.2546875 0.22109375 0.021875 0.03515625
6 0.3015625 0.22265625 0.021875 0.0375
6 0.32421875 0.2234375 0.0203125 0.03984375
6 0.4140625 0.22421875 0.0171875 0.03515625
6 0.43671875 0.2234375 0.01875 0.0359375
6 0.459375 0.22421875 0.01875 0.034375
6 0.48125 0.2234375 0.0171875 0.03515625
6 0.50390625 0.225 0.015625 0.034375
6 0.52578125 0.22421875 0.01796875 0.0359375
6 0.54765625 0.2234375 0.01875 0.0375
6 0.59140625 0.2265625 0.01875 0.0359375
6 0.6140625 0.22578125 0.01875 0.03515625
6 0.678125 0.22578125 0.01796875 0.034375
6 0.7015625 0.2265625 0.01875 0.0359375
6 0.7234375 0.22578125 0.021875 0.0359375
6 0.74609375 0.225 0.01875 0.0359375
6 0.76796875 0.225 0.0171875 0.0359375
6 0.78828125 0.22578125 0.015625 0.0359375
6 0.82890625 0.22421875 0.0203125 0.0328125
6 0.8515625 0.22421875 0.01953125 0.034375
6 0.06796875 0.378125 0.02109375 0.03046875
6 0.0890625 0.378125 0.01875 0.03125
6 0.11015625 0.378125 0.0203125 0.03046875
6 0.1359375 0.37890625 0.021875 0.03203125
6 0.18359375 0.3796875 0.0234375 0.03125
6 0.24921875 0.38046875 0.01953125 0.03125
6 0.271875 0.38046875 0.01953125 0.03203125
6 0.29453125 0.38046875 0.0203125 0.03125
6 0.31796875 0.38046875 0.0203125 0.0328125
6 0.33984375 0.38125 0.01796875 0.03203125
6 0.3625 0.38046875 0.01796875 0.03203125
6 0.384375 0.3796875 0.01875 0.03125
6 0.40546875 0.38046875 0.01796875 0.03203125
6 0.4265625 0.3796875 0.01796875 0.03359375
6 0.44921875 0.3796875 0.01875 0.03125
6 0.4703125 0.38046875 0.0171875 0.03203125
6 0.490625 0.3796875 0.01796875 0.03046875
6 0.5125 0.3796875 0.0171875 0.0328125
6 0.53359375 0.3796875 0.01640625 0.02890625
6 0.5546875 0.3796875 0.01796875 0.03046875
6 0.57578125 0.37890625 0.0171875 0.0296875
6 0.596875 0.37890625 0.0171875 0.03046875
6 0.61796875 0.37890625 0.01640625 0.0296875
6 0.63828125 0.37890625 0.0171875 0.0328125
6 0.659375 0.378125 0.01875 0.03203125
6 0.74296875 0.3765625 0.01875 0.03125
6 0.7625 0.3765625 0.01875 0.03125
6 0.78515625 0.378125 0.01875 0.03125
6 0.80546875 0.3765625 0.0171875 0.03046875
6 0.82578125 0.37734375 0.0203125 0.03203125
9 0.091149709375 0.664944790625 0.08946570937500001 0.672052496875 0.0924127296875 0.6783704687500001 0.09388623125 0.688795090625 0.09914875937499999 0.6919540765625001 0.10020126562500001 0.70316845625 0.1254614046875 0.7034843484375 0.123566890625 0.6910063859375 0.11788336562499999 0.685952009375 0.11493634687500001 0.6515191234375 0.12125138124999998 0.6448852625 0.12125138124999998 0.6260893359375 0.0964122390625 0.626563178125 0.09746474375 0.6429898734374999 0.08967620781249999 0.650887325 0.091149709375 0.664944790625
9 0.11788335000000001 0.6872156 0.125250890625 0.6917961312500001 0.1265139109375 0.7023787109375 0.1492480265625 0.7023787109375 0.14840601874999998 0.69290176875 0.1441959953125 0.68895304375 0.139985971875 0.677738659375 0.139354478125 0.6530986140625 0.1465115203125 0.6459909078125 0.1452485015625 0.626563178125 0.12190040312499999 0.6257264796875 0.12167237812500001 0.645043215625 0.11493634687500001 0.650887325 0.11788335000000001 0.6872156
9 0.1629306015625 0.6752114890625001 0.1667196296875 0.6905325328125 0.1715611453125 0.6932176625 0.17219265625 0.7022207640625 0.1966107875 0.7017469125 0.194505775 0.683108940625 0.190295753125 0.6810555921875 0.187559246875 0.6723683953124999 0.18798024375 0.652466815625 0.193242771875 0.645043215625 0.192190265625 0.6262472796874999 0.1671656671875 0.62671336875 0.168403628125 0.6440955171875 0.163772609375 0.652150921875 0.1629306015625 0.6752114890625001
9 0.1904687984375 0.6904137890625 0.1946788203125 0.69167736875 0.1961523234375 0.7016281609374999 0.219096953125 0.70131225625 0.21741293593750002 0.691519421875 0.21320291406249997 0.690097878125 0.20983489843749997 0.681884528125 0.2121504078125 0.673039384375 0.20983489843749997 0.6506106218750001 0.218675940625 0.6384485484375 0.21678144375000002 0.6247069875 0.192956340625 0.625134346875 0.193626315625 0.6430290703125 0.1883637859375 0.6526639578125 0.1904687984375 0.6904137890625
1 0.21193990937499999 0.674460928125 0.20899289062499998 0.6798311906250001 0.2117294125 0.6880445546875 0.21720243906249997 0.691519421875 0.219096953125 0.7009963625 0.241199575 0.7009963625 0.24035756562500002 0.69167736875 0.23635804062500002 0.6888342984375 0.234463528125 0.6836219703124999 0.237410546875 0.674460928125 0.234463528125 0.650452675 0.24183106875 0.6397121453125 0.24098907656250002 0.6191787671875 0.21743116406250002 0.619410396875 0.2184654421875 0.6375008546875 0.2108874046875 0.6510844671875 0.21193990937499999 0.674460928125
9 0.34863981875 0.6649065328125 0.3532708375 0.6851240125 0.353902346875 0.695232746875 0.37600496875 0.695232746875 0.3757944546875 0.6764368171874999 0.37305795 0.6680655140625 0.3734789453125 0.64595265 0.37495246249999997 0.63916084375 0.3745314515625 0.617995675 0.35112159374999996 0.618423509375 0.35137632343749997 0.6380551984375 0.349481809375 0.6437413671875001 0.34863981875 0.6649065328125
9 0.374320953125 0.6579567796875 0.37305795 0.6661701296875 0.3751629609375 0.67406758125 0.3766364625 0.6950748 0.3995810921875 0.6947589062499999 0.40021260156249994 0.673909628125 0.39768657812499997 0.6716983453125 0.39747608125 0.6467423953125 0.3989495828125 0.6364757078125 0.398739084375 0.6183115734375 0.375333246875 0.618423509375 0.37558395624999996 0.6377393062500001 0.3741104546875 0.646110603125 0.374320953125 0.6579567796875
9 0.396423575 0.6709086 0.4006335984375 0.6743834750000001 0.3995810921875 0.694916853125 0.42084170624999995 0.6942850546875 0.4218942125 0.673909628125 0.4210522046875 0.662537296875 0.42126271875 0.6464265015625 0.422104709375 0.6341064765625 0.4223152234375 0.617995675 0.3998080703125 0.618028753125 0.399160096875 0.635843915625 0.39747608125 0.6454788046875 0.396423575 0.6709086
9 0.42084170624999995 0.6781742656249999 0.4206312078125 0.6941271078125 0.44336534062500005 0.6931794171875 0.44399683437500004 0.67154039375 0.4452598375 0.66269525 0.4452598375 0.6183115734375 0.42420972187499995 0.617837725 0.421473215625 0.6445311125 0.422104709375 0.6683814124999999 0.42084170624999995 0.6781742656249999
9 0.4448388421875 0.6663280765625 0.44357583749999996 0.6742255390625 0.44273382968749997 0.6931794171875 0.46504694999999996 0.6941271078125 0.4665204671875 0.675331171875 0.46778347187499997 0.6450049578125 0.46673096562499994 0.617995675 0.44612601406249996 0.6182261312499999 0.44441784531249995 0.635685965625 0.4454703515625 0.6497434296875 0.4448388421875 0.6663280765625
9 0.467362459375 0.6731198828125 0.46588895781249995 0.6803855421875 0.46483645156250003 0.693495309375 0.48820207812499994 0.6930214578125 0.48799159531249997 0.6811752875 0.49114911250000004 0.6813332453125 0.49199110468749996 0.643267521875 0.48946509687499995 0.6326849328125 0.49009660781250003 0.6130992546875 0.46841496562499996 0.613257203125 0.4671519609375 0.6306316015625 0.46862547968749996 0.6426357234375 0.467362459375 0.6731198828125
9 0.615598209375 0.6632733187500001 0.6113780171875 0.670556521875 0.6101119625 0.6879728828125 0.63142393125 0.6876562265625 0.6320569515625001 0.6754647796875 0.6371211859375 0.66548995 0.6396533109375 0.656940096875 0.6392312812500001 0.6377821031249999 0.6335340281249999 0.630023903125 0.6348000828125 0.611657559375 0.6128737 0.611805290625 0.6113780171875 0.630657228125 0.6164422515625 0.6377821031249999 0.615598209375 0.6632733187500001
9 0.638387240625 0.659790046875 0.6316349390625 0.6740398015625 0.6322679734375 0.6879728828125 0.6529469078125001 0.6873395703125 0.65737810625 0.6672315828125 0.6615983 0.659790046875 0.6615983 0.63889041875 0.6559010453125 0.63081555625 0.6580111421875 0.6119742265625 0.63582480625 0.611805290625 0.634167046875 0.6287572609375001 0.6396533109375 0.638098765625 0.638387240625 0.659790046875
9 0.662231334375 0.659790046875 0.654634990625 0.6740398015625 0.6527359015624999 0.6873395703125 0.6740478703125 0.6876562265625 0.6748919124999999 0.6764147609375 0.6810111953125 0.666598259375 0.683332296875 0.6561484453124999 0.6845983515625 0.637465440625 0.6789010984375 0.629865575 0.6799561468750001 0.6121325515625 0.6585121078125 0.6120031453125 0.6559010453125 0.6297072406249999 0.6611762859375 0.6366737875 0.662231334375 0.659790046875
9 0.6814332078125 0.6623233390625 0.6761579671875 0.67293148125 0.6751029187500001 0.68654791875 0.6957818687499999 0.685756265625 0.69620388125 0.672456496875 0.7008460875 0.6677065796874999 0.7059103375 0.6602650421875 0.707176375 0.636198796875 0.7006350968749999 0.62859893125 0.7023231796875 0.6118158890625 0.680935603125 0.611805290625 0.6786900921875 0.6295489125 0.6839653171875 0.637465440625 0.6814332078125 0.6623233390625
9 0.7073873984375 0.6360404625 0.7056993140625 0.6602650421875 0.6968369171875 0.6718231718750001 0.69535985625 0.6852812687500001 0.71688283125 0.6849646125 0.7179378796875 0.6745147859375 0.7227911078125 0.6672315828125 0.7284883609375 0.658523403125 0.7301764453125 0.636198796875 0.7227911078125 0.6271739546874999 0.72426816875 0.610707578125 0.7036229046875 0.6110138734375 0.7031672062500001 0.61149923125 0.7014791218750001 0.62859893125 0.7073873984375 0.6360404625
1 0.7284883609375 0.6586817375 0.718992928125 0.6732481499999999 0.7179378796875 0.685439596875 0.7400938906250001 0.68654791875 0.7419929640625 0.6743564578125001 0.7495893234375 0.6745147859375 0.753387503125 0.6670732546875 0.7514883984375 0.657256771875 0.7542315296875 0.6342988296875001 0.7449471187500001 0.6257489765625001 0.747057215625 0.6062743203125 0.7249911765625 0.6066610765625 0.7227911078125 0.6259073109375 0.7310204703125 0.6342988296875001 0.7284883609375 0.6586817375
0 0.43671875 0.0890625 0.03203125 0.07578125