8 0.9620766640625 0.0035534421875 0.0120962453125 0.0021419203125 0.000809378125 0.9972605281250001 0.7363387421875001 0.995849034375 0.9620766640625 0.0035534421875
7 0.28915729218749997 0.03685465 0.1918902890625 0.025394759375 0.1848349640625 0.0907870015625 0.281045840625 0.1024526375 0.28915729218749997 0.03685465
7 0.38770072187500004 0.0494465 0.289236671875 0.037273671875 0.28157584999999996 0.10219537812499999 0.3762094984375 0.113522865625 0.38770072187500004 0.0494465
7 0.484812859375 0.060097709374999995 0.388376684375 0.04893929375 0.3798145859375 0.1118321953125 0.4733216515625 0.12468128125 0.484812859375 0.060097709374999995
7 0.5789585859375 0.0715915 0.48428918125 0.059831912499999994 0.4741856109375 0.12586199375 0.566340753125 0.13566786875 0.5789585859375 0.0715915
7 0.766571221875 0.09411206875 0.67386958125 0.0824378953125 0.66472740625 0.1323212 0.7562065890625 0.1433105515625 0.766571221875 0.09411206875
11 0.6397422046875 0.3162454640625 0.6418855828125001 0.310241228125 0.6468867953124999 0.28493765312499997 0.6473154765625 0.279147853125 0.6274349921875 0.2773722875 0.628310859375 0.27775401718750004 0.6204518078125 0.31324335312499996 0.6397422046875 0.3162454640625
11 0.6014801546874999 0.4116536 0.623771653125 0.41373309999999996 0.6254585703125 0.4095741046875 0.6297963828124999 0.38425851875 0.6295553875000001 0.379376225 0.6091918015625 0.3773871421875 0.6090713078125 0.3819981984375 0.6037695453125 0.40704254375 0.6014801546874999 0.4116536
11 0.340066234375 0.3865326734375 0.35980000625 0.3873069046875 0.36470120625 0.35236969375 0.34470948125 0.3507244546875 0.34341969375 0.35478916875 0.3396793046875 0.3798549296875 0.340066234375 0.3865326734375
0 0.3674427046875 0.34897812031250003 0.364730090625 0.34882155 0.3590962203125 0.4101966328125 0.39915933593749997 0.4142674265625 0.4106357515625 0.3369223046875 0.3707497484375 0.3320625953125 0.3689033328125 0.3428719234375 0.367860021875 0.3425587859375 0.3674427046875 0.34897812031250003
0 0.39915933593749997 0.414580571875 0.4392224515625 0.41849479843750004 0.45111621562500004 0.3400536875 0.41092387031250005 0.33597565937499996 0.4075058203125 0.35336205625 0.406462509375 0.3550843125 0.39915933593749997 0.414580571875
0 0.634693978125 0.37026385156249997 0.6329701437499999 0.37773724375 0.6390993140625 0.3763000515625 0.63143784375 0.4151042140625 0.626074825 0.41567909375 0.624350990625 0.4235836453125 0.6209033234375 0.42329621093750003 0.6186048890625 0.43493745781250004 0.65576301875 0.43838671875 0.6588276046875 0.42703290625 0.66304140625 0.42746405625 0.6649567734375 0.4191283484375 0.6701282749999999 0.41984695 0.6783643609375 0.38089906562500003 0.673001325 0.3790307171875 0.6743420765625 0.37414426562499997 0.669553659375 0.372707075 0.671660559375 0.362934175 0.6322240765625 0.3592269359375 0.632395528125 0.3594849171875 0.63086324375 0.3712698828125 0.634693978125 0.37026385156249997
0 0.6739590093750001 0.37414426562499997 0.6731928593750001 0.378743278125 0.6789389765625 0.38046790937499997 0.6712774921875 0.418266046875 0.665531390625 0.41927207187500004 0.66380755625 0.42688918906250006 0.659210671875 0.42688918906250006 0.6571037703125 0.43824299062499994 0.6946449828125 0.44111737343749996 0.69694341875 0.4300510046875 0.7030725890625 0.429332409375 0.7032641359375 0.4224338875 0.7107340578125 0.4224338875 0.7191616921875 0.3842046046875 0.7126494250000001 0.3819051 0.713607109375 0.3770186484375 0.708818690625 0.3760126125 0.71092560625 0.3663834390625 0.6724534703125 0.36263925 0.67261824375 0.362934175 0.6697451921875001 0.3721322046875 0.6739590093750001 0.37414426562499997
0 0.7134155890625 0.3821925390625 0.7191616921875 0.3846357609375 0.7124579062499999 0.422146453125 0.7047964359375001 0.4224338875 0.7030725890625 0.42947612656249995 0.69809265 0.429763571875 0.694836503125 0.4416922515625 0.7337184671875 0.4452852296875 0.7363999984375 0.43335654999999995 0.7423376203125 0.4336439828125 0.74406146875 0.4255957140625 0.7511483218749999 0.4258831484375 0.7590013109375 0.3870789859375 0.75191445625 0.3860729515625 0.7532552078125 0.3806116265625 0.7467429703125 0.3793181578125 0.7486583390625 0.37012013125 0.7107671796874999 0.3662311609375 0.708818690625 0.3758688953125 0.7139901765625 0.3770186484375 0.7134155890625 0.3821925390625
1 0.60390625 0.9875 0.0765625 0.025
2 0.20408740937499997 0.999340775 0.2443861234375 0.99975 0.2560635828125 0.9364594187499999 0.2176147515625 0.9333216953125 0.21462003749999997 0.9493449437500001 0.2091247578125 0.959137940625 0.20408740937499997 0.999340775
5 0.10161511875 0.8683229546875 0.10731750625 0.8321673203125 0.08415981875 0.8309312046875 0.083795159375 0.8313115703125 0.07980349375 0.8677881078125 0.10161511875 0.8683229546875
5 0.12841634375 0.8336648921875 0.1073296140625 0.8322679234375 0.101044878125 0.868750825 0.122286271875 0.8702483921875 0.12841634375 0.8336648921875
5 0.1426723109375 0.871104146875 0.14880237031250002 0.8351624624999999 0.128182428125 0.8336046421875001 0.12798865937499998 0.833557921875 0.1218586 0.8700344531249999 0.1426723109375 0.871104146875
5 0.1706140171875 0.836018215625 0.149213471875 0.83467401875 0.1418169546875 0.8714250578125 0.162773234375 0.8732435359374999 0.1706140171875 0.836018215625
5 0.19171283125 0.8369809390625 0.17077920468750002 0.8356097218749999 0.16320089531249998 0.8730295937499999 0.18444230156250002 0.8740992859375 0.19171283125 0.8369809390625
5 0.2053985703125 0.8742062625000001 0.2106732734375 0.8379436625000001 0.1918102484375 0.836679096875 0.19114260156250001 0.8367670015625001 0.185297646875 0.8727086890625 0.2053985703125 0.8742062625000001
5 0.2306316296875 0.8390133546874999 0.2108158421875 0.8375157874999999 0.204685771875 0.8737783828125 0.2262122921875 0.8747411078124999 0.2306316296875 0.8390133546874999
5 0.29919856562499997 0.8437078874999999 0.2791359 0.84217265625 0.2727027203125 0.8780665000000001 0.292948265625 0.879595815625 0.29919856562499997 0.8437078874999999
5 0.3194441109375 0.8451352468750001 0.2993508296875 0.8433193015624999 0.2928123921875 0.8789840828125 0.3129220515625 0.881023165625 0.3194441109375 0.8451352468750001
5 0.3329012640625 0.8834175109375 0.3401026921875 0.8464080875000001 0.3197356328125 0.8449755671875 0.319449525 0.845184634375 0.31211221093749997 0.881378425 0.3329012640625 0.8834175109375
5 0.352603290625 0.8840292281250001 0.359668865625 0.847835446875 0.3399505625 0.84599480625 0.3395591859375 0.846510040625 0.33249363125000003 0.8828057781249999 0.352603290625 0.8840292281250001
5 0.3793709046875 0.848854990625 0.3598257453125 0.8475236671875 0.3519239109375 0.884844865625 0.3724412140625 0.8857624515625 0.3793709046875 0.848854990625
5 0.400024071875 0.8497725796875001 0.37953105468750004 0.8486703125 0.37230532968749996 0.885966365625 0.392415 0.88739371875 0.400024071875 0.8497725796875001
5 0.41959022656249995 0.85130189375 0.40059535156250003 0.8499443624999999 0.3933661296875 0.8869859078125 0.41333993593749996 0.8885152234374999 0.41959022656249995 0.85130189375
5 0.2621390421875 0.9953793171875001 0.268739959375 0.958541475 0.2510486890625 0.95770554375 0.2504499046875 0.957715978125 0.2448116078125 0.9932123875000001 0.2621390421875 0.9953793171875001
5 0.29005544375 0.9597797234375 0.2691010875 0.9583502718749999 0.26268911093749997 0.9946570109374999 0.2840046046875 0.9963080046874999 0.29005544375 0.9597797234375
5 0.5257974171875001 0.8591179421874999 0.5067875546875 0.8570993609374999 0.4999502734375 0.892237515625 0.5193025015625 0.8934310062499999 0.5257974171875001 0.8591179421874999
5 0.5451496453125 0.8604108984375 0.525929975 0.8590184843750001 0.51943505 0.8933315453124999 0.538919815625 0.895022334375 0.5451496453125 0.8604108984375
5 0.5655622640625 0.86230060625 0.545730421875 0.8604550765625 0.5386547203125 0.8955196265625001 0.5595975390625 0.8975087890625 0.5655622640625 0.86230060625
5 0.5785592562499999 0.8982030828124999 0.5839937828124999 0.8628954312499999 0.5657818546875 0.86194650625 0.5653043109375 0.8619008484374999 0.5593395859375 0.8969101203125 0.5785592562499999 0.8982030828124999
5 0.6048040421875001 0.8645862203125001 0.584921634375 0.8625970562499999 0.5785592562499999 0.8980041578125 0.597911475 0.8993965749999999 0.6048040421875001 0.8645862203125001
5 0.6245539234375 0.8657797203125 0.6048040421875001 0.8642878484375001 0.5981765796875 0.8987998234375001 0.6179264515625 0.9003911562500001 0.6245539234375 0.8657797203125
5 0.6440386890625 0.8668737562500001 0.624288828125 0.8655808015625001 0.61766135625 0.9006895374999999 0.6376763109375 0.9015846546875 0.6440386890625 0.8668737562500001
5 0.66339091875 0.868664003125 0.6438333046875 0.86716650625 0.6368810265625 0.9014851937499999 0.6558355828125 0.9030765265625 0.66339091875 0.868664003125
6 0.128125 0.23515625 0.0171875 0.0265625
6 0.146875 0.23828125 0.0171875 0.028125
6 0.165625 0.23984375 0.01796875 0.028125
6 0.18671875 0.24140625 0.01875 0.02734375
6 0.20625 0.2453125 0.0171875 0.025
6 0.2265625 0.24765625 0.01796875 0.02734375
6 0.246875 0.25078125 0.01640625 0.02734375
6 0.2671875 0.25234375 0.01875 0.0265625
6 0.2875 0.2546875 0.015625 0.02734375
6 0.30703125 0.25703125 0.0171875 0.02890625
6 0.32578125 0.25859375 0.01796875 0.02734375
6 0.34609375 0.2609375 0.01796875 0.02734375
6 0.365625 0.26328125 0.01640625 0.02734375
6 0.3859375 0.265625 0.0171875 0.0265625
6 0.4046875 0.2671875 0.01640625 0.0265625
6 0.425 0.26953125 0.01640625 0.02578125
6 0.44296875 0.271875 0.01640625 0.0265625
6 0.4625 0.2734375 0.01484375 0.0265625
6 0.48125 0.2765625 0.01484375 0.025
6 0.5 0.27734375 0.0171875 0.0265625
6 0.51796875 0.2796875 0.01640625 0.025
6 0.0796875 0.3296875 0.01640625 0.02734375
6 0.09921875 0.33203125 0.01796875 0.025
6 0.1203125 0.334375 0.01875 0.025
6 0.14296875 0.3375 0.0203125 0.0265625
6 0.17421875 0.34765625 0.0171875 0.02734375
6 0.19609375 0.34921875 0.01875 0.0265625
6 0.27421875 0.3578125 0.01796875 0.02578125
6 0.29375 0.359375 0.015625 0.02734375
6 0.3109375 0.3609375 0.01640625 0.0265625
6 0.04296875 0.46953125 0.015625 0.02421875
6 0.06171875 0.471875 0.01484375 0.02421875
6 0.08125 0.47265625 0.015625 0.025
6 0.1 0.475 0.01640625 0.02265625
6 0.11953125 0.4765625 0.015625 0.02421875
6 0.1390625 0.47734375 0.015625 0.025
6 0.15390625 0.47890625 0.0078125 0.021875
6 0.1671875 0.47890625 0.01953125 0.0265625
6 0.24453125 0.48671875 0.01484375 0.02578125
6 0.2625 0.4875 0.01953125 0.028125
6 0.3390625 0.4953125 0.015625 0.02578125
6 0.35703125 0.49609375 0.01640625 0.028125
6 0.375 0.49765625 0.0171875 0.025
6 0.39375 0.5 0.0171875 0.0265625
6 0.41171875 0.5015625 0.01640625 0.02578125
6 0.48359375 0.50625 0.0171875 0.028125
6 0.50234375 0.50859375 0.01640625 0.02734375
6 0.5203125 0.51015625 0.01640625 0.028125
6 0.6265625 0.51953125 0.01640625 0.02890625
6 0.64453125 0.52109375 0.015625 0.02890625
6 0.6609375 0.52265625 0.0140625 0.028125
6 0.71328125 0.5265625 0.01796875 0.02734375
6 0.734375 0.5296875 0.01796875 0.028125
6 0.04765625 0.603125 0.0140625 0.025
6 0.065625 0.60390625 0.01484375 0.025
6 0.08359375 0.6046875 0.01640625 0.02421875
6 0.103125 0.60703125 0.01484375 0.0234375
6 0.12265625 0.609375 0.01484375 0.02421875
6 0.14140625 0.6109375 0.0140625 0.025
6 0.159375 0.6125 0.0171875 0.0234375
6 0.17890625 0.61328125 0.01640625 0.02421875
6 0.19765625 0.61484375 0.015625 0.02578125
6 0.21640625 0.6171875 0.01640625 0.025
6 0.23515625 0.61796875 0.01484375 0.02421875
6 0.25390625 0.61875 0.01640625 0.02578125
6 0.27109375 0.62109375 0.01484375 0.025
6 0.28984375 0.621875 0.01484375 0.0234375
6 0.3453125 0.6265625 0.01328125 0.0234375
6 0.3625 0.62734375 0.01484375 0.02421875
6 0.38125 0.62890625 0.0140625 0.02421875
6 0.4 0.6296875 0.01328125 0.0234375
6 0.43515625 0.6328125 0.015625 0.0234375
6 0.453125 0.634375 0.0140625 0.02421875
6 0.47109375 0.6359375 0.015625 0.02578125
6 0.48828125 0.63671875 0.015625 0.02421875
6 0.5234375 0.63984375 0.0140625 0.025
6 0.54140625 0.64140625 0.01484375 0.025
6 0.559375 0.64296875 0.01484375 0.025
6 0.5765625 0.64453125 0.01640625 0.025
6 0.59453125 0.6453125 0.015625 0.0234375
6 0.6109375 0.64765625 0.0140625 0.02421875
6 0.628125 0.6484375 0.0140625 0.0234375
6 0.64609375 0.65 0.015625 0.0234375
6 0.66328125 0.6515625 0.0140625 0.0234375
6 0.68125 0.653125 0.0140625 0.0234375
6 0.69921875 0.6546875 0.015625 0.02421875
0 0.47214255468750005 0.3554934609375 0.446701496875 0.3517637578125 0.4430031609375 0.3999654375 0.46396039375000003 0.40335341874999997 0.47214255468750005 0.3554934609375
0 0.4651931734375 0.40073542812499996 0.48539171562499994 0.40309800312500005 0.49272521718749995 0.35530574375 0.47197345312500005 0.3531497484375 0.4651931734375 0.40073542812499996
0 0.48573946562500003 0.401659421875 0.5062857796875 0.40350740937499996 0.51388791875 0.358847715625 0.49354707500000006 0.356999728125 0.48573946562500003 0.401659421875
0 0.5079294765625 0.40350740937499996 0.528220396875 0.4056399921875 0.53648886875 0.362235696875 0.5142988390625 0.35838571875 0.5079294765625 0.40350740937499996
0 0.531146815625 0.40597139687499995 0.551021278125 0.4079508921875 0.55908978125 0.36639366875 0.5383380359375 0.36392968125 0.531146815625 0.40597139687499995
0 0.5525149875 0.407511390625 0.5719734390625 0.4095685234375 0.5790197234375001 0.3683956453125 0.55929526875 0.3660856609375 0.5525149875 0.407511390625
0 0.5736776703124999 0.410283371875 0.5929255999999999 0.41211051249999997 0.601415184375 0.371475634375 0.5808688906249999 0.3688576421875 0.5736776703124999 0.410283371875
0 0.54262623125 0.2581973734375 0.53647219375 0.3053407703125 0.5564016890625 0.30799099218750003 0.5641163375 0.25980521093750003 0.54262623125 0.2581973734375
0 0.5576874734375 0.30630449375 0.5766106703125 0.3089932640625 0.58517090625 0.26221450156250004 0.5650806687500001 0.2604075359375 0.5576874734375 0.30630449375
0 0.6070290640625 0.26594889843749997 0.5859745249999999 0.2629372890625 0.5782947515625 0.30874667968749997 0.600118034375 0.3107616703125 0.6070290640625 0.26594889843749997
0 0.59979658125 0.3104002765625 0.620529696875 0.3128095734375 0.62808363125 0.26715354687500004 0.6078326828125 0.2654670421875 0.59979658125 0.3104002765625
0 0.6732464734375 0.2713697984375 0.6525133578125 0.26932190624999996 0.6459237546875001 0.3154597828125 0.6655318265625 0.3171462921875 0.6732464734375 0.2713697984375
0 0.6943010125 0.2736586265625 0.6743715156250001 0.27076747968750003 0.667299746875 0.3163030375 0.6880328609374999 0.319194184375 0.6943010125 0.2736586265625
0 0.7177664078125 0.2822115984375 0.71519486875 0.2755860609375 0.6960689624999999 0.2736586265625 0.6904436890625 0.319194184375 0.6909258546875 0.319555578125 0.7118197109375 0.3214830125 0.7177664078125 0.2822115984375
7 0.190872865625 0.0255582265625 0.08358264374999999 0.011115425 0.0872796515625 0.063221653125 0.18072716875 0.0752419015625 0.190872865625 0.0255582265625
7 0.6739297750000001 0.084644978125 0.580271903125 0.070698109375 0.571404475 0.118702340625 0.6632500593749999 0.1299212359375 0.6739297750000001 0.084644978125