8 0.9943596093749999 0.9466532515624999 0.9996666671875 0.0249506375 0.0648448546875 0.015050479687500002 0.0960302390625 0.9495838984375 0.9943596093749999 0.9466532515624999
6 0.1625 0.11171875 0.01640625 0.02734375
6 0.1859375 0.1125 0.01640625 0.025
6 0.2078125 0.1140625 0.0140625 0.0265625
6 0.23125 0.1140625 0.01640625 0.02578125
6 0.2546875 0.115625 0.01484375 0.0265625
6 0.27421875 0.1125 0.015625 0.0265625
6 0.296875 0.1140625 0.0125 0.025
6 0.31015625 0.096875 0.01953125 0.03125
6 0.4046875 0.10078125 0.01484375 0.03359375
6 0.4265625 0.1015625 0.02421875 0.03515625
6 0.51875 0.10234375 0.01875 0.03046875
6 0.54296875 0.103125 0.01953125 0.0328125
6 0.5640625 0.10390625 0.0171875 0.03203125
6 0.584375 0.103125 0.01953125 0.03125
6 0.60625 0.10390625 0.0203125 0.03125
6 0.6984375 0.10234375 0.01875 0.03203125
6 0.7203125 0.1046875 0.01640625 0.034375
6 0.7421875 0.1046875 0.01875 0.03046875
6 0.8734375 0.10703125 0.0203125 0.0296875
6 0.8984375 0.10703125 0.01796875 0.03203125
6 0.91953125 0.10703125 0.01796875 0.0328125
6 0.9828125 0.10703125 0.01796875 0.03359375
6 0.19921875 0.27109375 0.01875 0.0296875
6 0.22109375 0.27109375 0.015625 0.03203125
6 0.24140625 0.27265625 0.01953125 0.0296875
6 0.2625 0.271875 0.01953125 0.02890625
6 0.284375 0.2734375 0.01796875 0.03125
6 0.3078125 0.27421875 0.0234375 0.03359375
6 0.33125 0.275 0.0203125 0.03203125
6 0.3515625 0.27421875 0.02109375 0.0328125
6 0.3734375 0.275 0.01796875 0.034375
6 0.39375 0.27421875 0.0171875 0.0328125
6 0.41484375 0.275 0.01953125 0.03203125
6 0.4375 0.2765625 0.01796875 0.0328125
6 0.45859375 0.27578125 0.0203125 0.03359375
6 0.48125 0.2765625 0.02265625 0.034375
6 0.54609375 0.27578125 0.01875 0.03125
6 0.56796875 0.2765625 0.01796875 0.0328125
6 0.5890625 0.275 0.01953125 0.03125
6 0.6109375 0.278125 0.01796875 0.034375
6 0.65234375 0.27734375 0.01796875 0.03046875
6 0.67421875 0.278125 0.02109375 0.03203125
6 0.69609375 0.27734375 0.01796875 0.03203125
6 0.71640625 0.27734375 0.0203125 0.03125
6 0.759375 0.27734375 0.0171875 0.03125
6 0.78046875 0.2765625 0.01875 0.02890625
6 0.80078125 0.27734375 0.01796875 0.03125
6 0.821875 0.27734375 0.0203125 0.03046875
6 0.84140625 0.27578125 0.02109375 0.03125
6 0.865625 0.27578125 0.021875 0.03125
6 0.8859375 0.2765625 0.01796875 0.03203125
6 0.9078125 0.2765625 0.01875 0.03046875
6 0.92734375 0.2765625 0.02109375 0.0296875
6 0.9484375 0.27734375 0.01875 0.03125
6 0.971875 0.27734375 0.01953125 0.03125
5 0.2953125 0.5703125 0.02578125 0.0421875
5 0.32109375 0.56953125 0.02421875 0.0421875
5 0.34453125 0.5703125 0.02265625 0.0421875
5 0.36640625 0.56953125 0.021875 0.04140625
5 0.38984375 0.56953125 0.02265625 0.0421875
5 0.4140625 0.56953125 0.02109375 0.04296875
5 0.43671875 0.56953125 0.02265625 0.040625
5 0.51328125 0.56875 0.02578125 0.04140625
5 0.53671875 0.56875 0.02109375 0.040625
5 0.55859375 0.56796875 0.0203125 0.040625
5 0.58046875 0.56875 0.02265625 0.0421875
5 0.60234375 0.56796875 0.021875 0.040625
5 0.625 0.56875 0.021875 0.04140625
5 0.6484375 0.56875 0.0234375 0.0421875
5 0.771875 0.56796875 0.021875 0.0421875
5 0.79453125 0.56796875 0.021875 0.040625
5 0.8171875 0.56796875 0.02421875 0.040625
5 0.84140625 0.56875 0.02421875 0.04140625
5 0.865625 0.56875 0.021875 0.04140625
5 0.8875 0.56875 0.01953125 0.040625
5 0.90859375 0.56796875 0.021875 0.040625
5 0.9328125 0.56953125 0.02421875 0.0421875
5 0.49765625 0.7046875 0.01953125 0.0390625
5 0.51953125 0.7046875 0.0234375 0.0390625
2 0.46484375 0.7109375 0.04296875 0.0484375
1 0.8875 0.7015625 0.08984375 0.0421875