8 0.99975 0.00116318125 0.021476224999999998 0.004144540625 0.079342440625 0.973535084375 0.9698938328125 0.9991634453125 0.99975 0.00116318125
11 0.2796875 0.0734375 0.1828125 0.08203125
11 0.62109375 0.078125 0.4890625 0.08359375
9 0.41646177812499996 0.346623915625 0.4411261578125 0.348451753125 0.4397559140625 0.186505321875 0.41374524687500003 0.18501368437500001 0.41180295781250004 0.2186752625 0.41152891406250003 0.2585221296875 0.41646177812499996 0.346623915625
9 0.4392078046875 0.2636400671875 0.44249640156250003 0.348086178125 0.4660645828125 0.349914015625 0.465242428125 0.1861397453125 0.44101751875 0.186475403125 0.4414002015625 0.22159979999999999 0.4383856703125 0.2219653609375 0.4392078046875 0.2636400671875
9 0.466612671875 0.27095141875 0.465242428125 0.28118730625 0.4660645828125 0.35027957656250003 0.49018087499999996 0.3506451390625 0.4907289625 0.3137228234375 0.49127705156249996 0.2874019578125 0.4923732515625 0.28118730625 0.4931954046875 0.2716825421875 0.49127705156249996 0.2636400671875 0.49182516249999997 0.18650530781250002 0.46637122968750006 0.18556175625 0.464968384375 0.2534041640625 0.46551649375000004 0.2618122296875 0.466612671875 0.27095141875
9 0.49127705156249996 0.27789719375 0.4907289625 0.349548425 0.5151192984375 0.3491828640625 0.51703763125 0.3115294234375 0.517311696875 0.28886421875 0.5175857203125 0.2808217296875 0.51950409375 0.27095141875 0.5175857203125 0.2629089296875 0.517311696875 0.18650530781250002 0.4945656484375 0.1872364453125 0.49127705156249996 0.26144665312500004 0.4940175390625 0.2713170078125 0.49127705156249996 0.27789719375
9 0.5189559640625 0.2694891703125 0.5164895421875 0.28009060625000004 0.5156673875 0.3488173015625 0.5381393703125 0.3491828640625 0.5408798578125 0.311163834375 0.5433463203125 0.18577416875 0.518449121875 0.18419128437500001 0.5181338515625 0.2212342234375 0.5167636078125 0.257425415625 0.5189559640625 0.2694891703125
9 0.54033176875 0.306777034375 0.5392355906249999 0.348086178125 0.564448059375 0.3491828640625 0.564448059375 0.3137228234375 0.568558790625 0.307142596875 0.5710252109375 0.2175785484375 0.567188546875 0.213191734375 0.56691448125 0.1777316953125 0.5425241656249999 0.17626941875 0.5444424984375 0.21684741093749998 0.5425241656249999 0.300562396875 0.54033176875 0.306777034375
9 0.12899686875 0.2501042875 0.12790066875 0.2610713140625 0.12790066875 0.2705760640625 0.13064115625 0.278618553125 0.1336556875 0.3045738421875 0.14023285937500002 0.3064016796875 0.143247390625 0.345882971875 0.168733925 0.3480764 0.1681858359375 0.31334749687499996 0.1583200671875 0.31078849375 0.156401734375 0.279715253125 0.15420933750000002 0.219762184375 0.165171284375 0.2175687703125 0.1648972390625 0.1835709921875 0.13608775 0.182363990625 0.1383145265625 0.216106509375 0.1284487578125 0.2164720703125 0.12899686875 0.2501042875
9 0.15557958125 0.22049330781249998 0.1585941125 0.309691821875 0.16845985937500002 0.31334749687499996 0.169007990625 0.3484419609375 0.1950426140625 0.3488075234375 0.1939463953125 0.31005735625 0.187095178125 0.30896065625 0.1835325375 0.221955584375 0.190931884375 0.225611259375 0.191753996875 0.1846676921875 0.165171284375 0.1817431546875 0.165171284375 0.1821087234375 0.1646231953125 0.2172032078125 0.15557958125 0.22049330781249998
9 0.20655264999999998 0.2457174734375 0.20299000937499997 0.260340175 0.20792289375 0.278618553125 0.21230764687499998 0.31188519375 0.2194329296875 0.31334749687499996 0.22189935 0.35173207500000003 0.24656373125000003 0.3502698 0.24683779687500002 0.31188519375 0.2397125140625 0.31078849375 0.23642393906249998 0.283005365625 0.23313536250000003 0.2691138015625 0.23505369531250003 0.22341785937499997 0.24217897812500003 0.2186654703125 0.23998657968749998 0.1883233671875 0.21587028749999998 0.1872266671875 0.2153222 0.221955584375 0.2073748046875 0.222686721875 0.20655264999999998 0.2457174734375
9 0.2342433921875 0.2583347171875 0.2336952828125 0.27003288125 0.23643576875 0.27844093281250004 0.23808005625 0.3087830640625 0.24657556249999998 0.31353541093750004 0.24575344999999998 0.349361040625 0.2701437640625 0.3504577265625 0.270691853125 0.3128042875 0.25972990625 0.29781603749999996 0.258633728125 0.2122731984375 0.26603303437500003 0.212638775 0.26740327812500003 0.18558677031249998 0.24161400781250003 0.18556175625 0.243835075 0.2170255875 0.2345174375 0.2228746625 0.2342433921875 0.2583347171875
9 0.25972990625 0.213735475 0.2605520609375 0.25979697968750004 0.25835966250000003 0.27222630937500003 0.2589077515625 0.295257034375 0.270691853125 0.31097644999999996 0.27096591875 0.350092165625 0.2953562328125 0.34862988906250003 0.296452453125 0.30914859843750003 0.2896012359375 0.3040306609375 0.28603859531250003 0.2133699125 0.293985990625 0.2217779640625 0.29426005625 0.17717872031249998 0.269023425 0.1764252828125 0.2690475859375 0.1779098515625 0.2704178296875 0.212638775 0.25972990625 0.213735475
9 0.7076134859375001 0.3010909125 0.7018584671875 0.3036498734375 0.7002141796875 0.3431311796875 0.72405640625 0.343862303125 0.72570069375 0.3058432875 0.7317297765624999 0.3032843125 0.7331000203125 0.278060146875 0.7374847953125 0.2630718828125 0.7363885953125 0.24808361875 0.735018353125 0.21920377656249998 0.7281671359375 0.21627924062499998 0.7278930906250001 0.1804536171875 0.7044905421875 0.18007987187500002 0.7024065562499999 0.21993491562499998 0.710079928125 0.21847263906249997 0.7076134859375001 0.3010909125
9 0.7347443078125 0.24552464375 0.736662640625 0.25356713124999997 0.736936684375 0.26343744375 0.733922153125 0.275866746875 0.7328259546875 0.3032843125 0.7254266484375 0.3054777125 0.72405640625 0.342034465625 0.7470764984375 0.3431311796875 0.7487207859375 0.306574425 0.7563941578125 0.3036498734375 0.758860578125 0.279887984375 0.760230821875 0.27330777031250003 0.76187513125 0.2630718828125 0.7605048875 0.25320155624999996 0.7616010656250001 0.2217627453125 0.752831515625 0.21591367031250003 0.7536536703125 0.1815503203125 0.7295373796875 0.18008804843749998 0.7281671359375 0.21335470937499998 0.73584050625 0.2173759390625 0.7347443078125 0.24552464375
9 0.760230821875 0.25429825625 0.7616010656250001 0.25978176875000003 0.7626972640624999 0.2670931203125 0.7594086890625 0.276597884375 0.757216290625 0.3036498734375 0.7492688750000001 0.307671125 0.746802453125 0.34240004218750003 0.7717408781249999 0.34532460781249996 0.7733851875 0.3080366875 0.7802364046875 0.3047465875 0.7835249796875 0.282446959375 0.7854433125 0.27513560937500003 0.7892799765625 0.2612440453125 0.78681355625 0.25100815625 0.786539490625 0.21993491562499998 0.777769940625 0.21408583281250002 0.7796882734375 0.1815503203125 0.7552979578125 0.18081918125000002 0.7539277156249999 0.21554810156249998 0.76077893125 0.21993491562499998 0.760230821875 0.25429825625
9 0.785717378125 0.2451590671875 0.7870876203125 0.25466383125 0.789005953125 0.2630718828125 0.784347134375 0.280253559375 0.782702825 0.3021876125 0.773111121875 0.30840226406250004 0.7711927890625 0.3431311796875 0.795035015625 0.3427656046875 0.7983235921875 0.306574425 0.8049007843749999 0.3043810125 0.808463384375 0.281715821875 0.8112038703125 0.27550118437500004 0.8131222453125 0.2645341578125 0.812026025 0.25356713124999997 0.8117520015625 0.2382132859375 0.8117520015625 0.21591367031250003 0.8029824109374999 0.2137202640625 0.804352653125 0.1833781578125 0.780510428125 0.1815503203125 0.7794142500000001 0.2144514015625 0.787635709375 0.21883822187500002 0.785717378125 0.2451590671875
9 0.8125741140624999 0.24552464375 0.8155886656250001 0.25576053125 0.8139443578125001 0.2674586953125 0.8095596031250001 0.2809846984375 0.808463384375 0.30291875 0.7972274140625 0.3054777125 0.79613119375 0.340937765625 0.8199734609375 0.33984109375 0.8210696390625 0.30620885000000003 0.8306613437499999 0.299263075 0.8353201625000001 0.275866746875 0.837786625 0.2656308578125 0.8394308921875 0.25612609375 0.8369644703124999 0.25027701874999997 0.8375125593750001 0.2173759390625 0.8290170343750001 0.2129891265625 0.8298391890625 0.1822814546875 0.8059969625000001 0.18191588593750002 0.8038045640625 0.2129891265625 0.8117520015625 0.2173759390625 0.8125741140624999 0.24552464375
9 0.838882803125 0.25685723125000004 0.8402530468749999 0.2619751828125 0.8418973546874999 0.275866746875 0.832853740625 0.2996286359375 0.8221658171874999 0.30730555000000004 0.8210696390625 0.3394755046875 0.8460080859374999 0.3387443671875 0.8482004406250001 0.301456475 0.8594364531249999 0.2985319375 0.864095271875 0.28902717187500004 0.8649174265624999 0.2820813984375 0.8679319796874999 0.271114371875 0.8657395812500001 0.2583195078125 0.8676579140625 0.20823675156250002 0.853407390625 0.20458107499999997 0.8553257234375 0.17314226562499999 0.8309354078125001 0.17314226562499999 0.8292911000000001 0.2137202640625 0.8418973546874999 0.2071400515625 0.838882803125 0.25685723125000004
9 0.1586977234375 0.536397428125 0.15550249375 0.5477634703125001 0.1624254625 0.584347909375 0.17014724375 0.58470309375 0.17147858437500002 0.6138285875 0.21887432968749998 0.6152493203125 0.21967312187500002 0.5861238531249999 0.212750153125 0.5854135 0.208223603125 0.55877434375 0.2074247890625 0.535687046875 0.2068922609375 0.5094030734375 0.21461404375 0.49910260781250004 0.215146571875 0.4696219515625 0.16668576875000002 0.46535967031250003 0.16588695625 0.49803704531250004 0.15896398750000001 0.505496003125 0.1586977234375 0.536397428125
9 0.2063597125 0.5403044984375 0.206625996875 0.552025725 0.2084898671875 0.5584191328125 0.2103537359375 0.568364415625 0.21088628437499998 0.58363755625 0.217276725 0.5850582890625 0.21834178125 0.61205264375 0.26680260312500004 0.6141837703124999 0.266003790625 0.5854135 0.2609447109375 0.584347909375 0.2590808421875 0.5619710203125 0.2564181609375 0.5555776125 0.25455425 0.5442115828125 0.2572169328125 0.5314247796875 0.2569506890625 0.5097582703125 0.26387363750000004 0.501944115625 0.264139921875 0.4678460078125 0.2141151609375 0.46657931875 0.2143477578125 0.49910260781250004 0.2084898671875 0.5058511859375 0.2063597125 0.5403044984375
9 0.2577495015625 0.5307144 0.2556193484375 0.53604223125 0.25348919375 0.5427908218749999 0.253755478125 0.5498945984375 0.2577495015625 0.55735355625 0.25881455781249996 0.5832823453125 0.266003790625 0.586834234375 0.26653631875 0.6116974328125 0.3149971609375 0.61311819375 0.3157959328125 0.58470309375 0.30993804062499997 0.5839927125 0.30754164375 0.5591295 0.30674283125 0.5527361046875 0.304612678125 0.5427908218749999 0.30754164375 0.5332007234375 0.30621030312499997 0.5094030734375 0.3120681953125 0.500168171875 0.3112693828125 0.46571485937499996 0.264381625 0.46569161093749994 0.26387363750000004 0.5015889328124999 0.2582820296875 0.5058511859375 0.2577495015625 0.5307144
9 0.307009115625 0.5324903437499999 0.30621030312499997 0.5388837515625 0.30514520625 0.55024978125 0.30674283125 0.555932809375 0.30940551250000004 0.5815064015625 0.31526340468749997 0.58470309375 0.3147308765625 0.612763009375 0.3634579625 0.6113422500000001 0.362392865625 0.5804408249999999 0.358665128125 0.58363755625 0.3554699171875 0.5086927078125 0.35839884375 0.5033648765625001 0.358665128125 0.46678042968750005 0.3141983484375 0.46678042968750005 0.3120681953125 0.500168171875 0.307275359375 0.5062063828125 0.307009115625 0.5324903437499999
10 0.53707466875 0.5796307046875 0.5336131749999999 0.5774995765625001 0.533879459375 0.6059146765625 0.5786125015625 0.60662504375 0.5791450499999999 0.5799858875 0.5823402609375 0.5785651406250001 0.583937865625 0.5036203109375 0.57994384375 0.496161346875 0.5818077328125 0.46490473125 0.5336131749999999 0.4656151125 0.534944515625 0.4975821140625 0.5368084046875 0.5036203109375 0.53707466875 0.5796307046875
10 0.5823402609375 0.576789196875 0.5780799734375 0.5799858875 0.5783462375 0.60662504375 0.6238780937499999 0.6055594796875 0.62467690625 0.5792755203125 0.6286709296875 0.5789203234375 0.6292034578125001 0.55334673125 0.6323986875000001 0.5469533359375001 0.6326649515625 0.5384288140625 0.62973600625 0.5295490953125 0.6302685343750001 0.5018443687499999 0.6257419828125 0.49722690937499997 0.6265407749999999 0.464194359375 0.5831390734374999 0.465259921875 0.57994384375 0.49687172031250004 0.583937865625 0.5057514390625 0.5823402609375 0.576789196875
10 0.62893719375 0.5771443796875 0.6238780937499999 0.5789203234375 0.622014225 0.6062698875 0.669676234375 0.60449394375 0.6702087624999999 0.5785651406250001 0.6750015984375 0.5757236328124999 0.6787293359375 0.5476637156249999 0.67793054375 0.5021995515625 0.6723389156249999 0.494385403125 0.6731377078125 0.46206322499999997 0.6273395875000001 0.4631287890625 0.6262745109375001 0.4950957765625 0.6300022703125 0.5018443687499999 0.62893719375 0.5771443796875
10 0.67801750625 0.529541184375 0.6796151125 0.5405520234375001 0.6782837703125 0.550852503125 0.67721869375 0.5725190109375 0.6705619890625 0.57891240625 0.6705619890625 0.6037756203125 0.7144962406250001 0.6034204359374999 0.7160938453125001 0.5764260828125 0.7232830984375 0.5742949562499999 0.7270108359375 0.50077088125 0.7200878671875001 0.49437748593749997 0.719821603125 0.460989746875 0.6745560125 0.46241049843750004 0.67269214375 0.494732675 0.67721869375 0.50077088125 0.67801750625 0.529541184375
10 0.7240818906250001 0.5724931265625 0.7163601093749999 0.577465746875 0.7160938453125001 0.6023289468749999 0.7624245140625 0.6012633968750001 0.763489590625 0.57533460625 0.771211371875 0.5724931265625 0.7741403171875 0.499324221875 0.766152271875 0.4907996859375 0.7666847999999999 0.4581223171875 0.7211529453125001 0.45956898749999997 0.719289075 0.49328600937499995 0.7256794953125 0.499324221875 0.7240818906250001 0.5724931265625
10 0.7711597765625 0.57083965625 0.7639705234374999 0.575812290625 0.7615741265625 0.6013859109374999 0.8060409046875 0.6013859109374999 0.809236115625 0.57439154375 0.81562655625 0.57190521875 0.8185555015625001 0.54881795 0.8204193906249999 0.5424245546875001 0.822549525 0.5356759640625001 0.8222832609375 0.52928256875 0.8217507312500001 0.4990915171875 0.8129638734375 0.4919877421875 0.81402895 0.45788962812499995 0.7657147109375 0.4581460921875 0.7666332062500001 0.49021180624999994 0.7746212515625001 0.5015778546874999 0.7711597765625 0.57083965625
10 0.8182892374999999 0.570129275 0.8089698515625001 0.5726156 0.8060409046875 0.600675503125 0.8502414203124999 0.600675503125 0.8523715734374999 0.572260403125 0.862489753125 0.571550021875 0.865951246875 0.5452660625 0.8699452703125001 0.5392278515625 0.8699452703125001 0.5285721890625 0.8664837750000001 0.5211132296875001 0.8678151156249999 0.4958948203125 0.8574306734375 0.48879104531250006 0.8587620140625001 0.45682405781249996 0.8133180515625 0.45681452968749997 0.8121650812500001 0.49127736874999994 0.82095191875 0.49802596718750003 0.8182892374999999 0.570129275
10 0.865951246875 0.51862690625 0.8680814 0.5228891734375 0.8699452703125001 0.5307033156250001 0.8694127421875001 0.5374519078125 0.865951246875 0.54597644375 0.8630223015625 0.57083965625 0.8529041015625 0.5733259656249999 0.850507684375 0.5988995593750001 0.896305825 0.5971236156249999 0.8997672984375 0.570129275 0.909086684375 0.568708515625 0.9117493671875 0.5452660625 0.9152108609375 0.5370967234374999 0.9173409953125 0.527506625 0.9146783328125 0.5189820890625 0.9133469921874999 0.4944740796875 0.90322879375 0.488080671875 0.9026962640624999 0.45575849062499996 0.8582294656249999 0.4561136875 0.8579632015625 0.4873703046875 0.865951246875 0.4958948203125 0.865951246875 0.51862690625
1 0.72626498125 0.756400175 0.722587578125 0.8250767703124999 0.7181221625 0.8180689531249999 0.7165461375 0.8432971078125 0.8016516640625 0.8425963109374999 0.8034903765625 0.8233248156249999 0.8124211875 0.8215728609375 0.8174119484375 0.7567505609375 0.8092691390625 0.7416837593750001 0.8079557812499999 0.7115501546874999 0.71943551875 0.7126013234374999 0.71943551875 0.712951709375 0.72022353125 0.742734928125 0.72626498125 0.756400175
1 0.813209209375 0.82017129375 0.804278378125 0.8243759984375 0.8019143312500001 0.8411947421875 0.889121246875 0.8390924015625 0.8917479609375001 0.82017129375 0.9022548171875 0.8187697515625001 0.9059322015625 0.8005494125 0.9098722718750001 0.7959943609375 0.911185628125 0.7875849500000001 0.9077709328125 0.7749709124999999 0.9085589140625 0.7511443140625 0.8983147468749999 0.7381798500000001 0.8991027687500001 0.7069950625 0.8113705187500001 0.7083966312500001 0.8092691390625 0.737479065625 0.8168866140625 0.7511443140625 0.813209209375 0.82017129375
2 0.570734028125 0.302197209375 0.5646127484375 0.310362696875 0.56400060625 0.347923959375 0.613276925 0.34751566093749997 0.613276925 0.30791305625 0.6197042640625 0.3038303140625 0.6215406421874999 0.21564303593749998 0.6160314812500001 0.21482649999999998 0.6175618015625 0.1813479890625 0.5683020984375 0.179179190625 0.566449128125 0.2111520234375 0.5701218859375 0.2180926921875 0.570734028125 0.302197209375