8 0.7975754312500001 0 0.0053793421874999995 0.0003723 0 0.9943016531250001 0.8915333875 0.99975 0.7975754312500001 0
7 0.1292294015625 0.01176283125 0.027767281249999998 0.0173076515625 0.041814467187499996 0.0835476 0.1423604 0.07707289687499999 0.1292294015625 0.01176283125
7 0.2309008609375 0.0038805796875 0.1303549 0.010355287500000001 0.143485896875 0.07679138125 0.2432814703125 0.069753659375 0.2309008609375 0.0038805796875
7 0.3325722625 0 0.2905530828125 0.000220965625 0.2318005734375 0.0035881718749999998 0.24478218906250002 0.069753659375 0.344202596875 0.0638419765625 0.3325722625 0
7 0.43418376406250003 0.0004380546875 0.332175571875 0 0.343767475 0.06377755625 0.4431879109375 0.058991903125 0.43418376406250003 0.0004380546875
7 0.6322948046875 0.0005836234375 0.5333946125 0.00007035624999999999 0.5385019671875 0.037742793749999996 0.63567138125 0.0335201609375 0.6322948046875 0.0005836234375
11 0.2928185921875 0.35873715625 0.3118638046875 0.3568877890625 0.3053660234375 0.3205730375 0.28788925 0.32174990625 0.2856486359375 0.3262892515625 0.2896817296875 0.3530209421875 0.2928185921875 0.35873715625
11 0.563747796875 0.33792526562499997 0.5866020453125 0.3370846453125 0.5870501781249999 0.3320409296875 0.58436143125 0.30446861875 0.58212081875 0.2997611484375 0.55993874375 0.30228300625000004 0.5617312421875 0.30614985625 0.56531621875 0.33271342812500004 0.563747796875 0.33792526562499997
11 0.55024605625 0.23402132187500002 0.57122299375 0.2339038609375 0.5738842671875 0.2262687875 0.568248659375 0.1945538609375 0.5480544328125 0.1961983375 0.548210975 0.1990174421875 0.5518115 0.230849828125 0.55024605625 0.23402132187500002
1 0.782337925 0.903846334375 0.70379833125 0.91140951875 0.70838168125 0.9455071625 0.7856297453125001 0.93842646875 0.782337925 0.903846334375
2 0.3485871453125 0.9827934171875 0.3470509515625 0.9869101 0.35034277343750003 0.9916854468749999 0.35297623906250003 0.9918501187500001 0.354512415625 0.9953081421875 0.3929169890625 0.9913561109375 0.3924780859375 0.9878981140624999 0.3900640875 0.9870747765625 0.3834804453125 0.9531533046874999 0.385455525 0.946072609375 0.3826026234375 0.9238425265625001 0.34288132656250003 0.9286178749999999 0.345953678125 0.9440966062499999 0.34375913125 0.9574346515625001 0.3485871453125 0.9827934171875
0 0.30620429531250004 0.3090686875 0.3074168453125 0.31316289531249997 0.3047896734375 0.31407271875 0.3112565390625 0.35562140468750003 0.314894159375 0.35926071875 0.315702521875 0.3650229328125 0.31812759218750003 0.3663876734375 0.319946403125 0.3804899703125 0.360162265625 0.37745721875 0.3470264328125 0.29617949062500004 0.30842729375 0.298605690625 0.305598034375 0.298302415625 0.30842729375 0.3087654046875 0.30620429531250004 0.3090686875
0 0.38825274374999996 0.2916303640625 0.3470264328125 0.294208203125 0.3599601796875 0.37715393750000004 0.40159066406250005 0.3741211859375 0.38825274374999996 0.2916303640625
0 0.5844195062499999 0.296603984375 0.5904821984375 0.2934195984375 0.59593863125 0.3325420953125 0.5900780250000001 0.33845594375 0.5918968359375001 0.3449763625 0.587046678125 0.3466443734375 0.5876529390624999 0.35998848125 0.6276667140625001 0.35619754375 0.626049990625 0.345582915625 0.631910596875 0.342095246875 0.6302938874999999 0.3351199234375 0.6369628406250001 0.3316322609375 0.631708509375 0.2905384828125 0.62524164375 0.2899319359375 0.62443328125 0.286444271875 0.6199872984375 0.286444271875 0.6189768499999999 0.27643619375 0.5789630890625 0.2799238546875 0.580579796875 0.292054859375 0.5844195062499999 0.2884155640625 0.5844195062499999 0.296603984375
0 0.6254437312500001 0.290841759375 0.6327189578125 0.29114503593749996 0.635952390625 0.330570796875 0.6296876124999999 0.3351199234375 0.6315064234375 0.342095246875 0.626049990625 0.3454312796875 0.6280708875000001 0.3558942609375 0.6678825765624999 0.35255824062499996 0.6672763015625 0.3423985296875 0.6725306484375 0.337849409375 0.671116025 0.3317839078125 0.677582890625 0.3273864046875 0.6739452703125 0.2868991890625 0.666265853125 0.285686084375 0.66545750625 0.28310825 0.6593948140625 0.28174350625 0.6595968859375 0.27294852812500003 0.6190531359375 0.27612569531250003 0.619583125 0.2855344453125 0.62463536875 0.286444271875 0.6254437312500001 0.290841759375
0 0.66707423125 0.28598935625 0.6751578203124999 0.2876573765625 0.6783912375 0.3266282171875 0.671318096875 0.3316322609375 0.671924371875 0.3380010328125 0.666872128125 0.3422468828125 0.6672763015625 0.3528615109375 0.7076942515625 0.3495254890625 0.7062796296875 0.3380010328125 0.7121402203125 0.3352715578125 0.711533975 0.3273864046875 0.7192133609375 0.3240503828125 0.7165862187500001 0.2825016953125 0.7062796296875 0.28219841875 0.70648173125 0.27962058125 0.701025284375 0.2784074796875 0.700014834375 0.2697641421875 0.660235759375 0.2725253734375 0.6600010890625 0.2818951453125 0.66606378125 0.28310825 0.66707423125 0.28598935625
5 0.187813815625 0.88640989375 0.20826965312499998 0.88370961875 0.20107222500000002 0.8463319921875 0.17947995625 0.8487480421875 0.1811846109375 0.8650918640624999 0.18232104375 0.8693554703125 0.187813815625 0.88640989375
5 0.230240728125 0.8808672046874999 0.2238009265625 0.8442001890625 0.201798071875 0.8464650218750001 0.2016404484375 0.8471847140625 0.2077014296875 0.88370961875 0.230240728125 0.8808672046874999
5 0.2508859671875 0.8791617609375001 0.2442567625 0.84192626875 0.22476734375000001 0.8436234625000001 0.222475090625 0.8433474703125 0.22910429531249998 0.8812935640624999 0.2508859671875 0.8791617609375001
5 0.264902003125 0.839794465625 0.2448950546875 0.841669890625 0.25069656406249996 0.8793038843750001 0.2715312078125 0.876745715625 0.264902003125 0.839794465625
5 0.287251884375 0.8366678249999999 0.2654963609375 0.8391835249999999 0.27191001406250004 0.8766035984375 0.292176446875 0.87376119375 0.287251884375 0.8366678249999999
5 0.3067606921875 0.8348202578125001 0.28782010625 0.836809940625 0.29444931093750004 0.8726242328125 0.31376870156250003 0.8709187890625 0.3067606921875 0.8348202578125001
5 0.33517156875 0.86779214375 0.3277847515625 0.832119971875 0.306225378125 0.83438839375 0.30619246875 0.8346781375000001 0.3149051484375 0.8710609078125 0.33517156875 0.86779214375
5 0.397180140625 0.825479184375 0.37655397343749997 0.8272844953125 0.3825958953125 0.8641358734375 0.40210468906249996 0.8620040703124999 0.397180140625 0.825479184375
5 0.416310128125 0.8229210171875 0.39715527968750003 0.82479813125 0.40210468906249996 0.8618619531249999 0.42199230312499997 0.8594459078125001 0.416310128125 0.8229210171875
5 0.4371447703125 0.8209313312500001 0.41657260156250003 0.8223117671875 0.42161349687499994 0.8597301500000001 0.44263755781249997 0.8580247062499999 0.4371447703125 0.8209313312500001
5 0.442069334375 0.8581668296875 0.462714559375 0.8563192624999999 0.45816883124999996 0.81837316875 0.43752357656249996 0.820504971875 0.43752357656249996 0.8206470937500001 0.4373341875 0.8202207312500001 0.442069334375 0.8581668296875
5 0.48374773906249996 0.85433085 0.4784443703125 0.8166689921874999 0.458571421875 0.818497778125 0.46310250000000003 0.856604771875 0.48374773906249996 0.85433085
5 0.49984723593749997 0.8145371890625 0.47885011093749996 0.8168062453125 0.483179515625 0.8546150921875 0.5047717703125 0.8520569234375 0.49984723593749997 0.8145371890625
5 0.51935604375 0.8121211468749999 0.5001618062500001 0.814497478125 0.5030671296875 0.8521990468749999 0.524091190625 0.8503514859375001 0.51935604375 0.8121211468749999
5 0.6258817359375 0.8009694625 0.608851453125 0.8031312406250001 0.6114868953125 0.8387734375000001 0.6317533140625 0.8376364781250001 0.6258817359375 0.8009694625
5 0.648042228125 0.79926401875 0.6268479953125 0.801000071875 0.6327003437500001 0.8379207187500001 0.6520197484375 0.8356467921874999 0.648042228125 0.79926401875
5 0.6671722156250001 0.7974164578125 0.6476860984374999 0.7990465 0.651640928125 0.836215275 0.6734226 0.8337992312500001 0.6671722156250001 0.7974164578125
5 0.6870598296875 0.7951425328124999 0.6683086484375 0.7969901 0.6738014203125 0.8330886296875001 0.6927420046874999 0.8299619843749999 0.6870598296875 0.7951425328124999
5 0.7071368609375 0.7932949703125 0.6885750828125 0.795711015625 0.6934996171875001 0.8310989453125 0.7126296187500001 0.8288250234375001 0.7071368609375 0.7932949703125
5 0.7277820859374999 0.7917316484375 0.7077050546875 0.7931528515624999 0.71338723125 0.8288250234375001 0.73308545625 0.8266932203125 0.7277820859374999 0.7917316484375
5 0.7486167296875 0.789457725 0.7281608921875 0.79116316875 0.7328960390625 0.8269774625 0.7525942640625 0.8249877765625 0.7486167296875 0.789457725
5 0.7673678953125 0.7868995625 0.7495637578125 0.7888892453125 0.753351875 0.824845659375 0.772292459375 0.82271385625 0.7673678953125 0.7868995625
5 0.4097446578125 0.9824894953125 0.4028081 0.9448628859375001 0.38576594062499997 0.9465104906249999 0.38373253906250004 0.9531038703125001 0.3905245984375 0.9845497515625 0.4097446578125 0.9824894953125
5 0.4296872859375 0.9759834515625 0.42303974687499996 0.9425857671875001 0.40274889218750004 0.9444779562500001 0.4100336875 0.9820557609374999 0.4291092359375 0.9791280499999999 0.4296872859375 0.9759834515625
6 0.0296875 0.2421875 0.01953125 0.02578125
6 0.05 0.24140625 0.01953125 0.0265625
6 0.0703125 0.23984375 0.0203125 0.02578125
6 0.08984375 0.23828125 0.0203125 0.02578125
6 0.1109375 0.2375 0.021875 0.02578125
6 0.1328125 0.23671875 0.02109375 0.0265625
6 0.15390625 0.23515625 0.02109375 0.02578125
6 0.175 0.234375 0.0203125 0.0265625
6 0.19609375 0.2328125 0.02109375 0.02578125
6 0.2171875 0.23203125 0.021875 0.0265625
6 0.2375 0.23046875 0.01875 0.02578125
6 0.2578125 0.22890625 0.02109375 0.0265625
6 0.278125 0.22734375 0.01796875 0.02578125
6 0.29921875 0.2265625 0.0203125 0.02578125
6 0.31875 0.225 0.01953125 0.02421875
6 0.340625 0.2234375 0.0171875 0.0265625
6 0.35859375 0.221875 0.01953125 0.02578125
6 0.37890625 0.22109375 0.01953125 0.0265625
6 0.3984375 0.21953125 0.01796875 0.025
6 0.41875 0.21796875 0.01875 0.0265625
6 0.4375 0.2171875 0.01875 0.0234375
6 0.01171875 0.34609375 0.02109375 0.025
6 0.03359375 0.34375 0.0203125 0.0265625
6 0.053125 0.3421875 0.01875 0.0265625
6 0.0765625 0.3421875 0.02578125 0.02734375
6 0.11328125 0.346875 0.021875 0.02421875
6 0.13515625 0.3453125 0.0203125 0.0265625
6 0.215625 0.33984375 0.0203125 0.02578125
6 0.23515625 0.33828125 0.01953125 0.025
6 0.253125 0.33671875 0.0203125 0.0265625
6 0.021875 0.4953125 0.01953125 0.021875
6 0.04140625 0.49375 0.01953125 0.02265625
6 0.06015625 0.49140625 0.0171875 0.02421875
6 0.08125 0.48984375 0.0203125 0.02421875
6 0.1 0.48984375 0.01875 0.025
6 0.11953125 0.4875 0.01953125 0.025
6 0.134375 0.48671875 0.0109375 0.02578125
6 0.15 0.48046875 0.02578125 0.025
6 0.2265625 0.47578125 0.01953125 0.02578125
6 0.24765625 0.47421875 0.021875 0.02578125
6 0.32421875 0.4671875 0.01796875 0.02421875
6 0.34296875 0.46484375 0.01796875 0.0234375
6 0.3609375 0.4640625 0.01875 0.0234375
6 0.3796875 0.4625 0.01953125 0.02421875
6 0.4 0.4609375 0.0203125 0.02421875
6 0.47578125 0.4546875 0.01640625 0.02265625
6 0.49375 0.45234375 0.01796875 0.0234375
6 0.5125 0.4515625 0.01796875 0.02421875
6 0.62421875 0.44140625 0.01796875 0.0234375
6 0.6421875 0.4390625 0.015625 0.02265625
6 0.65859375 0.4375 0.01796875 0.02265625
6 0.71171875 0.43359375 0.02109375 0.02421875
6 0.73359375 0.4328125 0.02265625 0.02578125
6 0.06953125 0.6265625 0.01796875 0.02265625
6 0.0875 0.62421875 0.015625 0.0234375
6 0.10625 0.62265625 0.01875 0.0234375
6 0.12578125 0.62109375 0.01796875 0.0234375
6 0.1453125 0.6203125 0.01953125 0.02265625
6 0.1640625 0.61796875 0.01796875 0.02421875
6 0.1828125 0.61640625 0.015625 0.02265625
6 0.203125 0.6140625 0.0171875 0.02421875
6 0.22265625 0.61328125 0.01953125 0.0234375
6 0.24140625 0.6109375 0.01796875 0.0234375
6 0.26015625 0.60859375 0.0171875 0.02265625
6 0.27890625 0.60859375 0.0171875 0.02265625
6 0.29765625 0.60625 0.0171875 0.0234375
6 0.31640625 0.6046875 0.01875 0.0234375
6 0.3734375 0.5984375 0.01796875 0.02421875
6 0.3921875 0.596875 0.01796875 0.025
6 0.409375 0.5953125 0.01796875 0.0234375
6 0.4296875 0.59375 0.01875 0.02421875
6 0.465625 0.58984375 0.01796875 0.02265625
6 0.4828125 0.5890625 0.01796875 0.02421875
6 0.5015625 0.58671875 0.0171875 0.02421875
6 0.51953125 0.58515625 0.01796875 0.0234375
6 0.55625 0.58203125 0.01640625 0.02421875
6 0.57421875 0.58046875 0.01796875 0.02421875
6 0.5921875 0.57890625 0.0171875 0.025
6 0.61015625 0.57734375 0.01796875 0.0234375
6 0.628125 0.57578125 0.01640625 0.02421875
6 0.64609375 0.57421875 0.0171875 0.02421875
6 0.66484375 0.57265625 0.0171875 0.02421875
6 0.6828125 0.57109375 0.01640625 0.02421875
6 0.70078125 0.5703125 0.015625 0.02421875
6 0.71796875 0.5671875 0.0171875 0.02421875
6 0.7375 0.565625 0.01875 0.02578125
0 0.46251135468750004 0.2422505546875 0.48536290624999995 0.23960953906250002 0.48061212031249995 0.1941801390625 0.45647776562500003 0.1953525859375 0.46251135468750004 0.2422505546875
0 0.4850814375 0.24007314375000002 0.50647535625 0.2393582 0.5027352984375 0.1926727046875 0.4810590453125 0.1933426734375 0.4850814375 0.24007314375000002
0 0.5083219406249999 0.23873320625 0.5302687500000001 0.23634213593750003 0.5250819078125 0.19099778125 0.5036291484375 0.1916677484375 0.5083219406249999 0.23873320625
0 0.54668954375 0.187833771875 0.5244115093749999 0.1903278046875 0.531115496875 0.23672329374999998 0.5516744046875 0.235215859375 0.54668954375 0.187833771875
0 0.5999431125 0.227176209375 0.5929358609375 0.183812353125 0.5726802171875 0.18630797968749999 0.5775964609375001 0.232200990625 0.597931915625 0.23236848906250002 0.5999431125 0.227176209375
0 0.6200550734375 0.231196034375 0.6231835734375 0.22751118906249998 0.6180697281249999 0.1830583375 0.5952503203124999 0.1836280984375 0.5999431125 0.22918612187499998 0.5970380234375 0.2328709671875 0.6200550734375 0.231196034375
0 0.6430720828125 0.229856096875 0.6470944750000001 0.22449632031250003 0.6401875328125 0.1807962890625 0.6182673296875 0.182288153125 0.624077465625 0.22650623281249999 0.6200550734375 0.2316985125 0.6430720828125 0.229856096875
0 0.40023273281250005 0.35090748125000004 0.4199803203125 0.34985579843750003 0.413958253125 0.3086678953125 0.39215888125 0.31048335 0.40023273281250005 0.35090748125000004
0 0.4231624328125 0.349818209375 0.4437116703125 0.34785800624999996 0.43721091875000007 0.3066103765625 0.414604165625 0.3086678953125 0.4231624328125 0.349818209375
0 0.44270113593750005 0.34751863906249997 0.4657479234375 0.3458602140625 0.4601406484375 0.3051580125 0.4370494515625 0.3068524390625 0.44270113593750005 0.34751863906249997
0 0.4659538140625 0.3454611171875 0.4877841765625 0.343862421875 0.48129409375 0.3031005015625 0.46110950937500006 0.3051580125 0.4659538140625 0.3454611171875
0 0.49190084062499995 0.344770509375 0.5118132156249999 0.3430405140625 0.5066459765625 0.30104298281249997 0.4843621734375 0.30261637656249996 0.49190084062499995 0.344770509375
0 0.51245914375 0.34279845625 0.5345204078125 0.34059330781249997 0.5297371453124999 0.29983268125 0.5071304078125001 0.3012850453125 0.51245914375 0.34279845625
0 0.533935553125 0.3401357859375 0.5558301921875 0.3382322796875 0.5510520875 0.298501346875 0.529575678125 0.3000747390625 0.533935553125 0.3401357859375
7 0.48671875 0.02265625 0.09765625 0.03671875