8 0.50234375 0.50078125 0.9953125 0.9984375
0 0.4171875 0.1578125 0.07265625 0.13671875
0 0.48671875 0.15859375 0.0625 0.1375
0 0.61875 0.15703125 0.07734375 0.1328125
0 0.6592554984375 0.170353371875 0.6525032359375 0.1836530625 0.6537692671875 0.19631943125 0.6453289328125 0.2058192078125 0.6453289328125 0.22323545312499998 0.7073654140625 0.22260214375 0.7103195171875 0.203602590625 0.7183378421875 0.19441946875 0.7174937890625 0.18333639531249998 0.7288882609375 0.1725699890625 0.7301542921874999 0.10385492968750001 0.7170717796875 0.0991050421875 0.7158057484375 0.089921925 0.6527572484374999 0.0903001984375 0.650393153125 0.1003716828125 0.6596775078125 0.105121571875 0.6592554984375 0.170353371875
0 0.7293102703125001 0.17098669375 0.7174937890625 0.182703075 0.7174937890625 0.19536944375 0.710741528125 0.20518588593749998 0.7090534546875 0.2229187984375 0.775310103125 0.2241854390625 0.7748880609375 0.2045525890625 0.7850165 0.1960027640625 0.7875485624999999 0.1842863703125 0.7985210234375 0.17162000156249999 0.8023191484375 0.10353827499999999 0.7816403546874999 0.099738375 0.7812183109374999 0.089921925 0.7165978796875 0.08990449218749999 0.7174937890625 0.09942170156249999 0.7314203546875 0.1029049671875 0.7293102703125001 0.17098669375
0 0.8024538250000001 0.1036963796875 0.800765784375 0.170194809375 0.7859951984375 0.18476115312500002 0.7859951984375 0.19457755937500001 0.7767108109375 0.2021774109375 0.7750227375 0.22339355625 0.8391693015625 0.22181026093749998 0.8387472921875 0.20471065781250003 0.8505637406250001 0.1977441515625 0.8522518140625 0.1834944875 0.8678664218750001 0.17272808125 0.8737746625 0.10401302812499999 0.8488756671875001 0.0995798 0.8488756671875001 0.0894467140625 0.7814937265624999 0.0891130796875 0.78050896875 0.08849672812500001 0.7813529890625001 0.0992631390625 0.8024538250000001 0.1036963796875
0 0.87250863125 0.1036963796875 0.87124256875 0.1676615265625 0.8526738249999999 0.1831778578125 0.8526738249999999 0.1948942265625 0.8395913125 0.2031273609375 0.8374812281249999 0.22244356875000001 0.9028938234374999 0.2237102109375 0.904581896875 0.20249404062499998 0.9206185140625 0.19331093125 0.9201965046874999 0.1850777828125 0.9404533203125001 0.1720947609375 0.948049634375 0.1036963796875 0.913866253125 0.09894649062500001 0.9142882625000001 0.08786341875 0.8518298046874999 0.0888133875 0.8509857515625001 0.0897633625 0.8501417312499999 0.0998964546875 0.87250863125 0.1036963796875
0 0.9404533203125001 0.166394896875 0.9218845765625 0.181911190625 0.9193524828124999 0.19331093125 0.9050039078125 0.203444028125 0.9041598875 0.22339355625 0.96957245 0.22149360625 0.9712605562500001 0.2040773375 0.9856090999999999 0.1939442515625 0.988141225 0.18254451249999998 0.9996666671875 0.17177810625 0.99869164375 0.1036963796875 0.9822329515625 0.10021311562499999 0.9818109749999999 0.08849672812500001 0.9159763359375 0.08786341875 0.9147103062499999 0.09894649062500001 0.9442514453124999 0.10306304687500001 0.9404533203125001 0.166394896875
0 0.9721045765625 0.203444028125 0.9708385140625 0.2211769515625 0.9991136218750001 0.22054361875 0.9993960453125 0.1726071265625 0.990251309375 0.18127788281249999 0.985187121875 0.193627584375 0.9721045765625 0.203444028125
0 0.9996666671875 0.0881800671875 0.9839210578124999 0.08849672812500001 0.9826549953124999 0.09894649062500001 0.9982696015625001 0.104963003125 0.9996666671875 0.0881800671875
11 0.18984375 0.653125 0.215625 0.0578125
11 0.42265625 0.65234375 0.06953125 0.05859375
11 0.6015625 0.653125 0.08046875 0.05625
11 0.73984375 0.6546875 0.08984375 0.06171875
11 0.825 0.65546875 0.053125 0.06171875
11 0.90546875 0.65390625 0.1015625 0.0609375
11 0.35467744375 0.775034903125 0.369199575 0.7389721640625 0.366087709375 0.7109522 0.1708364109375 0.710406303125 0.15033015624999999 0.73378328125 0.1527505015625 0.7734782421874999 0.35467744375 0.775034903125
11 0.37554635625 0.773389828125 0.9757553921875 0.7791330484375 0.9827716890625 0.743716440625 0.9425876421874999 0.71260725 0.3861177765625 0.71182991875 0.3857518625 0.7130858453125 0.3742706921875 0.7355802234375 0.37554635625 0.773389828125
9 0.07416870625000001 0.89682165625 0.08160024375 0.9176809296874999 0.0898575171875 0.9199527296875001 0.091784228125 0.93089869375 0.12288661406250001 0.930692153125 0.122611375 0.922431053125 0.11655605 0.9199527296875001 0.11407886249999999 0.90818066875 0.106647303125 0.902810940625 0.10939972812500001 0.887114853125 0.1099502265625 0.8710057250000001 0.1190332140625 0.856755309375 0.12288661406250001 0.830319790625 0.0926099421875 0.8286675718750001 0.0912337296875 0.8532443484375 0.0782973421875 0.8687339109375 0.07416870625000001 0.89682165625
9 0.10582158906250001 0.901571778125 0.113803625 0.907767603125 0.11352836562499999 0.9187135671875 0.12206089843750001 0.9228441171874999 0.1231618515625 0.930692153125 0.1526128078125 0.93089869375 0.152062309375 0.913963428125 0.1427040828125 0.9166482921875 0.139951659375 0.872244871875 0.151511834375 0.8584075359375 0.15233756874999999 0.831352428125 0.12426282500000001 0.829287153125 0.1201341890625 0.855103090625 0.1102254640625 0.868527378125 0.10582158906250001 0.901571778125
9 0.169352915625 0.895835965625 0.1688024390625 0.9022383296875001 0.17403205 0.9243367578124999 0.1820140640625 0.9255759203125 0.1825645625 0.933423971875 0.21201549687500001 0.9332174468750001 0.21174025937500002 0.927434671875 0.207611621875 0.9245432828125001 0.20733638437500002 0.9140103828124999 0.20348298593749997 0.9107059468750001 0.19880387187499998 0.9014122015625 0.2021067734375 0.8890205515625 0.20265724999999998 0.8753897390625 0.2111897828125 0.858661015625 0.210639284375 0.8351168765624999 0.17762968125 0.835981328125 0.1798121375 0.8590740640625001 0.17100436562500002 0.8745636265625001 0.169352915625 0.895835965625
9 0.20183153437499998 0.887574865625 0.199079109375 0.8972816515625001 0.1996295859375 0.9036840078124999 0.20678588593749997 0.9121516328125001 0.20788686093750003 0.922064959375 0.2111897828125 0.9264020343749999 0.2111897828125 0.933423971875 0.240090240625 0.935489246875 0.24174169218750002 0.927228146875 0.23100723125 0.925369396875 0.22825480625 0.9183474578125 0.23100723125 0.908227615625 0.2312824703125 0.8749766828125001 0.24229216875 0.8549435140625 0.24174169218750002 0.8334646546875 0.2128412328125 0.8330516015624999 0.2109145234375 0.8553565703125001 0.2037582234375 0.8724983515625 0.20183153437499998 0.887574865625
9 0.2315577078125 0.9055427515625001 0.2274290703125 0.916901771875 0.22935578125 0.9237171703125 0.23981498124999998 0.928260784375 0.24064071718750002 0.9350761828125 0.2711926265625 0.935695771875 0.27064214999999997 0.913803859375 0.2637610890625 0.9259889843750001 0.2623848765625 0.8764223765624999 0.27256883906249996 0.8557696265624999 0.2736698140625 0.8293341078124999 0.24394361875 0.8295406328125001 0.24229216875 0.8534978265625 0.2315577078125 0.8749766828125001 0.2315577078125 0.9055427515625001
9 0.4328125 0.884375 0.03203125 0.10234375
9 0.4640625 0.88515625 0.03125 0.103125
9 0.4953125 0.88515625 0.0296875 0.1015625
9 0.5265625 0.88515625 0.028125 0.10078125
9 0.5578125 0.8859375 0.03046875 0.1015625
9 0.58984375 0.884375 0.034375 0.10703125
9 0.778419978125 0.920973090625 0.7693369890625 0.9149837906249999 0.7679607765625 0.936669178125 0.7974117125 0.9370822421874999 0.80154035 0.928201553125 0.809247146875 0.912711990625 0.813375784375 0.905483528125 0.8139262593750001 0.876363146875 0.8034670374999999 0.860667059375 0.805944225 0.8360902875 0.7743167734374999 0.8341747500000001 0.7718141546874999 0.860047475 0.781172403125 0.873884821875 0.778419978125 0.920973090625
9 0.812274809375 0.903624778125 0.8100728609375001 0.922831834375 0.8001641375 0.9255166984375001 0.7971364734375 0.937495290625 0.8290645953125001 0.9372887671875001 0.8304408078125001 0.9288211499999999 0.8395238171875 0.9172555984375 0.8453039046875 0.9112662968749999 0.8450286671875 0.8771892593749999 0.8351199218750001 0.8625258140625001 0.836496134375 0.836916396875 0.807595675 0.8362968125 0.8045680125000001 0.8590148375 0.8128252859374999 0.875537040625 0.812274809375 0.903624778125
9 0.84585438125 0.910027134375 0.8417257453125 0.9153968625 0.8406247703125 0.927168915625 0.83154178125 0.9288211499999999 0.8276883828124999 0.9377018156249999 0.8582402921875 0.9368757015625 0.8587907906250001 0.9304733531249999 0.8684242546875 0.9284080781249999 0.873378628125 0.913951153125 0.8766815296875 0.909407546875 0.8758558359374999 0.902179084375 0.8775072640625 0.879048009375 0.866772825 0.862319278125 0.8684242546875 0.8375359781249999 0.83866538125 0.8372717421875 0.8348446828125 0.8604605390625 0.8453039046875 0.875537040625 0.84585438125 0.910027134375
9 0.8761310515625 0.898668121875 0.8766815296875 0.910233659375 0.8700757265625001 0.9275819734375 0.8601669812500001 0.9317125234375 0.8590660281250001 0.9370822421874999 0.8890674390625 0.9362561296875 0.8896179578125001 0.9296472484375 0.8984257093749999 0.927995021875 0.903104821875 0.9153968625 0.9064077234375001 0.9133315874999999 0.91026114375 0.9077553281249999 0.9077839359375 0.902179084375 0.909985884375 0.8769827343750001 0.8989761859375 0.8625258140625001 0.8998019203125001 0.83732945 0.8700757265625001 0.8367098687500001 0.8662223484375 0.8602540031249999 0.8764063109375 0.8751239843749999 0.8761310515625 0.898668121875
9 0.907233459375 0.897015896875 0.909985884375 0.906929221875 0.9028295625 0.9162229609375 0.9009028734375001 0.9269623843750001 0.8893426984374999 0.929440715625 0.8893426984374999 0.936669178125 0.9190688937499999 0.9372887671875001 0.9204451062500001 0.928201553125 0.930904328125 0.9275819734375 0.9339319703125 0.914570734375 0.9383358656249999 0.9104401843750001 0.9405378140625 0.9046574156249999 0.9388863421875 0.8980485343750001 0.94081303125 0.8773957843750001 0.9300785921875001 0.8610801125 0.932280540625 0.836503340625 0.90060521875 0.835981328125 0.8989761859375 0.8588083125000001 0.907233459375 0.874091346875 0.907233459375 0.897015896875
9 0.9388863421875 0.893917984375 0.9416387671875001 0.904450890625 0.9358586578124999 0.9129185156249999 0.9317300218750001 0.9255166984375001 0.9212708421875 0.929234190625 0.9179678984375 0.9393540421875001 0.9507217765625 0.9407997281249999 0.952923725 0.931299465625 0.9713649609375 0.9296472484375 0.9776955468749999 0.922005728125 0.975768815625 0.9118858781249999 0.9787965 0.878015371875 0.961456215625 0.8579822 0.9658601125 0.8321662640625 0.9342072296874999 0.831340153125 0.930904328125 0.8596344218749999 0.942464503125 0.872852184375 0.9388863421875 0.893917984375
2 0.6058227781250001 0.9286257812500001 0.59990769375 0.9308449734375 0.59990769375 0.9371326484375 0.65905850625 0.93768745 0.659551440625 0.9325093499999999 0.667438209375 0.9330641500000001 0.6706422187500001 0.8814681359375 0.6644806765625 0.8661187859374999 0.6652200500000001 0.8359748765624999 0.606766253125 0.8338414140625 0.604097553125 0.8574269828125001 0.6068086296875 0.8788790921875 0.6058227781250001 0.9286257812500001
6 0.09765625 0.315625 0.02890625 0.04609375
6 0.1578125 0.31640625 0.03046875 0.04453125
6 0.24921875 0.3171875 0.02734375 0.0421875
6 0.28046875 0.3171875 0.0296875 0.04453125
6 0.3109375 0.3171875 0.028125 0.0453125
6 0.371875 0.31796875 0.0234375 0.0421875
6 0.4015625 0.31875 0.02734375 0.0453125
6 0.5203125 0.31953125 0.02578125 0.0453125
6 0.55 0.31796875 0.025 0.0453125
6 0.58203125 0.31953125 0.02421875 0.04609375
6 0.61015625 0.3203125 0.021875 0.04921875
6 0.63984375 0.31953125 0.0296875 0.04375
6 0.67109375 0.31875 0.025 0.04375
6 0.70234375 0.3171875 0.02421875 0.0453125
6 0.7609375 0.31796875 0.0296875 0.046875
6 0.7921875 0.3171875 0.028125 0.046875
6 0.88125 0.31796875 0.0359375 0.04296875
6 0.91640625 0.31640625 0.028125 0.04453125
6 0.94921875 0.3171875 0.028125 0.04765625
6 0.97890625 0.31796875 0.02734375 0.0453125
6 0.06328125 0.51953125 0.02421875 0.040625
6 0.0890625 0.5203125 0.0265625 0.04140625
6 0.1171875 0.51953125 0.02890625 0.04140625
6 0.146875 0.5203125 0.02734375 0.04140625
6 0.20703125 0.521875 0.025 0.040625
6 0.29453125 0.52265625 0.0234375 0.03828125
6 0.32421875 0.5234375 0.02578125 0.0390625
6 0.35390625 0.5234375 0.0265625 0.03984375
6 0.384375 0.5234375 0.02421875 0.040625
6 0.41484375 0.52421875 0.02578125 0.03984375
6 0.44375 0.5234375 0.0234375 0.0390625
6 0.4703125 0.5234375 0.02265625 0.0421875
6 0.5 0.5234375 0.0234375 0.040625
6 0.528125 0.5234375 0.02265625 0.040625
6 0.5578125 0.5234375 0.025 0.0390625
6 0.58671875 0.52421875 0.02578125 0.040625
6 0.615625 0.52421875 0.02421875 0.0421875
6 0.64453125 0.52421875 0.025 0.04140625
6 0.67421875 0.5234375 0.02578125 0.04140625
6 0.7046875 0.5234375 0.0265625 0.0421875
6 0.734375 0.5234375 0.0234375 0.03984375
6 0.7640625 0.525 0.0265625 0.0421875
6 0.79375 0.52421875 0.02421875 0.03984375
6 0.8234375 0.525 0.02578125 0.04140625
6 0.85390625 0.525 0.0265625 0.0421875
6 0.96328125 0.521875 0.04296875 0.04375
6 0.99296875 0.521875 0.0140625 0.04296875
0 0.5546875 0.140625 0.04140625 0.090625