8 0.8034496703125 0.99975 0.8729789421874999 0.0043610640625 0.0057940203125 0 0.0057940203125 0.0014626703125 0 0.9956127406249999 0.8034496703125 0.99975
7 0.171875 0.0671875 0.0984375 0.06796875
7 0.2703125 0.071875 0.09921875 0.06953125
7 0.3671875 0.07578125 0.09453125 0.06875
7 0.4625 0.0796875 0.09453125 0.06796875
7 0.65078125 0.08125 0.0921875 0.05234375
11 0.32890625 0.36171875 0.0203125 0.0359375
0 0.36171875 0.3625 0.0421875 0.0796875
0 0.40234375 0.3640625 0.040625 0.08046875
11 0.5984375 0.26875 0.0203125 0.0375
0 0.6062487078125 0.3870689078125 0.6057953265625 0.3951200734375 0.6020171859375 0.395006678125 0.6012615578125 0.406913334375 0.639647465625 0.40748031874999996 0.64040309375 0.396254040625 0.6440300984375 0.3943263 0.644634615625 0.3874091 0.6494706296875 0.38559475 0.6533999046875001 0.3479470328125 0.646599253125 0.3456790984375 0.64644811875 0.34227719843750004 0.64251884375 0.34080304375 0.6432744703125 0.33173130156249997 0.6060560609375 0.330834059375 0.6038306890625 0.3435245609375 0.6077599640625 0.341370028125 0.6068532 0.3488542078125 0.6138049875 0.34624608281249997 0.612142596875 0.38525455625 0.6062487078125 0.3870689078125
0 0.6461899484375 0.34559249375 0.6531417234375 0.34831401875 0.6508748390625 0.384941159375 0.6451320734375 0.3878894734375 0.6443764453124999 0.39457988125 0.6405983046875 0.396394228125 0.6399938 0.4072803125 0.6779263265625 0.40739371562500004 0.6782285734375 0.39707460625 0.6836691046875 0.395146865625 0.6835179703125001 0.38845645625 0.6901675109375 0.3857349375 0.692736640625 0.34831401875 0.6862382359375 0.3454791015625 0.6863893703125 0.34253078124999997 0.6809488390625 0.3413968140625 0.6815533546875 0.332098284375 0.643184034375 0.3313317921875 0.642260684375 0.3406030375 0.646341071875 0.34241738437499997 0.6461899484375 0.34559249375
0 0.6857848546875001 0.3459326828125 0.6937945156249999 0.348881003125 0.6909231390625 0.38539474375 0.6842735984375 0.3882296625 0.6841224859375 0.39412629374999997 0.6783797078125 0.3965076234375 0.677775215625 0.40739371562500004 0.7154054828125 0.408300884375 0.7161611109375 0.396734421875 0.7223572703125 0.395487059375 0.7223572703125 0.3883430625 0.7305180453125 0.3865287109375 0.732784928125 0.34706665000000003 0.7253797828125 0.34638627187500004 0.7253797828125 0.3428709734375 0.7196370046875 0.3416236078125 0.7197881171875 0.33266526875 0.6813495875 0.33204031093749997 0.6807977265625 0.340489640625 0.6859359890625 0.3420771953125 0.6857848546875001 0.3459326828125
11 0.58250364375 0.3842663609375 0.602864921875 0.3851429703125 0.605034571875 0.3803842328125 0.6062028374999999 0.3555887296875 0.60386629375 0.3505795359375 0.58281330625 0.35057059375 0.5853408671875 0.354586890625 0.583505015625 0.3788814796875 0.58250364375 0.3842663609375
6 0.0859375 0.2453125 0.015625 0.02578125
6 0.1046875 0.24609375 0.015625 0.02578125
6 0.12421875 0.24609375 0.01640625 0.025
6 0.14453125 0.24765625 0.01640625 0.02734375
6 0.165625 0.2484375 0.015625 0.02578125
6 0.18671875 0.24921875 0.01640625 0.02578125
6 0.20703125 0.25 0.01640625 0.02578125
6 0.22890625 0.25078125 0.01640625 0.025
6 0.2484375 0.2515625 0.01484375 0.025
6 0.26875 0.25234375 0.015625 0.025
6 0.2875 0.253125 0.015625 0.025
6 0.30859375 0.253125 0.01640625 0.025
6 0.328125 0.2546875 0.01640625 0.0234375
6 0.3484375 0.25546875 0.0171875 0.025
6 0.36875 0.25625 0.015625 0.025
6 0.38828125 0.25703125 0.0140625 0.021875
6 0.40625 0.25703125 0.01640625 0.02421875
6 0.425 0.25859375 0.01484375 0.02421875
6 0.44375 0.25859375 0.015625 0.02265625
6 0.4625 0.25859375 0.015625 0.02578125
6 0.48046875 0.259375 0.01484375 0.02421875
6 0.05078125 0.34140625 0.015625 0.025
6 0.07109375 0.3421875 0.01640625 0.02578125
6 0.09296875 0.34296875 0.01640625 0.02734375
6 0.1140625 0.34453125 0.01640625 0.0265625
6 0.14765625 0.3515625 0.015625 0.02421875
6 0.1703125 0.353125 0.01640625 0.0265625
6 0.2484375 0.3546875 0.01640625 0.0234375
6 0.26875 0.3546875 0.015625 0.02421875
6 0.28671875 0.35546875 0.015625 0.02578125
6 0.03203125 0.4859375 0.01484375 0.02265625
6 0.0515625 0.48671875 0.01484375 0.02421875
6 0.0703125 0.4859375 0.015625 0.02421875
6 0.09140625 0.4859375 0.01484375 0.02421875
6 0.1109375 0.4859375 0.01640625 0.02265625
6 0.13046875 0.48671875 0.0140625 0.025
6 0.1453125 0.48671875 0.0078125 0.02265625
6 0.1609375 0.484375 0.01953125 0.02578125
6 0.2375 0.4859375 0.015625 0.02578125
6 0.25390625 0.48515625 0.01953125 0.025
6 0.3328125 0.48671875 0.01484375 0.02578125
6 0.3515625 0.48671875 0.01484375 0.025
6 0.3703125 0.48671875 0.01640625 0.0265625
6 0.38828125 0.48671875 0.01484375 0.025
6 0.40703125 0.48671875 0.01640625 0.02578125
6 0.4796875 0.48671875 0.01484375 0.02421875
6 0.49765625 0.48671875 0.015625 0.025
6 0.51640625 0.4875 0.01484375 0.0265625
6 0.621875 0.48828125 0.0171875 0.025
6 0.63984375 0.4875 0.015625 0.02421875
6 0.65625 0.48828125 0.01484375 0.025
6 0.7078125 0.48828125 0.01953125 0.02421875
6 0.7296875 0.4890625 0.0171875 0.0265625
6 0.0546875 0.61796875 0.015625 0.0234375
6 0.07421875 0.61796875 0.015625 0.0234375
6 0.0921875 0.61875 0.01640625 0.02421875
6 0.1125 0.61796875 0.015625 0.0234375
6 0.13203125 0.61796875 0.015625 0.0234375
6 0.15 0.61796875 0.01640625 0.02421875
6 0.16953125 0.61875 0.0171875 0.02421875
6 0.18984375 0.61875 0.0171875 0.02578125
6 0.20859375 0.61796875 0.015625 0.0234375
6 0.22734375 0.61796875 0.015625 0.0234375
6 0.24609375 0.61875 0.015625 0.025
6 0.26484375 0.61796875 0.0140625 0.0234375
6 0.28359375 0.61875 0.015625 0.025
6 0.30234375 0.61796875 0.01796875 0.025
6 0.35859375 0.61796875 0.01484375 0.02421875
6 0.3765625 0.61796875 0.01484375 0.02421875
6 0.39453125 0.61796875 0.015625 0.02421875
6 0.4140625 0.61796875 0.015625 0.025
6 0.44921875 0.61640625 0.01484375 0.02421875
6 0.46640625 0.615625 0.01484375 0.02421875
6 0.484375 0.6171875 0.01484375 0.025
6 0.50234375 0.61640625 0.01328125 0.02421875
6 0.5375 0.61640625 0.015625 0.0234375
6 0.55546875 0.61640625 0.015625 0.0234375
6 0.5734375 0.61640625 0.01484375 0.025
6 0.590625 0.6171875 0.015625 0.02421875
6 0.6078125 0.61640625 0.0140625 0.02421875
6 0.62578125 0.6171875 0.015625 0.025
6 0.64296875 0.615625 0.01484375 0.0234375
6 0.66015625 0.615625 0.0140625 0.025
6 0.67734375 0.61640625 0.01484375 0.025
6 0.69453125 0.615625 0.015625 0.02421875
6 0.71171875 0.61640625 0.015625 0.0265625
5 0.13359375 0.86484375 0.0234375 0.03671875
5 0.15625 0.86484375 0.0234375 0.03671875
5 0.17890625 0.8640625 0.021875 0.03671875
5 0.19921875 0.8640625 0.0203125 0.03671875
5 0.2203125 0.8625 0.02109375 0.0375
5 0.24140625 0.8609375 0.01953125 0.03671875
5 0.2625 0.8609375 0.0203125 0.03671875
5 0.33125 0.859375 0.01953125 0.0375
5 0.3515625 0.85859375 0.0203125 0.0359375
5 0.371875 0.859375 0.02109375 0.0375
5 0.39296875 0.85859375 0.01953125 0.03671875
5 0.4125 0.8578125 0.0203125 0.03828125
5 0.4328125 0.85703125 0.0203125 0.03828125
5 0.45390625 0.8578125 0.0203125 0.03828125
5 0.5609375 0.85390625 0.01953125 0.03515625
5 0.58046875 0.85390625 0.01875 0.03515625
5 0.60078125 0.85390625 0.02109375 0.0359375
5 0.6203125 0.853125 0.01953125 0.03671875
5 0.640625 0.853125 0.01953125 0.03671875
5 0.659375 0.85234375 0.01953125 0.0359375
5 0.67890625 0.8515625 0.01953125 0.03515625
5 0.69921875 0.8515625 0.0203125 0.034375
5 0.31796875 0.9796875 0.01953125 0.0375
5 0.3390625 0.978125 0.021875 0.03671875
2 0.28828125 0.96875 0.03984375 0.0625
1 0.66640625 0.96640625 0.0765625 0.03671875
0 0.4328125 0.36328125 0.02109375 0.03984375
0 0.45625 0.365625 0.0203125 0.0375
0 0.47734375 0.3640625 0.0234375 0.0421875
0 0.49921875 0.3640625 0.02109375 0.040625
0 0.521875 0.3640625 0.0203125 0.04140625
0 0.54296875 0.3640625 0.021875 0.04140625
0 0.5640625 0.36484375 0.02109375 0.04140625
0 0.51171875 0.259375 0.02421875 0.04609375
0 0.53515625 0.26171875 0.01953125 0.0484375
0 0.55546875 0.26171875 0.0203125 0.04765625
0 0.57421875 0.2625 0.021875 0.046875
0 0.61953125 0.265625 0.02421875 0.05
0 0.64140625 0.2671875 0.021875 0.053125
0 0.66484375 0.26953125 0.0234375 0.053125
7 0.55546875 0.07578125 0.09453125 0.0546875
7 0.06875 0.0546875 0.10546875 0.05546875