8 0.07041416406249999 0.95569291875 0.885248934375 0.935580775 0.9960378046875 0 0.0060851390625 0.0023773078125 0.002511221875 0 0.002511221875 0.542723678125 0.07041416406249999 0.95569291875
6 0.06796875 0.07421875 0.02578125 0.04296875
6 0.11953125 0.07578125 0.02890625 0.04296875
6 0.19375 0.0765625 0.0234375 0.0421875
6 0.2203125 0.07734375 0.02421875 0.040625
6 0.24453125 0.078125 0.025 0.0421875
6 0.2953125 0.08046875 0.02421875 0.0421875
6 0.3203125 0.08203125 0.0234375 0.0453125
6 0.415625 0.08359375 0.021875 0.04375
6 0.43828125 0.08359375 0.02109375 0.04140625
6 0.46328125 0.084375 0.0171875 0.04296875
6 0.4859375 0.08515625 0.021875 0.04375
6 0.509375 0.084375 0.02265625 0.040625
6 0.534375 0.08515625 0.0203125 0.040625
6 0.5578125 0.08515625 0.025 0.0390625
6 0.6046875 0.08671875 0.02109375 0.04296875
6 0.628125 0.08671875 0.02109375 0.03984375
6 0.7 0.0859375 0.01796875 0.0359375
6 0.7234375 0.08671875 0.021875 0.03828125
6 0.746875 0.08671875 0.02265625 0.0390625
6 0.76875 0.0875 0.01953125 0.0390625
6 0.79375 0.08671875 0.01875 0.03984375
6 0.815625 0.0875 0.02109375 0.0390625
6 0.86171875 0.08828125 0.01796875 0.0359375
6 0.884375 0.08828125 0.01953125 0.03984375
6 0.0515625 0.25234375 0.02265625 0.034375
6 0.07421875 0.253125 0.0234375 0.0359375
6 0.0984375 0.25390625 0.0234375 0.0359375
6 0.1234375 0.25390625 0.02578125 0.03671875
6 0.171875 0.25625 0.028125 0.03671875
6 0.2421875 0.25703125 0.0234375 0.0359375
6 0.265625 0.2578125 0.021875 0.03671875
6 0.28828125 0.25625 0.02109375 0.034375
6 0.3125 0.259375 0.0203125 0.03671875
6 0.3359375 0.25859375 0.02109375 0.03515625
6 0.35859375 0.2578125 0.01953125 0.03359375
6 0.38125 0.25859375 0.0203125 0.03515625
6 0.40546875 0.25859375 0.01875 0.034375
6 0.428125 0.259375 0.01875 0.0359375
6 0.4515625 0.259375 0.01875 0.0359375
6 0.4734375 0.259375 0.01953125 0.034375
6 0.496875 0.26015625 0.0171875 0.034375
6 0.51953125 0.259375 0.0171875 0.03125
6 0.540625 0.259375 0.01796875 0.03359375
6 0.5640625 0.259375 0.01796875 0.0328125
6 0.58515625 0.26015625 0.0171875 0.03359375
6 0.60859375 0.2609375 0.0171875 0.03359375
6 0.63046875 0.26015625 0.01796875 0.03046875
6 0.65234375 0.26015625 0.01875 0.03046875
6 0.67578125 0.26015625 0.01796875 0.03203125
6 0.75859375 0.26015625 0.02421875 0.034375
6 0.784375 0.259375 0.01953125 0.03046875
6 0.80703125 0.26015625 0.01875 0.03359375
6 0.82890625 0.26015625 0.01640625 0.03203125
6 0.85078125 0.259375 0.01875 0.03203125
11 0.16484375 0.38203125 0.171875 0.04375
11 0.353125 0.3828125 0.0515625 0.04375
11 0.49296875 0.3828125 0.0609375 0.04375
11 0.59921875 0.38203125 0.06015625 0.04140625
11 0.6625 0.3828125 0.0296875 0.04296875
11 0.72109375 0.38125 0.06640625 0.040625
11 0.2203125 0.4546875 0.1703125 0.04140625
11 0.5453125 0.45546875 0.44921875 0.040625
9 0.08546756875 0.5595960953125 0.083889034375 0.5663644062500001 0.0868206 0.5722866796875 0.0902031890625 0.5870077515625 0.096968365625 0.587346175 0.097193884375 0.6002059640625 0.1219995328125 0.601052003125 0.1210975046875 0.5875153796875 0.1159108625 0.5854848921875 0.1098222109375 0.54572105625 0.11748941406249999 0.5397987828125 0.11478333437499999 0.5208475109374999 0.0902737125 0.521047378125 0.0922327453125 0.53810670625 0.0847910609375 0.5438597734374999 0.08546756875 0.5595960953125
9 0.11478333437499999 0.5843004296875 0.12132300781250001 0.587853790625 0.1210975046875 0.599359925 0.1461286546875 0.599867553125 0.1468051796875 0.5837928140625 0.1411675328125 0.5859925078125 0.1368829171875 0.5470747171875 0.1440990984375 0.540814028125 0.14071651093749998 0.5203398890625001 0.11681289375 0.5203398890625001 0.1165873875 0.520509096875 0.1170383921875 0.539629578125 0.1111752421875 0.5448750171875 0.11523435625 0.571271428125 0.112979296875 0.576855290625 0.11478333437499999 0.5843004296875
9 0.16101204062500002 0.5751632125 0.1634926015625 0.5885306234375001 0.1682282390625 0.5895458687499999 0.1691302484375 0.600882796875 0.19438691875 0.6017288359374999 0.1928083671875 0.589038253125 0.1882982484375 0.5854848921875 0.1833371265625 0.54775155 0.1892002765625 0.5397987828125 0.18717072031249998 0.52169355 0.16272950625 0.52168171875 0.16371812187499998 0.5409832390625 0.158982484375 0.54775155 0.16101204062500002 0.5751632125
9 0.1876217421875 0.584638853125 0.1932593890625 0.5870077515625 0.195063425 0.6003751687500001 0.21806503593749998 0.598683090625 0.2167119875 0.5892074578125001 0.2122018703125 0.5858233015625001 0.2063387375 0.549612834375 0.21535897343750002 0.5372606671875 0.21400592343749997 0.521524340625 0.190102303125 0.5213551359374999 0.190102303125 0.5394603671875 0.18378813125 0.5458902609375 0.1876217421875 0.584638853125
9 0.21039785000000003 0.5675488625 0.2063387375 0.572455884375 0.20791727187500003 0.5799010296875 0.2173885125 0.5861617125 0.21829055625 0.600882796875 0.24174315468750002 0.599867553125 0.24129214999999998 0.58193151875 0.2361055078125 0.58514646875 0.2315953890625 0.545213434375 0.23971361562500001 0.5384451218749999 0.23858608593750003 0.5174633546875 0.21535897343750002 0.5169557328125001 0.2167119875 0.53590700625 0.2092703203125 0.5447058124999999 0.21039785000000003 0.5675488625
9 0.3640625 0.55703125 0.0265625 0.0796875
9 0.3890625 0.55625 0.02265625 0.078125
9 0.4125 0.55703125 0.02421875 0.0796875
9 0.43515625 0.55625 0.02265625 0.07734375
9 0.45859375 0.55625 0.02265625 0.07734375
9 0.48203125 0.5546875 0.021875 0.08203125
9 0.6165671781250001 0.59174230625 0.6379902375000001 0.59174230625 0.638441259375 0.5788825109375 0.6425003546875 0.5778672796875 0.6454319390625 0.53911868125 0.641372825 0.5328580015625 0.6429513765625 0.51492196875 0.6197366765625001 0.514281078125 0.6176947078125 0.533027203125 0.623557875 0.5381034375 0.6165671781250001 0.59174230625
9 0.6207955546874999 0.51483774375 0.6419931109375 0.518052696875 0.64154210625 0.51754506875 0.6207955546874999 0.51483774375
9 0.6438534046875 0.5756675671875 0.6393432859375 0.57871331875 0.638441259375 0.591234678125 0.6603153234375 0.591065471875 0.6607663453125 0.5793901390625 0.6659529703125 0.5754983546875 0.6688845546875 0.5381034375 0.6636979109375 0.5333656171875 0.6655019656250001 0.5145835562500001 0.6425729375 0.514281078125 0.64069631875 0.5311659234375 0.646333965625 0.5379342312500001 0.6438534046875 0.5756675671875
9 0.6668549984375 0.5726218281250001 0.6607663453125 0.57871331875 0.65986431875 0.5908962671875 0.6824149078125 0.59174230625 0.68489546875 0.57871331875 0.6918861484375001 0.5656843046875 0.6923371703125001 0.54013393125 0.6880525546875 0.533704040625 0.688503559375 0.514414346875 0.6665369171875 0.514492525 0.664148934375 0.5333656171875 0.6702375859374999 0.539626309375 0.6668549984375 0.5726218281250001
9 0.6939157046875 0.5634846046875001 0.68489546875 0.57414469375 0.6824149078125 0.590050228125 0.7045144734375001 0.5907270625 0.7074460578124999 0.5776980609375 0.7155642656250001 0.5623001484375 0.7146622390624999 0.535734525 0.7108286453125 0.5331964124999999 0.7117306734375 0.5140759312500001 0.68895458125 0.5140759312500001 0.6876015328125 0.5328580015625 0.692562671875 0.53708819375 0.6939157046875 0.5634846046875001
9 0.716240790625 0.5606080703125 0.707671559375 0.57092975 0.7045144734375001 0.5907270625 0.725486528125 0.59055785625 0.7284181109375 0.5770212406249999 0.7387913796875 0.5590852046875 0.739242384375 0.537595815625 0.734055759375 0.531504334375 0.734732265625 0.514414346875 0.7130837046875 0.5130606828125 0.7101521203125001 0.531335125 0.716240790625 0.5359037375 0.716240790625 0.5606080703125
9 0.7351832875000001 0.5738062765625 0.7293201218750001 0.5766828109375 0.7266140578125 0.5908962671875 0.75029219375 0.5903886390624999 0.75029219375 0.57752885 0.7604399578125001 0.5754983546875 0.7626950171875 0.5699145 0.764950075 0.535734525 0.756155325 0.52862780625 0.7588613890625 0.5091689046875 0.734732265625 0.52981225625 0.743301496875 0.535226903125 0.7351832875000001 0.5738062765625
10 0.50703125 0.68203125 0.08515625 0.06796875
10 0.59375 0.68046875 0.084375 0.0671875
10 0.6796875 0.67890625 0.08515625 0.065625
10 0.765625 0.6765625 0.084375 0.0671875
1 0.67265625 0.78671875 0.09140625 0.078125
1 0.759375 0.78671875 0.08359375 0.07890625
2 0.51875 0.5546875 0.04609375 0.084375
9 0.11919093437499999 0.715952490625 0.1257387578125 0.7165193765625 0.12649428437500002 0.7257787687499999 0.14915983906250002 0.7257787687499999 0.1484043125 0.7178421625 0.14185648906249998 0.7151966046875 0.1383307328125 0.6798597546875 0.14437488437499998 0.6724900328125 0.143367521875 0.6539712546875001 0.12002143750000001 0.6541515 0.12145749374999999 0.6719231328124999 0.11516150624999999 0.6781590484375 0.11919093437499999 0.715952490625
9 0.14210832499999998 0.7153855765625 0.1481524765625 0.7178421625 0.147900640625 0.72521186875 0.17132170156249998 0.7244560124999999 0.17132170156249998 0.716141440625 0.16301101093749998 0.7151966046875 0.1609962875 0.6804266546875 0.167292275 0.6719231328124999 0.1662849125 0.65359331875 0.143320459375 0.6536792234375 0.14437488437499998 0.671734165625 0.138078896875 0.68004871875 0.14210832499999998 0.7153855765625
9 0.16477387968749999 0.7148186765625 0.17081803125 0.716708346875 0.17081803125 0.7244560124999999 0.19323174999999998 0.7237001265624999 0.19247622343749998 0.7153855765625 0.1879431046875 0.7134959046875 0.1844173671875 0.67891491875 0.1899578296875 0.6715451984375 0.189202303125 0.65416021875 0.16693433124999998 0.6536792234375 0.1670404390625 0.6723010687500001 0.16200364843749998 0.67891491875 0.16477387968749999 0.7148186765625
9 0.1879431046875 0.71425176875 0.19272805937499998 0.7153855765625 0.19373542187499998 0.7240780625000001 0.216149140625 0.7231332265625 0.216149140625 0.7153855765625 0.21010498906250002 0.7146297046875 0.2073347578125 0.67948181875 0.2121197125 0.671734165625 0.2121197125 0.6537822875 0.1889739453125 0.6539153625 0.1907133546875 0.6715451984375 0.184669203125 0.6792928484375 0.1879431046875 0.71425176875
9 0.210608659375 0.7131179828125 0.21564545000000002 0.7157635124999999 0.21665281093750002 0.723322196875 0.23881469531250002 0.723322196875 0.237555496875 0.7146297046875 0.2337779046875 0.7131179828125 0.23075581875 0.6787259484375 0.2350371015625 0.6707893296874999 0.23478526562500002 0.6532153843749999 0.21258781875000002 0.653443084375 0.2123715484375 0.6700334578125 0.2078384296875 0.6779700828124999 0.210608659375 0.7131179828125
9 0.2332742140625 0.7127400328125 0.23730366093750002 0.7151966046875 0.2390665296875 0.723322196875 0.2609765578125 0.7221883906250001 0.2609765578125 0.7153855765625 0.2561916234375 0.7129290046875 0.251910340625 0.6785369828125 0.2566952953125 0.6721120984375 0.256443459375 0.6539712546875001 0.23525713593750003 0.6536792234375 0.2342815765625 0.6707893296874999 0.229496621875 0.6781590484375 0.2332742140625 0.7127400328125
9 0.25593976875 0.7127400328125 0.2609765578125 0.71406281875 0.26223575625 0.722566340625 0.2838939484375 0.7221883906250001 0.2833902765625 0.714440740625 0.2786053421875 0.7133069328125 0.276086946875 0.6785369828125 0.2781016703125 0.6706003625 0.2786053421875 0.6539712546875001 0.25698189843749997 0.6536792234375 0.257198965625 0.6706003625 0.25392506406250004 0.6777811125000001 0.25593976875 0.7127400328125
9 0.2786053421875 0.7125510687500001 0.2831384609375 0.71406281875 0.28364213125000004 0.7223773625 0.3055521609375 0.7214325265625 0.30479663437500004 0.7102834625 0.3015227140625 0.7129290046875 0.297996975 0.6802376828125001 0.3022782390625 0.6707893296874999 0.3005153703125 0.653404359375 0.2790215140625 0.6536792234375 0.27961268437500003 0.6707893296874999 0.275331421875 0.6783480125 0.2786053421875 0.7125510687500001