8 0.5015625 0.5015625 0.99609375 0.996875
7 0.39296875 0.1078125 0.10625 0.121875
7 0.4984375 0.11328125 0.103125 0.12265625
7 0.6015625 0.11171875 0.10234375 0.1203125
7 0.70546875 0.1140625 0.10078125 0.11875
7 0.80625 0.11328125 0.1015625 0.11796875
7 0.90546875 0.10078125 0.10234375 0.090625
7 0.278125 0.4625 0.10859375 0.08984375
7 0.38671875 0.46171875 0.10703125 0.09140625
7 0.4921875 0.4625 0.10546875 0.09375
7 0.59765625 0.4609375 0.10390625 0.08828125
6 0.17890625 0.9921875 0.021875 0.015625
6 0.221875 0.99375 0.021875 0.0125
6 0.28828125 0.99453125 0.02109375 0.0109375
6 0.31015625 0.99375 0.0203125 0.0125
6 0.334375 0.99375 0.021875 0.0125
6 0.3796875 0.99453125 0.01875 0.0109375
6 0.403125 0.99375 0.01875 0.0125
6 0.490625 0.98515625 0.0171875 0.02890625
6 0.51328125 0.98515625 0.0203125 0.0296875
6 0.53515625 0.98515625 0.01953125 0.02890625
6 0.55703125 0.9859375 0.0171875 0.028125
6 0.5796875 0.98515625 0.01875 0.0296875
6 0.6015625 0.98515625 0.01953125 0.0296875
6 0.6234375 0.98359375 0.01875 0.0328125
6 0.66796875 0.984375 0.0203125 0.03125
6 0.68984375 0.98359375 0.0203125 0.0328125
6 0.753125 0.97890625 0.02578125 0.04140625
6 0.778125 0.97890625 0.02109375 0.0421875
6 0.7984375 0.978125 0.01953125 0.04296875
6 0.8203125 0.978125 0.02109375 0.04375
6 0.8421875 0.978125 0.021875 0.04375
6 0.86484375 0.978125 0.021875 0.04296875
6 0.90703125 0.97734375 0.021875 0.0453125
6 0.9296875 0.978125 0.02109375 0.04375
0 0.4140625 0.7578125 0.05078125 0.16484375
0 0.46328125 0.7578125 0.0484375 0.165625
0 0.55859375 0.75546875 0.05390625 0.15859375
0 0.581802403125 0.720063975 0.5868046734375 0.7344771953125 0.588405390625 0.81374988125 0.579001128125 0.818554275 0.579001128125 0.8324336796875 0.62502201875 0.8310991218750001 0.6240215640625 0.8164189953125 0.6360270140625001 0.815618253125 0.6362271015625 0.733676453125 0.62822346875 0.71953015 0.6294240109375 0.7088536953125 0.6232211984375 0.6968426812499999 0.6232211984375 0.674422125 0.578408540625 0.6751518484375 0.5776004828125 0.69764341875 0.5804017578125 0.706451503125 0.581802403125 0.720063975
0 0.6285324875 0.7194008609375 0.636336040625 0.73381408125 0.6375365828125 0.8146882312500001 0.62513095 0.815222046875 0.6247307671875 0.829368359375 0.6707516578125 0.8309698234375 0.67035148125 0.8149551390625 0.6843578406249999 0.8130867671875001 0.68555838125 0.7319456984375 0.675954015625 0.7194008609375 0.6765542953125 0.7065891109375 0.669351028125 0.6977810484375 0.6691509250000001 0.6745597437499999 0.6237303125 0.6745597437499999 0.6225297624999999 0.6951119343750001 0.629132765625 0.7060552921875 0.6285324875 0.7194008609375
0 0.6756140328125 0.7169292515625 0.685018303125 0.7321432078125001 0.6858186625 0.813284265625 0.6728127578125 0.8146188234375 0.670411675 0.829832784375 0.715432103125 0.827697484375 0.7150319281249999 0.8143519156249999 0.7336403812500001 0.8127504515625 0.73384046875 0.7305417328125 0.72163493125 0.7171961640625 0.7226353859375 0.7059858875 0.7140314734375 0.6958432515624999 0.7138313859375 0.6734226953125 0.670411675 0.6752910796875 0.6688109421874999 0.6958432515624999 0.676014215625 0.7054520734375 0.6756140328125 0.7169292515625
0 0.7228354734375 0.7171961640625 0.7340405578125 0.7297410015625 0.7342406453125 0.810882059375 0.717633115625 0.815419565625 0.7166326609375 0.827430578125 0.7606526437500001 0.8260960203125001 0.76105281875 0.8122166156249999 0.7832628984375 0.81034824375 0.7832628984375 0.7286733515625 0.7706571859375 0.7169292515625 0.769256540625 0.70385059375 0.7590519109375 0.6931741375 0.7592519984375 0.6718212265625 0.7140314734375 0.6728888734375 0.7140314734375 0.69530943125 0.7224352828125 0.7030498609375 0.7228354734375 0.7171961640625
0 0.769256540625 0.7145270499999999 0.78206235625 0.7286733515625 0.7838631765625 0.8068783984375001 0.76085273125 0.8122166156249999 0.76125290625 0.827430578125 0.80627334375 0.8250283703125 0.805472978125 0.8100813375 0.8314848015624999 0.8068783984375001 0.830884521875 0.7265380625 0.8154775187500001 0.7161285296875 0.815677621875 0.7006476593750001 0.8040723484375001 0.693974875 0.8044725234375001 0.67075358125 0.7595208078125 0.67148290625 0.7596521890625 0.69210649375 0.7690564531249999 0.702782959375 0.769256540625 0.7145270499999999
0 0.8154883171874999 0.7137267140625 0.830495128125 0.7270722843749999 0.8316956859375001 0.8028751234374999 0.8070845078125 0.810081734375 0.8064842296875 0.8252956749999999 0.851504665625 0.8244949531250001 0.85210494375 0.8076795265625 0.8789171187499999 0.8066118765624999 0.8807179390625001 0.7252039015625 0.8615092078125001 0.71239215625 0.8627097640624999 0.7011818765625 0.8505042125 0.6923738015625001 0.8495037578125 0.6699532484375 0.8048835109375 0.66968633125 0.8050836 0.6923738015625001 0.8154883171874999 0.7011818765625 0.8154883171874999 0.7137267140625
0 0.8609089437499999 0.71239215625 0.8795173828125 0.7254708187500001 0.8807179390625001 0.8039427640625 0.8529053109375001 0.8063449703125001 0.85210494375 0.8231603953125 0.894124034375 0.8218258390625 0.8947242828125 0.8074126203124999 0.9263386390624999 0.8031420515625 0.924938009375 0.7228017046875 0.90632955625 0.7121252546875 0.9069298359375001 0.6971782046875 0.89392393125 0.689437775 0.8925233015625 0.66675030625 0.8493264765624999 0.669481665625 0.8505042125 0.6910392453124999 0.86110903125 0.6995804125 0.8609089437499999 0.71239215625
0 0.51328125 0.74609375 0.03203125 0.14609375
7 0.1734375 0.08984375 0.11171875 0.09296875
7 0.28359375 0.0921875 0.10625 0.103125
7 0.1640625 0.46640625 0.11328125 0.10234375