8 0.9996666671875 0.48356150937500003 0.9996666671875 0.0029069265625 0.0623994640625 0 0.07781441875 0.9912046468750001 0.9170717796875 0.9757826140624999 0.9996666671875 0.48356150937500003
6 0.18828125 0.06328125 0.021875 0.0390625
6 0.21171875 0.06328125 0.0203125 0.0375
6 0.234375 0.06484375 0.0203125 0.03984375
6 0.25703125 0.06640625 0.021875 0.0390625
6 0.2875 0.0859375 0.01796875 0.03046875
6 0.31015625 0.0859375 0.01875 0.0296875
6 0.39375 0.0921875 0.02109375 0.02734375
6 0.41640625 0.09296875 0.0171875 0.028125
6 0.4359375 0.09296875 0.0171875 0.03046875
6 0.15625 0.2375 0.01875 0.02734375
6 0.17890625 0.23828125 0.01796875 0.0265625
6 0.19921875 0.23828125 0.0171875 0.02578125
6 0.22109375 0.2390625 0.0171875 0.025
6 0.2421875 0.23984375 0.01796875 0.02578125
6 0.2625 0.24140625 0.01875 0.02890625
6 0.28203125 0.24140625 0.015625 0.02578125
6 0.30078125 0.23359375 0.01953125 0.0328125
6 0.384375 0.23828125 0.01796875 0.03203125
6 0.4046875 0.2390625 0.01953125 0.03203125
6 0.4859375 0.24296875 0.0171875 0.03125
6 0.50546875 0.24375 0.01796875 0.034375
6 0.525 0.24296875 0.0171875 0.0296875
6 0.54453125 0.24453125 0.01875 0.03203125
6 0.56484375 0.24609375 0.0171875 0.03125
6 0.6390625 0.24921875 0.0234375 0.028125
6 0.6609375 0.25078125 0.01640625 0.03125
6 0.6796875 0.25 0.01796875 0.03046875
6 0.79140625 0.2546875 0.02421875 0.03046875
6 0.8125 0.2546875 0.0171875 0.0296875
6 0.8296875 0.2546875 0.0171875 0.03203125
6 0.87890625 0.2578125 0.0265625 0.03125
6 0.90390625 0.25859375 0.021875 0.03359375
0 0.51328125 0.1125 0.05078125 0.09375
0 0.540078009375 0.08163560156250001 0.540078009375 0.1274478703125 0.5357850921875 0.13281649375 0.5322076671875 0.1562594765625 0.576567753125 0.1593016921875 0.5770447359374999 0.13567974375 0.5818146359374999 0.13084798749999998 0.5853920625 0.0864673546875 0.580860653125 0.0825303734375 0.5827686203125 0.0680350796875 0.537955171875 0.0644490703125 0.5374545687500001 0.0646349515625 0.537693059375 0.0785933734375 0.540078009375 0.08163560156250001
0 0.7858338781249999 0.1378665515625 0.7731936359375 0.14627739687500002 0.7731936359375 0.1546882359375 0.76341534375 0.1611305890625 0.7631768515624999 0.1736573796875 0.802051528125 0.17508901875 0.8022900375 0.163993853125 0.8137377875 0.1577304578125 0.8137377875 0.1500354453125 0.8256625375000001 0.1409087734375 0.8323404046875 0.0983176859375 0.8127838031250001 0.0945596484375 0.8125453125 0.089369978125 0.7720172562500001 0.087035315625 0.7710471765625 0.1058337578125 0.7896497953125 0.0949175546875 0.7858338781249999 0.1378665515625
0 0.8280474874999999 0.13983504375 0.8134992953125 0.148961709375 0.8137377875 0.1570146453125 0.8030055109375 0.1641728046875 0.802051528125 0.17455215 0.8425956796875 0.1763416921875 0.8437881546874999 0.1645307203125 0.8547589390624999 0.1577304578125 0.8549974312499999 0.151646021875 0.8685916390624999 0.1428772796875 0.8726460656249999 0.09867559218750001 0.8566668890625 0.0959912796875 0.856428396875 0.09277010625 0.8134626453125 0.08994245625 0.8132608046875 0.094738603125 0.8325788968750001 0.0983176859375 0.8280474874999999 0.13983504375
0 0.8685916390624999 0.1430562171875 0.8554744140625001 0.151646021875 0.8552359218750001 0.1577304578125 0.8435496640625001 0.165246540625 0.8411647140625 0.1770575109375 0.88075488125 0.179562871875 0.8817088656250001 0.1682887546875 0.8950646000000001 0.16095163125 0.896257075 0.152361834375 0.90889731875 0.144845759375 0.9155751484374999 0.1008230421875 0.891487175 0.0984966375 0.8922026671875001 0.095096509375 0.8575915484375001 0.09217871875 0.8571438890625 0.095812325 0.87360003125 0.09974932343750001 0.8685916390624999 0.1430562171875
11 0.7460052 0.1453826265625 0.7655618015625001 0.1477090296875 0.77057019375 0.1453826265625 0.7762940781250001 0.1124550625 0.77414761875 0.10851806875 0.7495826250000001 0.106728528125 0.75149059375 0.10994970156249999 0.7479131671875 0.1375086421875 0.7460052 0.1453826265625
11 0.49373742812500004 0.09209842968750001 0.4903985125 0.088519346875 0.46758746249999994 0.088153446875 0.4665490109375 0.1287840296875 0.4896830203125 0.130036709375 0.49373742812500004 0.09209842968750001
6 0.18671875 0.38203125 0.01875 0.028125
6 0.20625 0.3828125 0.01796875 0.02734375
6 0.22734375 0.3828125 0.01953125 0.02734375
6 0.2484375 0.38359375 0.01796875 0.028125
6 0.26796875 0.384375 0.01796875 0.0265625
6 0.28828125 0.384375 0.01796875 0.02734375
6 0.30859375 0.38671875 0.01640625 0.028125
6 0.3296875 0.38671875 0.01953125 0.02578125
6 0.35078125 0.3875 0.0171875 0.0265625
6 0.36953125 0.3890625 0.01640625 0.02578125
6 0.38828125 0.3890625 0.015625 0.028125
6 0.40859375 0.3890625 0.0171875 0.02734375
6 0.428125 0.3890625 0.0171875 0.025
6 0.446875 0.39140625 0.01796875 0.028125
6 0.503125 0.3921875 0.0203125 0.02734375
6 0.52421875 0.3921875 0.0171875 0.02734375
6 0.54375 0.39375 0.01484375 0.0265625
6 0.56328125 0.39375 0.01875 0.02734375
6 0.59609375 0.39453125 0.02109375 0.028125
6 0.61875 0.3953125 0.015625 0.028125
6 0.63671875 0.3953125 0.01640625 0.02734375
6 0.65546875 0.3953125 0.01484375 0.0265625
6 0.68828125 0.39609375 0.0234375 0.02578125
6 0.7109375 0.39609375 0.01640625 0.0265625
6 0.7296875 0.39609375 0.015625 0.02578125
6 0.74765625 0.39765625 0.01640625 0.0265625
6 0.7671875 0.39765625 0.01640625 0.0265625
6 0.78515625 0.396875 0.0171875 0.0265625
6 0.80390625 0.39765625 0.01484375 0.025
6 0.82109375 0.39765625 0.0171875 0.02578125
6 0.83828125 0.3984375 0.015625 0.02578125
6 0.85546875 0.39921875 0.015625 0.02734375
6 0.87421875 0.39921875 0.0171875 0.0265625
1 0.79921875 0.76953125 0.07890625 0.03671875
2 0.41875 0.771875 0.04296875 0.0734375
5 0.26171875 0.6546875 0.0234375 0.03984375
5 0.28515625 0.65390625 0.0234375 0.03984375
5 0.30859375 0.65390625 0.021875 0.03984375
5 0.33125 0.65390625 0.02265625 0.040625
5 0.35390625 0.65390625 0.021875 0.040625
5 0.375 0.653125 0.02109375 0.03984375
5 0.39609375 0.65234375 0.02109375 0.03984375
5 0.4671875 0.6515625 0.02109375 0.0390625
5 0.4875 0.6515625 0.01953125 0.0390625
5 0.5078125 0.6515625 0.01953125 0.0390625
5 0.52890625 0.6515625 0.021875 0.0390625
5 0.55 0.6515625 0.0203125 0.0390625
5 0.5703125 0.6515625 0.0203125 0.0390625
5 0.59140625 0.6515625 0.021875 0.03828125
5 0.70078125 0.65 0.021875 0.0375
5 0.72109375 0.65078125 0.01875 0.03828125
5 0.740625 0.65078125 0.0203125 0.03828125
5 0.76015625 0.65078125 0.01875 0.03828125
5 0.77890625 0.65078125 0.01953125 0.0375
5 0.79921875 0.65 0.0203125 0.03671875
5 0.8203125 0.65078125 0.0203125 0.03671875
5 0.840625 0.65078125 0.0203125 0.03828125
5 0.45 0.77734375 0.01953125 0.03828125
5 0.4703125 0.77734375 0.02109375 0.03828125
0 0.6859375 0.01328125 0.0296875 0.02578125
0 0.71171875 0.0140625 0.02421875 0.02734375
0 0.73359375 0.0140625 0.0203125 0.028125
0 0.75625 0.01484375 0.0234375 0.0296875
0 0.8515625 0.01875 0.02109375 0.0359375
0 0.8265625 0.0171875 0.02109375 0.03359375
0 0.80234375 0.0140625 0.0234375 0.028125
0 0.59609375 0.1078125 0.02265625 0.0484375
0 0.73515625 0.1171875 0.02109375 0.05
0 0.71328125 0.1140625 0.02265625 0.053125
0 0.690625 0.11328125 0.0203125 0.0546875
0 0.66640625 0.1125 0.02109375 0.05
0 0.64375 0.1109375 0.021875 0.053125
0 0.6203125 0.1078125 0.02421875 0.053125