8 0.00525266875 0 0 0.9615731640625 0.9542110656249999 0.9845008828124999 0.9996666671875 0.7580894046875 0.9996666671875 0 0.00525266875 0
6 0.01328125 0.01171875 0.02421875 0.0234375
6 0.0421875 0.01328125 0.02578125 0.0265625
6 0.0734375 0.01328125 0.025 0.0265625
6 0.1015625 0.01328125 0.025 0.0265625
6 0.12734375 0.0140625 0.0171875 0.028125
6 0.15 0.0109375 0.03359375 0.021875
6 0.265625 0.0125 0.028125 0.025
6 0.2984375 0.0140625 0.034375 0.028125
6 0.415625 0.015625 0.025 0.03125
6 0.44453125 0.0171875 0.02734375 0.034375
6 0.4734375 0.01640625 0.028125 0.0328125
6 0.50390625 0.01796875 0.0296875 0.0359375
6 0.53359375 0.01953125 0.028125 0.0390625
6 0.6546875 0.01796875 0.0265625 0.0359375
6 0.684375 0.01875 0.028125 0.0375
6 0.71484375 0.02109375 0.02578125 0.04140625
6 0.8890625 0.02265625 0.0375 0.0453125
6 0.9234375 0.0234375 0.02734375 0.0453125
6 0.953125 0.0234375 0.0296875 0.046875
6 0.00703125 0.21796875 0.0140625 0.0390625
6 0.03046875 0.21796875 0.02265625 0.0375
6 0.0578125 0.21875 0.0234375 0.0375
6 0.08515625 0.22109375 0.0234375 0.0390625
6 0.11328125 0.22265625 0.025 0.03984375
6 0.140625 0.22265625 0.025 0.03671875
6 0.16796875 0.22421875 0.02265625 0.0375
6 0.19609375 0.225 0.02265625 0.03515625
6 0.225 0.22734375 0.02421875 0.0375
6 0.25234375 0.228125 0.0234375 0.03671875
6 0.28125 0.22890625 0.0234375 0.03671875
6 0.3078125 0.23125 0.0234375 0.03984375
6 0.3359375 0.23125 0.025 0.03828125
6 0.3640625 0.234375 0.028125 0.040625
6 0.44765625 0.23828125 0.02421875 0.0421875
6 0.47421875 0.2390625 0.02421875 0.040625
6 0.50234375 0.240625 0.02265625 0.0421875
6 0.53125 0.24140625 0.02265625 0.04140625
6 0.58359375 0.24453125 0.0296875 0.040625
6 0.61328125 0.24375 0.02109375 0.0421875
6 0.6390625 0.24453125 0.0265625 0.04296875
6 0.6671875 0.24609375 0.02421875 0.04375
6 0.71953125 0.2484375 0.03046875 0.03984375
6 0.74921875 0.2484375 0.025 0.0421875
6 0.77890625 0.24921875 0.025 0.0375
6 0.8046875 0.25078125 0.02578125 0.04296875
6 0.83359375 0.2515625 0.0265625 0.0421875
6 0.8609375 0.25078125 0.021875 0.04140625
6 0.88828125 0.25078125 0.0203125 0.03984375
6 0.91484375 0.25078125 0.0265625 0.0390625
6 0.94375 0.2546875 0.021875 0.04453125
6 0.9703125 0.25390625 0.02265625 0.0390625
6 0.9921875 0.2546875 0.015625 0.0421875
1 0.8375 0.75859375 0.1078125 0.05
2 0.3375 0.7359375 0.05234375 0.0875
5 0.134375 0.58671875 0.03125 0.05
5 0.165625 0.5875 0.0296875 0.05
5 0.19375 0.5875 0.0265625 0.04921875
5 0.221875 0.5890625 0.02734375 0.0515625
5 0.25 0.58984375 0.028125 0.0515625
5 0.27890625 0.58984375 0.02578125 0.05
5 0.30546875 0.58984375 0.02734375 0.04921875
5 0.3984375 0.59375 0.025 0.05
5 0.425 0.59453125 0.0265625 0.05078125
5 0.45234375 0.59609375 0.02734375 0.053125
5 0.4796875 0.59765625 0.0265625 0.05078125
5 0.50625 0.59765625 0.02734375 0.05
5 0.53515625 0.59921875 0.02734375 0.0515625
5 0.56328125 0.59921875 0.02890625 0.05078125
5 0.7199781468750001 0.628485828125 0.72688999375 0.5810683937500001 0.700869875 0.5798831671875 0.6910965375 0.626633584375 0.7199781468750001 0.628485828125
5 0.7456506984375 0.629967621875 0.7542904984375001 0.582550190625 0.7273836890625 0.58125361875 0.7273836890625 0.58162406875 0.7199781468750001 0.6277449359375 0.7456506984375 0.629967621875
5 0.783172125 0.5840319843749999 0.75555248125 0.5821722953124999 0.7458975453125001 0.628115378125 0.77527286875 0.631078971875 0.783172125 0.5840319843749999
5 0.8113131906250001 0.584772884375 0.7839451093750001 0.5830981421875 0.7757665828125 0.63089374375 0.8029202203124999 0.631449421875 0.8113131906250001 0.584772884375
5 0.8399479328125 0.58569900625 0.8107946578125 0.5840239875 0.802673390625 0.631449421875 0.8293333515624999 0.632560765625 0.8399479328125 0.58569900625
5 0.86734845625 0.58681035 0.8394959 0.585181296875 0.8290864859375 0.6327459875 0.8564870078125001 0.6338573375000001 0.86734845625 0.58681035
5 0.8954895031250001 0.58755125 0.8678885265625 0.5865700656249999 0.8572275328125001 0.6334868874999999 0.8848749218749999 0.6349686812499999 0.8954895031250001 0.58755125
5 0.9233837203125 0.5892182671875 0.8977111875 0.5877364703125 0.8866028734375 0.6338573375000001 0.9103005874999999 0.635524353125 0.9233837203125 0.5892182671875
5 0.375 0.7453125 0.021875 0.04609375
5 0.4015625 0.7453125 0.0296875 0.04609375