8 0.8426546359374999 0.9990935921874999 0.8767852406250001 0.001352115625 0.136176659375 0.00056673125 0.0519601953125 0.001352115625 0.05575258125 0.001352115625 0.0652333296875 0.9976708421874999 0.8426546359374999 0.9990935921874999
7 0.3390625 0.034375 0.08515625 0.0609375
7 0.42265625 0.03984375 0.0828125 0.059375
7 0.5046875 0.0453125 0.0796875 0.059375
7 0.58359375 0.04296875 0.07890625 0.046875
7 0.26640625 0.19296875 0.084375 0.06171875
7 0.3515625 0.19609375 0.08203125 0.059375
7 0.434375 0.1984375 0.07890625 0.05625
7 0.5140625 0.20234375 0.0796875 0.0578125
7 0.67109375 0.20234375 0.07421875 0.046875
1 0.70546875 0.9796875 0.07265625 0.034375
2 0.3640625 0.98125 0.0375 0.0375
11 0.3984375 0.4375 0.02109375 0.03125
0 0.42734375 0.43828125 0.0375 0.06953125
0 0.4625 0.4390625 0.03515625 0.06953125
11 0.6341832593750001 0.3703820625 0.6368940125 0.36544232656250003 0.6366358390625 0.3433588109375 0.6339250875 0.33919393593749997 0.6214039859375 0.3390970796875 0.62101673125 0.3396782234375 0.62088765 0.36999463125 0.6341832593750001 0.3703820625
11 0.6161442484374999 0.4535198953125 0.63361316875 0.45392696875 0.63610873125 0.45058897499999995 0.6362172328125 0.42763003125 0.63415568125 0.4234778828125 0.6172382187500001 0.423556025 0.6183143015625 0.42836276250000005 0.6171207734374999 0.4496934078125 0.6161442484374999 0.4535198953125
0 0.6376732656249999 0.42341064375000004 0.64506834375 0.42330393437499997 0.6436462125 0.4562770953125 0.6383843312499999 0.454249621875 0.6382421203125 0.463319909375 0.63269580625 0.46107901562500003 0.6331224390625 0.47196335781250004 0.6655470343750001 0.4722834890625 0.6655470343750001 0.461825978125 0.671662203125 0.461825978125 0.67052449375 0.45585026093750003 0.6782040046875 0.45574355000000005 0.6790572796875 0.42266368125 0.6720888359375 0.4223435515625 0.6713777703125 0.4173282171875 0.6668269546875 0.41583428749999995 0.6671113765625 0.406870709375 0.6341179375 0.406764 0.6331224390625 0.41658125625000003 0.6380998984375 0.4149806171875 0.6376732656249999 0.42341064375000004
0 0.671946625 0.4228770984375 0.6782040046875 0.4230905171875 0.6786306359375 0.45521000312500004 0.671235559375 0.45606367968750006 0.6718044140625 0.4619326859375 0.6656892453125 0.4620394015625 0.6661158890625 0.472390196875 0.699109328125 0.4714298109375 0.698113840625 0.4620394015625 0.7046556515625 0.46161256249999993 0.7039445859375 0.45521000312500004 0.7130462171875 0.455103303125 0.7133306390625 0.42245026562500004 0.70550891875 0.4213831734375 0.7047978515625 0.41594099531250006 0.6996781828125 0.41540745 0.6999626046875 0.40697741875000004 0.6674814078125 0.40673481718750004 0.6665425218750001 0.4151940328125 0.67151998125 0.41679467187499997 0.671946625 0.4228770984375
0 0.7056511390625 0.42116974999999995 0.7130462171875 0.42277038749999996 0.7126195734375 0.4549965875 0.7047978515625 0.4549965875 0.70451343125 0.46161256249999993 0.6983982625 0.462146109375 0.6989671171875 0.4711096875 0.7311072796875 0.47153651874999997 0.7313917015625 0.46246623124999997 0.737649090625 0.46246623124999997 0.73736466875 0.455103303125 0.74603965625 0.455103303125 0.746181878125 0.422130134375 0.738075734375 0.42148987812499994 0.7377912906249999 0.416367834375 0.7322449890625 0.41583428749999995 0.732387209375 0.407297546875 0.700018059375 0.40700151093750003 0.7003892484375001 0.41551416249999995 0.705082275 0.415727578125 0.7056511390625 0.42116974999999995
6 0.1890625 0.34296875 0.0140625 0.02265625
6 0.20625 0.3421875 0.0140625 0.02265625
6 0.22265625 0.34296875 0.0140625 0.021875
6 0.240625 0.34375 0.01484375 0.02265625
6 0.25859375 0.34453125 0.0140625 0.02265625
6 0.2765625 0.34453125 0.0140625 0.02421875
6 0.29375 0.34609375 0.01484375 0.02265625
6 0.31171875 0.34609375 0.01484375 0.02421875
6 0.3296875 0.3453125 0.0140625 0.021875
6 0.3484375 0.346875 0.0140625 0.02109375
6 0.36484375 0.346875 0.01328125 0.02109375
6 0.38203125 0.346875 0.01484375 0.02265625
6 0.39921875 0.34765625 0.01328125 0.021875
6 0.415625 0.3484375 0.0140625 0.021875
6 0.4328125 0.34921875 0.01328125 0.02265625
6 0.44921875 0.34921875 0.01484375 0.02109375
6 0.465625 0.34921875 0.01328125 0.0203125
6 0.48203125 0.34921875 0.01328125 0.021875
6 0.4984375 0.34921875 0.01171875 0.02109375
6 0.5140625 0.3484375 0.0125 0.0203125
6 0.5296875 0.35 0.0140625 0.02109375
6 0.1625 0.428125 0.015625 0.02265625
6 0.18125 0.428125 0.01484375 0.0234375
6 0.1984375 0.42890625 0.01640625 0.02578125
6 0.21875 0.428125 0.01640625 0.02421875
6 0.24375 0.43515625 0.01484375 0.02421875
6 0.26171875 0.43359375 0.01484375 0.0234375
6 0.33125 0.434375 0.0140625 0.02109375
6 0.34765625 0.434375 0.01171875 0.021875
6 0.3625 0.43515625 0.01484375 0.025
6 0.13671875 0.5515625 0.0140625 0.02109375
6 0.15546875 0.5515625 0.01484375 0.021875
6 0.171875 0.55078125 0.0140625 0.021875
6 0.190625 0.55078125 0.01484375 0.02109375
6 0.20625 0.55078125 0.01171875 0.021875
6 0.22421875 0.5515625 0.01328125 0.025
6 0.23984375 0.55 0.01171875 0.0203125
6 0.25546875 0.54921875 0.0171875 0.02421875
6 0.3234375 0.5484375 0.0125 0.02109375
6 0.33984375 0.54765625 0.01484375 0.02265625
6 0.40546875 0.546875 0.0140625 0.0234375
6 0.421875 0.546875 0.01484375 0.02421875
6 0.43828125 0.54609375 0.0125 0.0234375
6 0.45234375 0.54609375 0.01328125 0.02265625
6 0.46953125 0.54609375 0.01484375 0.0234375
6 0.534375 0.54453125 0.0140625 0.02265625
6 0.55 0.54453125 0.0140625 0.02109375
6 0.565625 0.5453125 0.0140625 0.021875
6 0.65546875 0.54453125 0.01640625 0.02265625
6 0.671875 0.54375 0.0140625 0.021875
6 0.6875 0.54296875 0.0140625 0.02265625
6 0.72890625 0.54296875 0.01796875 0.02265625
6 0.74921875 0.54375 0.01640625 0.02421875
6 0.159375 0.67109375 0.0125 0.02421875
6 0.175 0.6703125 0.0140625 0.0234375
6 0.1921875 0.6703125 0.0140625 0.02109375
6 0.21015625 0.67109375 0.0140625 0.02421875
6 0.228125 0.66953125 0.015625 0.021875
6 0.24375 0.66875 0.0140625 0.02265625
6 0.2609375 0.66953125 0.01640625 0.02109375
6 0.2796875 0.66875 0.0140625 0.021875
6 0.29609375 0.66796875 0.01328125 0.02265625
6 0.31171875 0.66640625 0.01484375 0.0203125
6 0.32890625 0.6671875 0.01484375 0.02265625
6 0.34609375 0.665625 0.01484375 0.02265625
6 0.3625 0.665625 0.0140625 0.02265625
6 0.37890625 0.66328125 0.01484375 0.0234375
6 0.4265625 0.66171875 0.0140625 0.0234375
6 0.44296875 0.66171875 0.0125 0.0265625
6 0.45859375 0.66171875 0.01328125 0.02421875
6 0.4765625 0.6609375 0.015625 0.0234375
6 0.50703125 0.659375 0.015625 0.0234375
6 0.52265625 0.659375 0.01328125 0.0234375
6 0.5390625 0.66015625 0.01328125 0.02265625
6 0.55390625 0.659375 0.01328125 0.0234375
6 0.584375 0.659375 0.01484375 0.02421875
6 0.6015625 0.65859375 0.01328125 0.02265625
6 0.615625 0.65859375 0.0140625 0.02265625
6 0.63203125 0.6578125 0.01328125 0.021875
6 0.646875 0.65703125 0.01328125 0.021875
6 0.6625 0.65859375 0.01484375 0.021875
6 0.67734375 0.65703125 0.0140625 0.02109375
6 0.69296875 0.65625 0.0125 0.0203125
6 0.7078125 0.65625 0.01328125 0.0203125
6 0.72265625 0.65625 0.0125 0.02109375
6 0.7375 0.65546875 0.01484375 0.021875
5 0.225 0.896875 0.02109375 0.03671875
5 0.2453125 0.896875 0.01875 0.0359375
5 0.2640625 0.8953125 0.01953125 0.03828125
5 0.284375 0.89375 0.01953125 0.03671875
5 0.30390625 0.89296875 0.02109375 0.03515625
5 0.3234375 0.890625 0.01953125 0.03515625
5 0.3421875 0.88984375 0.01875 0.03515625
5 0.40390625 0.88671875 0.01953125 0.03671875
5 0.42265625 0.8859375 0.01796875 0.03515625
5 0.43984375 0.88515625 0.0203125 0.0359375
5 0.459375 0.884375 0.01796875 0.034375
5 0.478125 0.8828125 0.01953125 0.03671875
5 0.49765625 0.88125 0.01875 0.03515625
5 0.515625 0.88125 0.01796875 0.03359375
5 0.61015625 0.87578125 0.01796875 0.03359375
5 0.62734375 0.875 0.015625 0.03359375
5 0.64453125 0.87421875 0.01953125 0.03359375
5 0.6625 0.87265625 0.01796875 0.0328125
5 0.68046875 0.87265625 0.01640625 0.03359375
5 0.71640625 0.8703125 0.01640625 0.03203125
5 0.7328125 0.86953125 0.0171875 0.03203125
5 0.6984375 0.87109375 0.01875 0.03359375
5 0.39296875 0.99140625 0.01875 0.0171875
5 0.4125 0.990625 0.01640625 0.01796875
0 0.5546875 0.35234375 0.0234375 0.053125
0 0.57578125 0.35234375 0.01875 0.05234375
0 0.59296875 0.35234375 0.0171875 0.05234375
0 0.61015625 0.35234375 0.01953125 0.0515625
0 0.6453125 0.353125 0.021875 0.05234375
0 0.6875 0.3546875 0.01796875 0.04921875
0 0.6671875 0.353125 0.0203125 0.05078125
0 0.490625 0.43671875 0.0203125 0.053125
0 0.603125 0.43671875 0.01875 0.0546875
0 0.584375 0.434375 0.01796875 0.05546875
0 0.565625 0.43515625 0.01875 0.05546875
0 0.5453125 0.43515625 0.0203125 0.05546875
0 0.5265625 0.4359375 0.0203125 0.053125
0 0.51015625 0.43671875 0.01875 0.05234375
7 0.16796875 0.021875 0.08671875 0.0390625
7 0.25625 0.025 0.08515625 0.04453125
7 0.17734375 0.18125 0.08671875 0.04921875
7 0.59375 0.19765625 0.0765625 0.04453125