8 0.9700834875 0.0151247890625 0.0003385953125 0 0.0003385953125 0.9978739187500001 0.7941065968750001 0.9992786718750001 0.9700834875 0.0151247890625
7 0.38570059375 0.054334248437499996 0.3917439125 0 0.2960346359375 0.00056605625 0.290407065625 0.043918421875 0.38570059375 0.054334248437499996
7 0.48774721718749997 0.001410578125 0.4731155 0.00028454375 0.392681996875 0 0.387201284375 0.052082190625000004 0.478367934375 0.062216499999999994 0.48774721718749997 0.001410578125
7 0.5721607703125 0.07347685625 0.5819151921875 0.010418868750000001 0.489304659375 0.0011257015625 0.48887274375 0.00112906875 0.47799273906249995 0.063061025 0.5721607703125 0.07347685625
7 0.6674542703124999 0.0684096984375 0.673832171875 0.0188641328125 0.5826440265625 0.010623803125000001 0.5822903859374999 0.010700371875 0.574786959375 0.0591199125 0.6674542703124999 0.0684096984375
7 0.2769033046875 0.22935324218750003 0.2854208609375 0.1677245828125 0.1911084796875 0.1566636484375 0.18564388125 0.21816877968749998 0.2769033046875 0.22935324218750003
7 0.38185164375 0.177083009375 0.28530910781249996 0.167203615625 0.2796410921875 0.22980974375000002 0.3718130984375 0.2384834140625 0.38185164375 0.177083009375
7 0.47360840781249997 0.1860948109375 0.38266865625 0.17661630625 0.372918846875 0.235854246875 0.46387407812500003 0.24886474218750002 0.47360840781249997 0.1860948109375
7 0.5663888453125 0.19476847656250001 0.47394323437499997 0.1851732984375 0.46509085156249996 0.247038709375 0.554829309375 0.2570818921875 0.5663888453125 0.19476847656250001
7 0.7512289328125 0.213081734375 0.6587742515625 0.20399867968750002 0.6514519515625 0.2509719375 0.741494603125 0.26033035937500004 0.7512289328125 0.213081734375
11 0.6343750234375001 0.41899130937500006 0.63907650625 0.3934670390625 0.638246825 0.38807166875 0.619440903125 0.3865153109375 0.6136331953124999 0.42148147968750005 0.63133288125 0.4235566234375 0.6343750234375001 0.41899130937500006
11 0.596662840625 0.51616075 0.618683634375 0.5188606250000001 0.6206986109375 0.5148648125 0.6248724875 0.490133940625 0.6248724875 0.48473418749999997 0.6031890953125 0.48356613125000003 0.6032834796875 0.4881900296875 0.5993974515625 0.51194894375 0.596662840625 0.51616075
11 0.336727928125 0.4945410265625 0.355402684375 0.49605588906250003 0.36011342343749997 0.4618450671875 0.3416279109375 0.460352134375 0.3397562703125 0.4651272875 0.33605497500000003 0.49024888281249995 0.336727928125 0.4945410265625
0 0.362768075 0.46045972031250004 0.3608170046875 0.46045972031250004 0.3558506453125 0.49972107499999996 0.357801715625 0.50078579375 0.356560115625 0.505976275 0.35851120000000003 0.506242465625 0.3563827484375 0.5175550546875 0.39487210625 0.5207491921875 0.4062237921875 0.44502135468750004 0.36704002812500003 0.44109332968750004 0.3659607453125 0.45287362656249996 0.36347755937500004 0.45353907812500005 0.362768075 0.46045972031250004
0 0.395936325 0.5027821343750001 0.3980647625 0.50504465 0.39487210625 0.522080084375 0.43442566875 0.526072765625 0.44648685312499997 0.44941330312499994 0.40651146718750003 0.44525113593750004 0.4037406203125 0.4643193109375 0.4014348 0.465384025 0.395936325 0.5027821343750001
0 0.6279766890625 0.4840432296875 0.6324109453125 0.48550721250000006 0.6274445859375 0.5231714968750001 0.6212366265625 0.5210420796874999 0.620881878125 0.5292936109374999 0.6169797375 0.526898003125 0.615206034375 0.5388760390625 0.653872759375 0.5427356328124999 0.6547596109375 0.5318223046874999 0.659548603125 0.532088484375 0.6599033390625 0.526898003125 0.6655791953125 0.5275634499999999 0.6721418906250001 0.490032253125 0.6673528984375 0.488834446875 0.668594484375 0.4805829078125 0.6645149765625 0.47951819218749997 0.666466046875 0.467939421875 0.6283314375 0.46461218750000005 0.625316134375 0.4769895 0.6286861734375 0.47659022812499996 0.6279766890625 0.4840432296875
0 0.6678850015625 0.4883020953125 0.672496625 0.4898991625 0.6677076343749999 0.5266318234375 0.6606128234375 0.5266318234375 0.660790190625 0.5324877515625001 0.6558238296875001 0.5324877515625001 0.65334064375 0.5422032734375 0.6927168531250001 0.54632905 0.6939584390625 0.53554880625 0.6996342828125 0.536081165625 0.70034378125 0.5302252375000001 0.70672909375 0.5302252375000001 0.7129370546875 0.493758753125 0.7074385921874999 0.4902984328125 0.70797068125 0.4835108734375 0.7038911859375 0.4816476265625 0.7054875078125 0.4711335640625 0.666180315625 0.4672043515625 0.6648697125 0.47898584062499994 0.6673528984375 0.480316734375 0.6678850015625 0.4883020953125
0 0.7076159453125 0.48364396718749997 0.70797068125 0.4902984328125 0.7134691703125 0.49309330625000003 0.7081480609375 0.5275634499999999 0.70105325 0.5296928875 0.69998901875 0.53554880625 0.69449055625 0.53554880625 0.6927168531250001 0.546195953125 0.7315609328125 0.5499224593750001 0.7333346359374999 0.5388760390625 0.739187859375 0.5387429515625 0.739365240625 0.53275393125 0.747169521875 0.533286290625 0.7539095984374999 0.4940249328125 0.7468147875 0.49242785937500005 0.7480563734375 0.48617265937500004 0.7423805296875 0.48497486093750003 0.74468635 0.4743277078125 0.7058422421875 0.4711335640625 0.7058422421875 0.47100047500000003 0.7035364234375 0.481115265625 0.7076159453125 0.48364396718749997
5 0.0988860234375 0.9512159390624999 0.07613054218750001 0.9497553875 0.0723392 0.9878368875 0.09459769375 0.9884497859374999 0.0988860234375 0.9512159390624999
5 0.1203276875 0.9525949703125001 0.0996181703125 0.9509042375 0.0927598328125 0.9890626921875001 0.11460990468750001 0.9909014015625001 0.1203276875 0.9525949703125001
5 0.1409525234375 0.9533610984375 0.12055279375000001 0.9518616140624999 0.1144057015625 0.9902884953125 0.135847365625 0.9919739765625 0.1409525234375 0.9533610984375
5 0.16280261093749998 0.9545869031249999 0.14250861875 0.9532019406250001 0.13523475625 0.991820753125 0.1566764203125 0.9936594624999999 0.16280261093749998 0.9545869031249999
5 0.184244259375 0.9558127109375001 0.1629326421875 0.9543507921875 0.1562679984375 0.9930465578125001 0.17730125624999998 0.993965915625 0.184244259375 0.9558127109375001
5 0.20589014374999998 0.9576514203125001 0.1843778671875 0.95588259375 0.177505475 0.9931997875 0.200172359375 0.99473204375 0.20589014374999998 0.9576514203125001
5 0.21998036718749997 0.9953449437499999 0.22467711875 0.958264321875 0.2063336921875 0.9570314453125001 0.20589014374999998 0.957191746875 0.19935554687499998 0.99473204375 0.21998036718749997 0.9953449437499999
5 0.2890338140625 0.99975 0.2951600046875 0.9640816609374999 0.275264771875 0.9622012765625 0.274943575 0.9620897296875001 0.267796353125 0.99975 0.2890338140625 0.99975
5 0.3155806375 0.9648477906249999 0.2956887953125 0.9639245531249999 0.2886254078125 0.9996300250000001 0.309046040625 0.99975 0.3155806375 0.9648477906249999
5 0.3359337609375 0.9671660671875 0.3164001515625 0.9655132046875 0.3091489609375 0.99975 0.3308318953125 0.99975 0.3359337609375 0.9671660671875
5 0.35761668593749996 0.9686973359375 0.3358542484375 0.9667091531249999 0.33032170625 0.99975 0.350474084375 0.99975 0.35761668593749996 0.9686973359375
5 0.3777690640625 0.97051571875 0.3575407828125 0.9683834812500001 0.35098426250000003 0.99975 0.3729222859375 0.99975 0.3777690640625 0.97051571875
5 0.392819575 0.99975 0.39868672968749996 0.970898534375 0.37843001875 0.969459834375 0.37802415312500004 0.9694629703125001 0.3729222859375 0.99975 0.392819575 0.99975
5 0.419476821875 0.9721426921875 0.3994787140625 0.970775378125 0.39256448593750004 0.99975 0.4147575984375 0.99975 0.419476821875 0.9721426921875
5 0.530418421875 0.9794916484374999 0.50989886875 0.9782750390625001 0.5046534484375 0.999730546875 0.526996503125 0.99975 0.530418421875 0.9794916484374999
5 0.5499434296875 0.9810020140625 0.53078605 0.9792187359375 0.526996503125 0.9995795125000001 0.5475279703125 0.999730546875 0.5499434296875 0.9810020140625
5 0.57087746875 0.9826634140625 0.5499116625 0.9814836109374999 0.5469240984375 0.999730546875 0.56886458125 0.99975 0.57087746875 0.9826634140625
5 0.5912076359375 0.9843248156250001 0.571682628125 0.98281445 0.56846199375 0.9992774375 0.58959731875 0.999730546875 0.5912076359375 0.9843248156250001
5 0.61113523125 0.9995795125000001 0.612544246875 0.9855331109375 0.5914343718749999 0.9841259656249999 0.5912076359375 0.9832675625 0.5902011921875 0.999730546875 0.61113523125 0.9995795125000001
5 0.6312641109375 0.99975 0.6326731265625 0.9865903640625 0.6128248593750001 0.9854471421875 0.6121416749999999 0.98583518125 0.61073264375 0.99975 0.6312641109375 0.99975
5 0.6536071812500001 0.988704878125 0.632705428125 0.986957059375 0.63045896875 0.999730546875 0.65159429375 0.99975 0.6536071812500001 0.988704878125
5 0.6739373328125 0.9897621359375 0.6538442625 0.988655715625 0.6511916906249999 0.99975 0.672327015625 0.99975 0.6739373328125 0.9897621359375
5 0.132649915625 0.36739619375 0.1386189015625 0.3435770609375 0.12316465000000001 0.34130618125 0.1231538046875 0.341235859375 0.11799877968750001 0.36444425156250004 0.132649915625 0.36739619375
5 0.1516421375 0.3689230625 0.1576111234375 0.345409296875 0.14173905625 0.3432716828125 0.14173905625 0.3431698921875 0.136855334375 0.3661746984375 0.1516421375 0.3689230625
5 0.17619637500000002 0.34734332968750004 0.1596289859375 0.3451222171875 0.15598322343749998 0.36912665312500004 0.17090568281250001 0.3704499296875 0.17619637500000002 0.34734332968750004
5 0.196816496875 0.34948094687500003 0.180150775 0.3475390390625 0.1753824140625 0.3728929203125 0.1932893609375 0.374012621875 0.196816496875 0.34948094687500003
5 0.2101833015625 0.374675284375 0.21507168906250002 0.3518726203125 0.1977273359375 0.34997494218749997 0.19763644062500002 0.35022202343750003 0.19551814218750002 0.3730858203125 0.2101833015625 0.374675284375
5 0.231040425 0.3771817421875 0.2360102765625 0.3535843453125 0.21809899531250002 0.35180839218750004 0.2181676703125 0.3519337515625 0.21539757656249997 0.37559228125 0.231040425 0.3771817421875
5 0.25473824375 0.35589005625 0.2382669390625 0.353718234375 0.234695859375 0.37802025625 0.2501757515625 0.37960971875 0.25473824375 0.35589005625
5 0.2751065296875 0.3576629171875 0.25864895625 0.356012321875 0.25473824375 0.3804655828125 0.2708699296875 0.3819939109375 0.2751065296875 0.3576629171875
5 0.29450443125 0.35908260625 0.278297253125 0.3575379203125 0.2748694125 0.38219094062500003 0.291001084375 0.3839026640625 0.29450443125 0.35908260625
5 0.31356914062499996 0.3608554671875 0.2974466140625 0.35921858281249996 0.294748853125 0.38420832968749996 0.3105546328125 0.3859811921875 0.31356914062499996 0.3608554671875
5 0.3327968015625 0.3627505953125 0.316828065625 0.36134453125 0.31324325468750003 0.3861645953125 0.32978228593750003 0.38738725937499996 0.3327968015625 0.3627505953125
5 0.3524609265625 0.36473655781250003 0.3365602015625 0.362961875 0.3331518 0.386989025 0.3487946359375 0.3890675578125 0.3524609265625 0.36473655781250003
5 0.3704664828125 0.3668150859375 0.3552002703125 0.3651009 0.3518906171875 0.3896788890625 0.36680019375 0.3907181484375 0.3704664828125 0.3668150859375
5 0.3902280765625 0.36939675781250003 0.3751644984375 0.36792746875 0.37222251875 0.3916492234375 0.3868876796875 0.3930552875 0.3902280765625 0.36939675781250003
5 0.40774479531249996 0.37098621875000004 0.394790575 0.370069221875 0.39128722968749996 0.39329981875 0.4058709109375 0.395622878125 0.40774479531249996 0.37098621875000004
5 0.429322428125 0.37275771875 0.4150646328125 0.3717795890625 0.41131687031249997 0.39592718125 0.42590055937500004 0.39714984375 0.429322428125 0.37275771875
5 0.446187365625 0.37410265 0.43128842343749996 0.373351421875 0.428507696875 0.3974555109375 0.4429284421875 0.3983725078125 0.446187365625 0.37410265
5 0.46565943593750003 0.37569210937499997 0.45043778437500004 0.37472650937499996 0.447816828125 0.3983113796875 0.4620746234375 0.399839709375 0.46565943593750003 0.37569210937499997
5 0.4827150765625 0.3773413421875 0.468466703125 0.376636353125 0.4660945609375 0.40044967812500004 0.48067824843749996 0.40228367187499997 0.4827150765625 0.3773413421875
5 0.501861259375 0.378319471875 0.4882272140625 0.377629471875 0.4849148484375 0.400999871875 0.49933560000000005 0.40185573437500005 0.501861259375 0.378319471875
5 0.5174226281250001 0.4027727328125 0.5199482875 0.3803368671875 0.5051356921875 0.3796921015625 0.5051201828125 0.37990893593749997 0.50210568125 0.40246706718749997 0.5174226281250001 0.4027727328125
5 0.085923340625 0.46276899687500006 0.0893634875 0.43704198281249995 0.0726038359375 0.436197984375 0.068378590625 0.46078999062500003 0.085923340625 0.46276899687500006
5 0.10839896093750001 0.43953724375 0.09257429375000001 0.4379884609375 0.09142757812499999 0.462596903125 0.10622020000000001 0.46345733906250003 0.10839896093750001 0.43953724375
5 0.1277784546875 0.44134415625 0.11172443750000001 0.4397953734375 0.1095456765625 0.463371296875 0.12559969375 0.4656084265625 0.1277784546875 0.44134415625
5 0.130415903125 0.46638281875 0.145208534375 0.4679316046875 0.1486486796875 0.442978984375 0.133929925 0.44193865624999995 0.133856040625 0.44186041875 0.133856040625 0.4419464609375 0.130415903125 0.46638281875
5 0.18257399531250001 0.449234465625 0.16719019375 0.44806743281249994 0.16170376875 0.4733266453125 0.1791338484375 0.4736708171875 0.18257399531250001 0.449234465625
5 0.1997747265625 0.47599400000000003 0.2040175703125 0.450955334375 0.187006209375 0.44958684531250004 0.18326202187500001 0.474531253125 0.1997747265625 0.47599400000000003
5 0.2812376359375 0.45744810156250004 0.2647249328125 0.456243490625 0.2611701171875 0.48093797812499994 0.2767654453125 0.48188445625 0.2812376359375 0.45744810156250004
5 0.2983236890625 0.458738753125 0.2831710453125 0.45795949687500004 0.279746903125 0.482744890625 0.2959155890625 0.483863459375 0.2983236890625 0.458738753125
5 0.3160977875 0.45968523125000005 0.30050245000000003 0.458738753125 0.2986677078125 0.48472389375 0.31288698125000003 0.485326196875 0.3160977875 0.45968523125000005
5 0.040625 0.58203125 0.0140625 0.025
5 0.05859375 0.58359375 0.0140625 0.025
5 0.078125 0.58515625 0.01328125 0.02578125
5 0.09765625 0.58671875 0.015625 0.025
5 0.11640625 0.58828125 0.015625 0.02578125
5 0.13515625 0.5890625 0.015625 0.0265625
5 0.15078125 0.58984375 0.00703125 0.02421875
5 0.16484375 0.59140625 0.0203125 0.025
5 0.2390625 0.5984375 0.015625 0.02734375
5 0.25703125 0.5984375 0.01875 0.028125
5 0.3328125 0.6046875 0.01640625 0.02578125
5 0.3515625 0.60703125 0.0171875 0.02734375
5 0.3703125 0.60859375 0.015625 0.028125
5 0.38828125 0.609375 0.01796875 0.02890625
5 0.40703125 0.61015625 0.01640625 0.02734375
5 0.48125 0.61484375 0.015625 0.0296875
5 0.4984375 0.61796875 0.01640625 0.0296875
5 0.51640625 0.61875 0.0171875 0.0296875
5 0.625 0.62734375 0.0171875 0.03046875
5 0.64296875 0.62890625 0.01640625 0.0296875
5 0.66015625 0.63203125 0.015625 0.03203125
5 0.71328125 0.63515625 0.0203125 0.03046875
5 0.734375 0.6375 0.01953125 0.03125
5 0.04296875 0.71640625 0.015625 0.03046875
5 0.06171875 0.7171875 0.0171875 0.0296875
5 0.0796875 0.71796875 0.0171875 0.028125
5 0.09765625 0.7203125 0.01875 0.028125
5 0.11640625 0.721875 0.015625 0.0296875
5 0.13515625 0.7234375 0.01875 0.02734375
5 0.1546875 0.72578125 0.01640625 0.028125
5 0.1734375 0.72578125 0.01640625 0.028125
5 0.1921875 0.728125 0.01640625 0.02734375
5 0.2109375 0.72890625 0.01640625 0.0265625
5 0.2296875 0.73125 0.01640625 0.02890625
5 0.24765625 0.73125 0.0171875 0.0265625
5 0.26640625 0.73203125 0.0171875 0.028125
5 0.2859375 0.734375 0.01875 0.02578125
5 0.34140625 0.7359375 0.015625 0.03046875
5 0.35859375 0.73828125 0.01640625 0.03046875
5 0.37734375 0.7390625 0.01640625 0.028125
5 0.3953125 0.740625 0.0171875 0.02890625
5 0.43203125 0.74296875 0.01484375 0.03125
5 0.45078125 0.7453125 0.01875 0.0296875
5 0.46875 0.74609375 0.01484375 0.03125
5 0.48671875 0.746875 0.01796875 0.03046875
5 0.52265625 0.75 0.0171875 0.03203125
5 0.540625 0.7515625 0.0171875 0.03359375
5 0.55859375 0.753125 0.01640625 0.03359375
5 0.5765625 0.7546875 0.01875 0.0328125
5 0.59609375 0.75625 0.0171875 0.0328125
5 0.61328125 0.75703125 0.015625 0.03203125
5 0.63046875 0.75859375 0.01640625 0.03125
5 0.6484375 0.759375 0.01640625 0.0296875
5 0.66640625 0.7625 0.01640625 0.03125
5 0.68359375 0.76328125 0.015625 0.03125
5 0.70234375 0.76484375 0.0171875 0.03046875
0 0.43654842968749996 0.513993984375 0.4564067109375 0.5159338531250001 0.46542636406250004 0.4611488453125 0.44515036406249997 0.4591916203125 0.43654842968749996 0.513993984375
0 0.4658871828125 0.4604580578125 0.459435728125 0.5162966124999999 0.4792851359375 0.5176780921875 0.4873920390625 0.4623001578125 0.4658871828125 0.4604580578125
0 0.5073608171874999 0.4674810546875 0.4875456359375 0.4644876453125 0.478790090625 0.5168722625 0.5004485453124999 0.5195202734375 0.5073608171874999 0.4674810546875
0 0.5009093640625 0.518944621875 0.5213663484375 0.5209440375 0.528251259375 0.4679415765625 0.5082824546875 0.46586921875 0.5009093640625 0.518944621875
0 0.523796675 0.5211321140625 0.5441713265625 0.522844453125 0.5528282203125 0.47070472187499995 0.5314769874999999 0.46886262656250005 0.523796675 0.5211321140625
0 0.54361185625 0.5222834171875 0.5658245390625 0.524572103125 0.572796996875 0.472777084375 0.553442634375 0.47116524374999996 0.54361185625 0.5222834171875
0 0.5668063609375 0.5243557765625 0.58609563125 0.526299753125 0.5946090765625 0.47519483593749995 0.5738722593750001 0.47312247812499997 0.5668063609375 0.5243557765625
0 0.5550469703124999 0.3782376953125 0.5357921250000001 0.37632195468749996 0.5288058421875 0.4170633953125 0.529146646875 0.41642481875000004 0.550105465625 0.41731883593749997 0.5550469703124999 0.3782376953125
0 0.57072348125 0.42051173124999996 0.5773689609375 0.3805365859375 0.5567509453125 0.378876278125 0.547038321875 0.4261312484375 0.5688491203125 0.42753612187499995 0.57072348125 0.42051173124999996
0 0.598668584375 0.3818137453125 0.5988389703125 0.37581109218750003 0.577028171875 0.374150778125 0.5697011 0.4276638421875 0.5899783421875 0.4291964359375 0.598668584375 0.3818137453125
0 0.6189458265625001 0.3775991140625 0.5983277796875 0.37581109218750003 0.5903191296875 0.42957958281249997 0.6100851656249999 0.4311121765625 0.6189458265625001 0.3775991140625
0 0.6567739390625 0.42702525312499995 0.6658049546875 0.39177560312500004 0.6630786140625 0.38168603125 0.642801371875 0.3797702890625 0.6330887484375001 0.4327724796875 0.633429553125 0.4327724796875 0.6537067953125 0.43456051249999994 0.6567739390625 0.42702525312499995
0 0.6647825734375 0.3815583171875 0.654388371875 0.43532680937499996 0.677562340625 0.43749797968750004 0.684548625 0.38219689375 0.6647825734375 0.3815583171875
7 0.18541745781250002 0.20308137187500003 0.1895443359375 0.15860296875 0.095778378125 0.1457079140625 0.09500116875 0.1473426125 0.08712257500000001 0.19351007656250002 0.18541745781250002 0.20308137187500003
7 0.6594819000000001 0.20425092500000003 0.5655857656250001 0.1940117484375 0.5604793828125 0.2401513515625 0.6524891265625 0.249816871875 0.6594819000000001 0.20425092500000003