8 0.903195028125 0.00039522656249999996 0.0633628375 0.00036276562499999997 0.079130734375 0.9874082468750001 0.8896541234375 0.99975 0.903195028125 0.00039522656249999996
7 0.359375 0.0734375 0.0875 0.06015625
7 0.44296875 0.075 0.08203125 0.059375
7 0.52578125 0.08046875 0.08359375 0.05625
7 0.60625 0.07421875 0.0765625 0.0421875
7 0.28984375 0.234375 0.08671875 0.05859375
7 0.37421875 0.2359375 0.08359375 0.05546875
7 0.45703125 0.23671875 0.0828125 0.05390625
7 0.5375 0.23828125 0.07890625 0.05546875
7 0.69765625 0.2359375 0.078125 0.0421875
11 0.6635699515625 0.400891303125 0.6646150671875 0.379129840625 0.6621329140625 0.374914778125 0.6494609390625 0.37471873125 0.6485464703125 0.4053024140625 0.6604346046875 0.4057925375 0.6635699515625 0.400891303125
11 0.644441853125 0.49061411875000005 0.663413928125 0.4901727046875 0.665472915625 0.4860896109375 0.6640022109375 0.46236353125 0.6625315078125 0.45993574531250003 0.6435594328125 0.46048751406250005 0.6465008390625 0.46457060781250004 0.6462067031250001 0.485868903125 0.644441853125 0.49061411875000005
0 0.6664481828125 0.458791409375 0.674077575 0.459592865625 0.6751456859375 0.490391728125 0.6673637078125 0.4919946390625 0.66751629375 0.498864278125 0.66217571875 0.4990932625 0.6608024265625 0.508252775 0.696355396875 0.5079092984375 0.695134690625 0.4990932625 0.7001700937499999 0.4984063015625 0.6997123249999999 0.493254075 0.7070365453125 0.49256710937500003 0.7074943140625 0.4607378046875 0.7004752640625 0.4579899546875 0.700780446875 0.4528377296875 0.6942191656250001 0.45180728124999997 0.6940665796875 0.44230428593750004 0.6627860734375 0.44276226249999995 0.6618705484375 0.45272323124999997 0.6659904156249999 0.451692790625 0.6664481828125 0.458791409375
0 0.7004752640625 0.4579899546875 0.708257253125 0.461424771875 0.70810465625 0.4910786890625 0.7004752640625 0.493597565625 0.70108561875 0.4976048515625 0.69574504375 0.5001237093750001 0.696355396875 0.508023790625 0.73007730625 0.5076803062499999 0.7297721359375 0.498864278125 0.7357230515625 0.49794832343750006 0.735570478125 0.492338125 0.744420578125 0.4913076875 0.7439628093749999 0.45856242500000005 0.7361808203125 0.4573029875 0.7361808203125 0.45203626874999997 0.7285514281250001 0.45100582187500005 0.7285514281250001 0.4419608046875 0.693855784375 0.44212989843750006 0.6940665796875 0.45146379999999997 0.700322678125 0.45318120781250004 0.7004752640625 0.4579899546875
0 0.7361496062499999 0.4570736609375 0.7443893515625 0.4589055609375 0.744694534375 0.49130734687500005 0.7361496062499999 0.4924522859375 0.7364547890625001 0.49806247968750006 0.7298935078125 0.49920741875 0.73004609375 0.5076799656250001 0.7628524890625 0.5075654734375 0.761936953125 0.49817698125 0.769871515625 0.4973755140625 0.7701767109375 0.4911928453125 0.778263846875 0.4911928453125 0.7781112734375 0.45741714531250005 0.769413771875 0.4570736609375 0.7697189421874999 0.451921434375 0.76437836875 0.4504330125 0.7636154296875 0.44138799375 0.7281937484375 0.44227297343750005 0.727757275 0.45066200156249997 0.7363022031249999 0.45146345937500004 0.7361496062499999 0.4570736609375
0 0.45234375 0.47734375 0.03984375 0.06796875
0 0.4890625 0.478125 0.0375 0.06953125
11 0.425 0.47734375 0.021875 0.03046875
5 0.25625 0.94375 0.02265625 0.03671875
5 0.27734375 0.94296875 0.01875 0.0359375
5 0.29765625 0.940625 0.0203125 0.034375
5 0.31796875 0.94140625 0.01953125 0.03515625
5 0.3375 0.93984375 0.01875 0.0359375
5 0.35546875 0.93828125 0.01875 0.034375
5 0.375 0.9375 0.01796875 0.034375
5 0.4375 0.9328125 0.0203125 0.0359375
5 0.45625 0.93203125 0.01640625 0.034375
5 0.47421875 0.93203125 0.01875 0.0359375
5 0.49296875 0.93046875 0.0171875 0.0359375
5 0.5109375 0.9296875 0.0171875 0.0359375
5 0.52890625 0.92890625 0.01796875 0.03515625
5 0.5484375 0.928125 0.0203125 0.0359375
5 0.64609375 0.92109375 0.01953125 0.03359375
5 0.6640625 0.9203125 0.0171875 0.034375
5 0.68125 0.91953125 0.01796875 0.03515625
5 0.7 0.91875 0.01875 0.03515625
5 0.71875 0.91796875 0.01875 0.034375
5 0.7359375 0.9171875 0.015625 0.03359375
5 0.753125 0.91640625 0.01875 0.0328125
5 0.771875 0.915625 0.01953125 0.03359375
6 0.21484375 0.38515625 0.01484375 0.02265625
6 0.23125 0.38515625 0.01328125 0.021875
6 0.24765625 0.384375 0.01484375 0.0203125
6 0.265625 0.38515625 0.01328125 0.02109375
6 0.28515625 0.3859375 0.01640625 0.0234375
6 0.3015625 0.38671875 0.015625 0.0203125
6 0.31953125 0.38671875 0.015625 0.02265625
6 0.33828125 0.38671875 0.01640625 0.02109375
6 0.35546875 0.3859375 0.0140625 0.01953125
6 0.37265625 0.38671875 0.01484375 0.021875
6 0.38984375 0.38671875 0.015625 0.021875
6 0.40703125 0.3875 0.01328125 0.021875
6 0.42265625 0.3875 0.0140625 0.021875
6 0.44140625 0.3875 0.01328125 0.021875
6 0.45703125 0.38671875 0.0140625 0.0203125
6 0.47421875 0.3890625 0.015625 0.0203125
6 0.49140625 0.3875 0.0140625 0.02109375
6 0.50703125 0.3875 0.0125 0.0203125
6 0.52265625 0.3875 0.01484375 0.02109375
6 0.5390625 0.38671875 0.0140625 0.02109375
6 0.55546875 0.38671875 0.0125 0.02109375
6 0.18984375 0.4734375 0.01640625 0.02109375
6 0.20859375 0.471875 0.015625 0.021875
6 0.22734375 0.47265625 0.01640625 0.02421875
6 0.24453125 0.47265625 0.01640625 0.0234375
6 0.26953125 0.475 0.01484375 0.02109375
6 0.2875 0.475 0.015625 0.021875
6 0.35625 0.475 0.01328125 0.021875
6 0.37421875 0.47578125 0.01484375 0.021875
6 0.3890625 0.475 0.0125 0.021875
6 0.16484375 0.5953125 0.01484375 0.021875
6 0.1828125 0.5953125 0.015625 0.0234375
6 0.20078125 0.5953125 0.01328125 0.021875
6 0.2171875 0.59453125 0.01484375 0.0234375
6 0.23515625 0.59453125 0.01484375 0.02265625
6 0.253125 0.59453125 0.015625 0.0234375
6 0.26796875 0.59375 0.01171875 0.02265625
6 0.2828125 0.59296875 0.01796875 0.0234375
6 0.35078125 0.58984375 0.0140625 0.02421875
6 0.36640625 0.58984375 0.015625 0.025
6 0.43359375 0.5875 0.01484375 0.0234375
6 0.44921875 0.5875 0.01484375 0.025
6 0.46640625 0.58828125 0.01484375 0.02578125
6 0.4828125 0.5875 0.01328125 0.02421875
6 0.49765625 0.5875 0.01484375 0.02578125
6 0.5625 0.5859375 0.01484375 0.021875
6 0.57890625 0.58515625 0.0140625 0.021875
6 0.59375 0.584375 0.01484375 0.02421875
6 0.68671875 0.58359375 0.01875 0.02265625
6 0.7046875 0.5828125 0.01328125 0.021875
6 0.7203125 0.58203125 0.0140625 0.02265625
6 0.76328125 0.5828125 0.01875 0.02421875
6 0.7828125 0.5828125 0.0171875 0.0234375
6 0.1890625 0.715625 0.01484375 0.02421875
6 0.20546875 0.71484375 0.01484375 0.02265625
6 0.22265625 0.715625 0.0140625 0.02421875
6 0.2390625 0.7140625 0.01484375 0.0234375
6 0.25703125 0.7140625 0.015625 0.02421875
6 0.275 0.7140625 0.0140625 0.02421875
6 0.290625 0.71328125 0.01484375 0.0234375
6 0.30859375 0.7125 0.015625 0.02265625
6 0.32578125 0.7125 0.0140625 0.02265625
6 0.34140625 0.71171875 0.0140625 0.0234375
6 0.35859375 0.7109375 0.0140625 0.02421875
6 0.375 0.709375 0.01640625 0.02421875
6 0.3921875 0.71015625 0.0140625 0.02578125
6 0.40859375 0.70859375 0.0140625 0.02421875
6 0.45625 0.70703125 0.01484375 0.0234375
6 0.4734375 0.70703125 0.0140625 0.02265625
6 0.4890625 0.70546875 0.01328125 0.021875
6 0.50625 0.70546875 0.015625 0.0234375
6 0.5375 0.70390625 0.01484375 0.02109375
6 0.55390625 0.7046875 0.01328125 0.021875
6 0.5703125 0.70390625 0.01328125 0.021875
6 0.58671875 0.703125 0.01484375 0.02109375
6 0.61796875 0.70234375 0.0140625 0.02265625
6 0.63359375 0.70234375 0.0140625 0.02265625
6 0.64921875 0.70078125 0.0140625 0.02109375
6 0.6640625 0.70078125 0.01484375 0.021875
6 0.68046875 0.7 0.01484375 0.021875
6 0.69609375 0.7 0.0140625 0.02265625
6 0.71171875 0.69921875 0.01328125 0.021875
6 0.728125 0.69921875 0.01484375 0.021875
6 0.7421875 0.69765625 0.0140625 0.02109375
6 0.7578125 0.69765625 0.0140625 0.02265625
6 0.7734375 0.696875 0.0140625 0.021875
0 0.58046875 0.3875 0.025 0.053125
0 0.63984375 0.38828125 0.0171875 0.05390625
0 0.62109375 0.38828125 0.01953125 0.0546875
0 0.60234375 0.38828125 0.01875 0.0546875
0 0.6734375 0.3875 0.02109375 0.0546875
0 0.696875 0.38828125 0.0203125 0.05390625
0 0.71640625 0.38984375 0.02109375 0.05078125
0 0.51796875 0.475 0.0171875 0.0578125
0 0.5546875 0.47421875 0.0203125 0.05234375
0 0.53671875 0.47421875 0.01953125 0.05546875
0 0.5734375 0.47265625 0.01875 0.05390625
0 0.5953125 0.4734375 0.02265625 0.05625
0 0.61484375 0.47421875 0.01328125 0.05546875
0 0.63203125 0.47421875 0.0171875 0.0515625
7 0.18671875 0.0609375 0.08828125 0.046875
7 0.2734375 0.06171875 0.08359375 0.05234375
7 0.2015625 0.22578125 0.08671875 0.04453125
7 0.61796875 0.2328125 0.07890625 0.04140625