8 0.5015625 0.50078125 0.99453125 0.99765625
7 0.19453125 0.04375 0.12421875 0.0875
7 0.3203125 0.04609375 0.1265625 0.09140625
7 0.44296875 0.04609375 0.11875 0.08515625
7 0.56015625 0.04765625 0.11640625 0.0953125
6 0.10546875 0.63515625 0.03125 0.06171875
6 0.15703125 0.63671875 0.03046875 0.05390625
6 0.22890625 0.6328125 0.02265625 0.05703125
6 0.253125 0.634375 0.0234375 0.059375
6 0.27734375 0.6328125 0.02265625 0.05625
6 0.32734375 0.6328125 0.021875 0.0578125
6 0.3515625 0.63125 0.021875 0.0578125
6 0.44453125 0.625 0.0203125 0.06171875
6 0.4671875 0.6234375 0.0203125 0.0609375
6 0.49140625 0.62265625 0.02265625 0.0640625
6 0.5140625 0.62265625 0.02109375 0.06328125
6 0.53671875 0.621875 0.02109375 0.06015625
6 0.55859375 0.61953125 0.0203125 0.06171875
6 0.58125 0.61953125 0.0203125 0.0609375
6 0.6234375 0.61640625 0.025 0.06484375
6 0.64921875 0.615625 0.0234375 0.0640625
6 0.71484375 0.61328125 0.0296875 0.06171875
6 0.73984375 0.61171875 0.0234375 0.0578125
6 0.76328125 0.6109375 0.02265625 0.0578125
6 0.78515625 0.609375 0.02265625 0.0578125
6 0.80859375 0.60859375 0.0203125 0.05625
6 0.83125 0.60703125 0.02265625 0.0546875
6 0.8703125 0.60703125 0.0296875 0.05703125
6 0.896875 0.6046875 0.02265625 0.059375
6 0.08125 0.91953125 0.02109375 0.05390625
6 0.10234375 0.91953125 0.02109375 0.05546875
6 0.125 0.91796875 0.021875 0.053125
6 0.1484375 0.91875 0.02109375 0.053125
6 0.1984375 0.91484375 0.02265625 0.05703125
6 0.26953125 0.91171875 0.0203125 0.053125
6 0.29375 0.909375 0.021875 0.05234375
6 0.31796875 0.90703125 0.0203125 0.05234375
6 0.340625 0.90703125 0.0203125 0.0546875
6 0.36484375 0.90703125 0.01875 0.05234375
6 0.38828125 0.90390625 0.01953125 0.053125
6 0.4109375 0.90078125 0.01875 0.05078125
6 0.43515625 0.9015625 0.01796875 0.0546875
6 0.45703125 0.89921875 0.01953125 0.05234375
6 0.48046875 0.89921875 0.01796875 0.0546875
6 0.5015625 0.89765625 0.0171875 0.0546875
6 0.52578125 0.89609375 0.01796875 0.05390625
6 0.5484375 0.89375 0.0171875 0.053125
6 0.57109375 0.8921875 0.01875 0.0546875
6 0.59296875 0.89140625 0.01640625 0.05703125
6 0.61484375 0.89140625 0.01875 0.0546875
6 0.63671875 0.88984375 0.01796875 0.0546875
6 0.66015625 0.88671875 0.0171875 0.0578125
6 0.68125 0.88671875 0.01796875 0.0546875
6 0.7046875 0.884375 0.01875 0.05234375
6 0.78203125 0.86953125 0.03125 0.059375
6 0.8109375 0.875 0.02109375 0.0515625
6 0.83203125 0.8734375 0.01875 0.0484375
6 0.85390625 0.87265625 0.01953125 0.046875
6 0.8765625 0.8703125 0.01640625 0.05234375
0 0.35859375 0.3890625 0.0578125 0.17265625
0 0.415625 0.3890625 0.0546875 0.17265625
0 0.5171875 0.3875 0.05625 0.171875
0 0.56875 0.38671875 0.05390625 0.17109375
0 0.5919206921875 0.33827703124999997 0.5984462609375 0.3414840609375 0.5991331515625 0.4262411640625 0.5922641375000001 0.4299063671875 0.5926075828124999 0.44181813437499995 0.5860820140625 0.4431925875 0.5860820140625 0.4683906453125 0.6348520343749999 0.46701619218749996 0.6341651171875 0.44410886562499996 0.6406906859375 0.44181813437499995 0.6417210484375 0.4299063671875 0.649963871875 0.4285318953125 0.6513376531249999 0.3405677640625 0.6434383015625 0.3350700015625 0.64515555625 0.324990784375 0.6365692875 0.322241903125 0.6369127328124999 0.3007090140625 0.587455821875 0.29841828125 0.5877992671875 0.3231581921875 0.592951028125 0.3254489234375 0.5919206921875 0.33827703124999997
0 0.6434383015625 0.3369025953125 0.6506507625 0.3405677640625 0.6509942078125001 0.4262411640625 0.641377603125 0.4299063671875 0.642751384375 0.4413600296875 0.635538925 0.4436507625 0.6358823703125001 0.465183615625 0.6819047734375 0.46426735468749997 0.6812178828125 0.4413600296875 0.6901475968749999 0.4395274015625 0.6908344875 0.42761563437500005 0.70148148125 0.42761563437500005 0.7038856250000001 0.33827703124999997 0.6928952125000001 0.3364444390625 0.6922082953124999 0.3236163390625 0.6856827265625001 0.3227000515625 0.68533928125 0.2979601421875 0.636863375 0.2983937390625 0.6369127328124999 0.32040931875 0.64206449375 0.324990784375 0.6434383015625 0.3369025953125
0 0.6915214046875 0.3364444390625 0.7025118171875 0.33827703124999997 0.7028552625 0.4248667265625 0.6908344875 0.4280737390625 0.6922082953124999 0.43906929687499996 0.6812178828125 0.4431925875 0.6819047734375 0.46564175625 0.7293009859375 0.465183615625 0.7299878765625001 0.4399855578125 0.7396045078125 0.4395274015625 0.7392610359375 0.42395043125000004 0.7533425359375 0.42303413437500004 0.757463934375 0.3350700015625 0.7420086515625 0.3332374265625 0.7409782890625001 0.322241903125 0.734109275 0.319034875 0.7330789640625001 0.29612755 0.687056534375 0.2979601421875 0.68636964375 0.3227000515625 0.6928952125000001 0.3240745046875 0.6915214046875 0.3364444390625
0 0.7423521234375 0.33415370625 0.7571205156249999 0.335528159375 0.7536860078125 0.42303413437500004 0.7396045078125 0.4248667265625 0.7420086515625 0.4399855578125 0.7310182390625 0.4395274015625 0.7310182390625 0.4638091796875 0.776353725 0.46014399375000004 0.7773840875 0.4404436984375 0.7890613921875 0.43906929687499996 0.78803108125 0.4248667265625 0.8055470375 0.4216596984375 0.806920871875 0.335528159375 0.7924958984375 0.33094669374999997 0.7918090078125 0.32040931875 0.7808185953125 0.319034875 0.7815054859375 0.29658571562499997 0.7334749328125 0.2961036875 0.7334223828125 0.319951171875 0.7430390140625 0.3227000515625 0.7423521234375 0.33415370625
0 0.7907786453125001 0.3323211296875 0.8076077625 0.3359862984375 0.8058905093750001 0.4216596984375 0.7883745 0.4221178375 0.7894048640625 0.43723666874999995 0.776697196875 0.4399855578125 0.7756668343750001 0.46014399375000004 0.8244368281250001 0.45876955781250006 0.823406465625 0.4376948265625 0.8378314375 0.43494593593750003 0.837487965625 0.421201540625 0.855003975 0.4221178375 0.8591253734375 0.3332374265625 0.8416093640625 0.3323211296875 0.8405790015625 0.319034875 0.827871334375 0.3167441421875 0.8285582265625001 0.2942949828125 0.781995403125 0.29495866249999997 0.7794448125 0.31628599375 0.7924958984375 0.32040931875 0.7907786453125001 0.3323211296875
0 0.8409224734375 0.3323211296875 0.8591253734375 0.3323211296875 0.854660503125 0.421201540625 0.8392052203125001 0.42028526250000003 0.8392052203125001 0.43448783124999996 0.8227195734375 0.43906929687499996 0.8223761546875 0.45831141875 0.8694288953125 0.4578532609375 0.8690854234375 0.43402965781249997 0.8841972874999999 0.43402965781249997 0.88557106875 0.41891080937499997 0.9044608593750001 0.41936896562500003 0.9082388375000001 0.3304885375 0.8893490484375001 0.3291141015625 0.8893490484375001 0.3176604390625 0.874237184375 0.3167441421875 0.876297909375 0.29521126249999996 0.8292277203125 0.2938136359375 0.8295885890625 0.31536970625 0.8412659453125 0.319493040625 0.8409224734375 0.3323211296875
7 0.07109375 0.04140625 0.11875 0.0828125
0 0.46796875 0.384375 0.03046875 0.15078125