8 0.5015625 0.5 0.996875 1
6 0.62890625 0.9921875 0.01640625 0.01484375
6 0.64921875 0.990625 0.0203125 0.01796875
6 0.7125 0.990625 0.021875 0.01875
6 0.73515625 0.98984375 0.01953125 0.0203125
6 0.75703125 0.98984375 0.01875 0.0203125
6 0.77890625 0.98984375 0.01953125 0.0203125
6 0.8 0.98984375 0.01875 0.0203125
6 0.821875 0.9890625 0.01796875 0.021875
6 0.8578125 0.98515625 0.025 0.0296875
6 0.88203125 0.984375 0.0203125 0.03125
7 0.3578125 0.15234375 0.10546875 0.12109375
7 0.46171875 0.1546875 0.10390625 0.1234375
7 0.565625 0.153125 0.1 0.1203125
7 0.665625 0.15625 0.09921875 0.11640625
7 0.7640625 0.15546875 0.09609375 0.115625
7 0.86171875 0.14296875 0.0953125 0.08828125
7 0.24375 0.50703125 0.11015625 0.0890625
7 0.353125 0.5046875 0.10703125 0.09296875
7 0.459375 0.5015625 0.10390625 0.08671875
7 0.56171875 0.4984375 0.1015625 0.0859375
0 0.38203125 0.7953125 0.05 0.16171875
0 0.43203125 0.790625 0.04765625 0.15625
0 0.52578125 0.7859375 0.05390625 0.1578125
0 0.5480960921875 0.7545253375 0.5527332046875 0.7705518421875001 0.553997865625 0.8481538562500001 0.5466206578125 0.8512466859375 0.546199109375 0.8633368406249999 0.5923593375 0.8596816859375 0.5921485625 0.8481538562500001 0.6018443171875 0.8473103468750001 0.60057965625 0.7671778390624999 0.5944671109375 0.7531195046875 0.5944671109375 0.7401858296875 0.5900407890625 0.7295014984375 0.588986903125 0.70644583125 0.544739109375 0.706643 0.5449344328125 0.73062616875 0.54788531875 0.7413105015625 0.5480960921875 0.7545253375
0 0.5944255843749999 0.751151753125 0.600116565625 0.76549125 0.6013812265625 0.84562376875 0.592528584375 0.8487165984375 0.591896246875 0.8594009421875001 0.6357379421875 0.8594009421875001 0.6363702640625 0.8447802609374999 0.6485953578125 0.8433744265625001 0.6485953578125 0.764928925 0.6393211515624999 0.7497459203125 0.6399534890624999 0.735687584375 0.63341939375 0.7266902484375 0.63341939375 0.7047592484375 0.588945359375 0.70644625 0.5897884734375001 0.7269714265625 0.593582471875 0.7396239234374999 0.5944255843749999 0.751151753125
0 0.6400193468750001 0.7498190359375 0.6486612234375 0.76472086875 0.6492935453124999 0.84344754375 0.6360145734375 0.8451345390625 0.635593025 0.857224715625 0.680277825 0.853007215625 0.680277825 0.842604034375 0.695875353125 0.8400735515625 0.6948214671875 0.7621903640625 0.6853364859375 0.7492567 0.685547259375 0.7349171921875 0.6773269390625 0.72563869375 0.6775377140625001 0.70370769375 0.6343343578125 0.7048862296875 0.633696025 0.724232859375 0.6400193468750001 0.7368853609375 0.6400193468750001 0.7498190359375
0 0.6850256531250001 0.7471485765625 0.69514295625 0.7609257390625 0.6972507296875 0.838527753125 0.6797562187499999 0.8435887609374999 0.67912388125 0.853710759375 0.7238086890625001 0.8520237625 0.7231763515625 0.8404959109375 0.7436217484375 0.838246590625 0.7434109734375001 0.75867640625 0.7307643328125 0.74602390625 0.7301320109375 0.73280906875 0.721490125 0.722405909375 0.720225465625 0.701037234375 0.6783414359375 0.70277810625 0.6776484375 0.724936403125 0.685236428125 0.7336525765624999 0.6850256531250001 0.7471485765625
0 0.730342784375 0.73224674375 0.7297104453125 0.7454615703125 0.7425678609374999 0.759801078125 0.744675634375 0.83655959375 0.7235979 0.8396524234375 0.722754803125 0.8511802546875 0.767018046875 0.8489309125 0.7661749343750001 0.8376842437500001 0.789992765625 0.8357160859375 0.7893604437499999 0.7567082375 0.7752383515625 0.742649903125 0.7754491406249999 0.730278575 0.765331821875 0.7207189031250001 0.764488709375 0.698787903125 0.7210309374999999 0.699967275 0.720857803125 0.6999125796875 0.721490125 0.7201565671875 0.730342784375 0.73224674375
0 0.7759353296875 0.742432665625 0.7885819703125 0.75480399375 0.79090051875 0.8315625093750001 0.7666611234375 0.8383105140625 0.767082671875 0.8487136734374999 0.8105028187500001 0.8450584984375 0.80965970625 0.8340930140625 0.8351637625 0.831843671875 0.83621765 0.7511488281250001 0.8195662359375 0.74130799375 0.819777009375 0.7286554921875 0.8092381421875 0.7188146578125 0.8075519328125 0.6971648203125 0.765038015625 0.6978591515625 0.7653964625 0.7202204921875001 0.77488144375 0.7283743359375 0.7759353296875 0.742432665625
0 0.8199878 0.7404644953124999 0.834531425 0.7517111640625 0.8372715359375 0.8310001640625 0.811345915625 0.8340930140625 0.8109243671874999 0.84618316875 0.8513936125000001 0.8439338484375 0.8526582890625001 0.8307190015625 0.8796377812499999 0.8281885078125001 0.8794270078125 0.75058649375 0.86340793125 0.7373716609375001 0.86340793125 0.725281490625 0.8513936125000001 0.7168464890624999 0.8513936125000001 0.6940719859375 0.8079910312499999 0.69610238125 0.80860581875 0.71515949375 0.8193554609374999 0.7278119890625 0.8199878 0.7404644953124999
7 0.19273048125 0.0885391640625 0.19504663125 0.17989038125 0.25239603593750004 0.179996203125 0.2538760671875 0.2409969453125 0.30622042031249996 0.2372935171875 0.30251459999999997 0.09224259375 0.19273048125 0.0885391640625
7 0.08428637343749999 0.086447575 0.088505053125 0.3051897375 0.19782597500000002 0.302103509375 0.1936569578125 0.0916253640625 0.08428637343749999 0.086447575
0 0.4796875 0.77734375 0.0328125 0.14453125
7 0.12734375 0.50859375 0.11328125 0.09609375