8 0.9758233000000001 0 0.0146255578125 0.002123071875 0.0739038125 0.9695006562499999 0.89468850625 0.9765796625000001 0.9758233000000001 0
0 0.44453125 0.13203125 0.04375 0.08828125
0 0.4875 0.12890625 0.04375 0.090625
11 0.69296875 0.13359375 0.028125 0.0390625
11 0.409375 0.12890625 0.025 0.03984375
0 0.65234375 0.025 0.0234375 0.04765625
0 0.6765625 0.02421875 0.021875 0.046875
11 0.6984375 0.02109375 0.02265625 0.040625
1 0.76796875 0.771875 0.08203125 0.03671875
2 0.38515625 0.775 0.040625 0.07109375
6 0.12265625 0.1 0.02109375 0.0328125
6 0.14453125 0.09921875 0.0171875 0.03203125
6 0.165625 0.09921875 0.01875 0.03203125
6 0.18828125 0.09921875 0.01953125 0.03203125
6 0.221875 0.11640625 0.015625 0.0265625
6 0.24296875 0.11640625 0.01484375 0.02734375
6 0.325 0.11796875 0.01640625 0.02734375
6 0.346875 0.11796875 0.01484375 0.02734375
6 0.365625 0.1171875 0.01796875 0.028125
0 0.7086963953125001 0.10740027187500001 0.71739030625 0.10063520781249999 0.7156193281250001 0.1440041046875 0.70676441875 0.1529436453125 0.705959428125 0.1601919234375 0.70000249375 0.165748946875 0.69951949375 0.179520675 0.740735065625 0.179762290625 0.7415400578125 0.167077796875 0.747497003125 0.1613999703125 0.747979990625 0.1534268609375 0.75699590625 0.14557455625 0.7592498734375 0.10329290937499999 0.7500729734375 0.10232647343750001 0.750394965625 0.100514403125 0.7454040203125001 0.1002727921875 0.745082028125 0.09435336250000001 0.704122353125 0.0937769734375 0.70290045625 0.105467396875 0.708857403125 0.1011184265625 0.7086963953125001 0.10740027187500001
0 0.74919195625 0.102240703125 0.7590128515625 0.102965534375 0.7580468640625 0.14398595 0.7475819718750001 0.152804696875 0.7488699640625 0.16017378124999998 0.74146404375 0.1666972375 0.74049804375 0.1793817265625 0.7817136265625 0.17974414375 0.7817136265625 0.1678361921875 0.79072953125 0.159500665625 0.792017521875 0.15213158124999998 0.8016774218749999 0.1433128328125 0.8031263984375 0.10236004375 0.7868655812500001 0.10163521093750001 0.78734855625 0.09921911718750001 0.7846115890625 0.099460728125 0.784772596875 0.09487015 0.7451837453125 0.093927934375 0.7453279937499999 0.09970380625 0.74919195625 0.100549440625 0.74919195625 0.102240703125
0 0.7873319734375 0.102278759375 0.804012865625 0.10256323125 0.8023068625 0.14238833281250002 0.7915021890625 0.1512067453125 0.7905544109375 0.15945623125 0.782972190625 0.167705721875 0.7820244125 0.179511025 0.8225892984375 0.179226553125 0.8229684031250001 0.167705721875 0.832067075 0.16116302656249998 0.8324461796874999 0.1517756890625 0.8356686468750001 0.14480628125 0.84344040625 0.1446640625 0.845904634375 0.10057197031250001 0.8271386484375001 0.10014527343749999 0.8271386484375001 0.09516713593750001 0.7847005859375 0.09405885 0.783730415625 0.0991496453125 0.7873319734375 0.0991496453125 0.7873319734375 0.102278759375
6 0.1515625 0.00625 0.01484375 0.0125
6 0.17265625 0.00625 0.01484375 0.0125
6 0.19375 0.00625 0.015625 0.0125
6 0.2140625 0.0078125 0.01484375 0.01484375
6 0.23515625 0.0078125 0.01875 0.01484375
6 0.25859375 0.0078125 0.015625 0.015625
6 0.2796875 0.00859375 0.015625 0.01640625
6 0.3015625 0.00859375 0.0171875 0.0171875
6 0.3234375 0.009375 0.0171875 0.01796875
6 0.34453125 0.00859375 0.01640625 0.0171875
6 0.36484375 0.009375 0.0140625 0.01796875
6 0.3859375 0.009375 0.01484375 0.01796875
6 0.40546875 0.00859375 0.0171875 0.0171875
6 0.428125 0.009375 0.015625 0.01875
6 0.45078125 0.01015625 0.0140625 0.01953125
6 0.47109375 0.01015625 0.015625 0.0203125
6 0.490625 0.01015625 0.01484375 0.0203125
6 0.5109375 0.01015625 0.015625 0.01953125
6 0.53046875 0.01015625 0.0140625 0.0203125
6 0.5515625 0.0109375 0.015625 0.02109375
6 0.57109375 0.01015625 0.01640625 0.01953125
6 0.10703125 0.265625 0.01484375 0.02421875
6 0.12734375 0.26484375 0.01640625 0.02421875
6 0.146875 0.26484375 0.015625 0.02421875
6 0.16640625 0.265625 0.015625 0.02578125
6 0.1875 0.265625 0.01640625 0.025
6 0.20625 0.26484375 0.01484375 0.02578125
6 0.225 0.26640625 0.01171875 0.02421875
6 0.2421875 0.2578125 0.025 0.03125
6 0.31953125 0.2578125 0.01640625 0.02890625
6 0.33828125 0.25703125 0.01953125 0.0296875
6 0.41875 0.259375 0.015625 0.0265625
6 0.4375 0.25859375 0.0171875 0.0265625
6 0.45703125 0.259375 0.01640625 0.028125
6 0.4765625 0.25859375 0.01640625 0.02734375
6 0.496875 0.259375 0.01640625 0.02890625
6 0.5734375 0.259375 0.0171875 0.028125
6 0.59296875 0.25859375 0.01796875 0.02890625
6 0.6125 0.259375 0.01640625 0.0296875
6 0.7265625 0.25859375 0.02109375 0.02734375
6 0.746875 0.259375 0.0140625 0.028125
6 0.76484375 0.25859375 0.01796875 0.03046875
6 0.81640625 0.26015625 0.0234375 0.02890625
6 0.84140625 0.25859375 0.01953125 0.028125
6 0.13984375 0.40234375 0.01640625 0.02578125
6 0.15859375 0.40234375 0.0171875 0.0265625
6 0.17734375 0.4015625 0.01640625 0.025
6 0.19609375 0.4015625 0.01796875 0.025
6 0.2171875 0.4015625 0.015625 0.0265625
6 0.23515625 0.40234375 0.015625 0.0265625
6 0.25546875 0.40234375 0.0171875 0.02421875
6 0.2765625 0.403125 0.01640625 0.02734375
6 0.2953125 0.403125 0.01484375 0.02578125
6 0.3140625 0.40234375 0.015625 0.025
6 0.33203125 0.4015625 0.01484375 0.025
6 0.353125 0.403125 0.01640625 0.025
6 0.37265625 0.403125 0.01640625 0.02578125
6 0.390625 0.403125 0.015625 0.02578125
6 0.44765625 0.403125 0.01796875 0.025
6 0.46640625 0.403125 0.015625 0.025
6 0.4859375 0.403125 0.015625 0.025
6 0.50546875 0.403125 0.01640625 0.0265625
6 0.540625 0.403125 0.0203125 0.02578125
6 0.56015625 0.403125 0.0140625 0.02578125
6 0.57890625 0.40234375 0.015625 0.02578125
6 0.596875 0.40234375 0.01484375 0.0265625
6 0.63203125 0.403125 0.02109375 0.0265625
6 0.6546875 0.403125 0.01796875 0.0265625
6 0.67265625 0.40234375 0.015625 0.02421875
6 0.6921875 0.4015625 0.0140625 0.025
6 0.709375 0.4015625 0.01640625 0.02421875
6 0.728125 0.40078125 0.01640625 0.025
6 0.74609375 0.40078125 0.01484375 0.025
6 0.76484375 0.4015625 0.0171875 0.025
6 0.7828125 0.40078125 0.01484375 0.025
6 0.8015625 0.40078125 0.01484375 0.025
6 0.8203125 0.40078125 0.01796875 0.02578125
5 0.22734375 0.66171875 0.02265625 0.03828125
5 0.25 0.66171875 0.021875 0.03828125
5 0.271875 0.6609375 0.021875 0.0375
5 0.29375 0.66015625 0.02109375 0.03828125
5 0.31484375 0.66015625 0.02109375 0.03828125
5 0.3359375 0.659375 0.01953125 0.0375
5 0.35703125 0.65859375 0.021875 0.0375
5 0.42734375 0.65703125 0.0203125 0.0390625
5 0.446875 0.65703125 0.0171875 0.0390625
5 0.46640625 0.65703125 0.021875 0.0390625
5 0.48828125 0.65703125 0.0203125 0.0390625
5 0.50859375 0.65703125 0.0203125 0.0390625
5 0.528125 0.65546875 0.01875 0.03828125
5 0.54921875 0.65546875 0.02109375 0.03828125
5 0.659375 0.653125 0.02109375 0.03671875
5 0.67890625 0.653125 0.01875 0.03828125
5 0.7 0.65390625 0.021875 0.03828125
5 0.72109375 0.65390625 0.0203125 0.0375
5 0.74140625 0.653125 0.01875 0.0375
5 0.7609375 0.65234375 0.0203125 0.03671875
5 0.78203125 0.65234375 0.02109375 0.0375
5 0.80234375 0.65234375 0.01953125 0.03671875
5 0.415625 0.78046875 0.01953125 0.0375
5 0.4359375 0.78046875 0.0203125 0.03828125
0 0.60390625 0.02109375 0.02421875 0.04140625
0 0.6296875 0.0234375 0.02421875 0.04375
0 0.721875 0.0234375 0.021875 0.046875
0 0.74921875 0.0234375 0.0265625 0.046875
0 0.77421875 0.02265625 0.0203125 0.0453125
0 0.52265625 0.1296875 0.025 0.06640625
0 0.546875 0.1296875 0.02265625 0.0671875
0 0.5703125 0.1296875 0.021875 0.0671875
0 0.5921875 0.12890625 0.025 0.0640625
0 0.66171875 0.13203125 0.02578125 0.06015625
0 0.6390625 0.13046875 0.0203125 0.06171875
0 0.6171875 0.1296875 0.02265625 0.06171875