8 0.5 0.5 1 1
11 0.23671875 0.275 0.1703125 0.08125
11 0.4171875 0.28046875 0.05546875 0.075
11 0.553125 0.2828125 0.0609375 0.0703125
11 0.6546875 0.28515625 0.065625 0.07421875
11 0.71640625 0.2890625 0.03984375 0.075
11 0.77578125 0.28828125 0.06953125 0.07109375
11 0.834098909375 0.4017112796875 0.8305572437500001 0.3868630625 0.3815531046875 0.36873347343749996 0.3777278671875 0.43613215156249996 0.8275215625 0.44963052656249997 0.834098909375 0.4017112796875
11 0.367330409375 0.37252229375 0.20570468593750002 0.36535988124999996 0.20289516093749999 0.43124022812499996 0.362776809375 0.44068910156249996 0.367330409375 0.37252229375
6 0.14296875 0.03125 0.0203125 0.05625
6 0.1640625 0.03515625 0.01796875 0.0609375
6 0.18515625 0.03515625 0.0203125 0.06328125
6 0.20859375 0.03671875 0.02421875 0.0671875
6 0.2546875 0.0421875 0.021875 0.065625
6 0.32109375 0.04453125 0.0203125 0.06171875
6 0.34375 0.046875 0.0203125 0.0640625
6 0.36640625 0.0453125 0.01953125 0.06171875
6 0.38828125 0.04765625 0.02109375 0.0625
6 0.41015625 0.04765625 0.01875 0.06171875
6 0.43359375 0.0484375 0.01953125 0.06171875
6 0.45546875 0.05078125 0.01875 0.0640625
6 0.47734375 0.05 0.01953125 0.06171875
6 0.4984375 0.05 0.01875 0.0609375
6 0.5203125 0.0515625 0.0171875 0.06171875
6 0.54140625 0.053125 0.01875 0.0609375
6 0.5625 0.0546875 0.01953125 0.0625
6 0.58515625 0.05390625 0.0203125 0.06171875
6 0.60625 0.05390625 0.0171875 0.0609375
6 0.62890625 0.05546875 0.01796875 0.06171875
6 0.64921875 0.05703125 0.01875 0.05859375
6 0.671875 0.05625 0.01640625 0.0578125
6 0.69296875 0.05546875 0.01953125 0.05625
6 0.7140625 0.0578125 0.01875 0.0578125
6 0.73515625 0.059375 0.01953125 0.0609375
6 0.8203125 0.06015625 0.01875 0.053125
6 0.8421875 0.06171875 0.01796875 0.05625
6 0.86328125 0.06328125 0.0203125 0.05625
6 0.884375 0.06171875 0.01640625 0.0546875
6 0.9046875 0.06328125 0.0203125 0.05625
9 0.135181984375 0.572536790625 0.132536075 0.580879284375 0.1344603640625 0.5991686078125 0.135181984375 0.6241961109374999 0.1433602625 0.6258004374999999 0.14456295 0.6566035 0.1686167015625 0.6588495484375 0.1695788375 0.6283673453125 0.16212217812500002 0.623554365625 0.16212217812500002 0.602698134375 0.1592357359375 0.59018440625 0.16188164375 0.5494344875 0.1698193890625 0.5423754484375001 0.17270583281250002 0.5070802734375001 0.1471131046875 0.504891875 0.146968325 0.5369207484375 0.1366252046875 0.5446215078125001 0.135181984375 0.572536790625
9 0.16019788906250002 0.5738202578125 0.158514115625 0.58312534375 0.1616411109375 0.6020564 0.1614005765625 0.6219500390625 0.1700599234375 0.629009090625 0.169338303125 0.657245221875 0.19435420781249999 0.6585286875 0.19435420781249999 0.6283673453125 0.18882183749999998 0.629009090625 0.1881002375 0.5503970812500001 0.19603796406250001 0.545263240625 0.1979622703125 0.5083637328124999 0.1746301390625 0.50675940625 0.170540990625 0.540771121875 0.16188164375 0.548151034375 0.16019788906250002 0.5738202578125
9 0.2099477296875 0.5837637390625 0.20946666249999998 0.59403143125 0.21066935 0.6026947953125 0.2118720375 0.6322144062499999 0.2193286953125 0.63381873125 0.22125300312500001 0.6614131421875 0.24242029375000002 0.660771421875 0.2443446015625 0.6306100796874999 0.23857169687500002 0.629968334375 0.23760954375 0.610716428125 0.23520416875 0.5937105578125 0.2378500765625 0.55584845625 0.24578782187499998 0.54493904375 0.2453067546875 0.5102855875000001 0.21958706249999999 0.511307275 0.21956922968749998 0.5436555765625 0.21307472500000002 0.55135635 0.2099477296875 0.5837637390625
9 0.2344825671875 0.5946731640625 0.2378500765625 0.6059034484375 0.2366473890625 0.629968334375 0.24410406718750002 0.6312518 0.2429013796875 0.66109228125 0.26695513125 0.6614131421875 0.26815781875 0.6306100796874999 0.2626254484375 0.629005753125 0.25805523125 0.6126416390625 0.25997953906250004 0.5982027015625 0.26094169375 0.546222496875 0.27056319375000004 0.5391634578125 0.27176588125 0.5099647218750001 0.2467499765625 0.5086812609375 0.24578782187499998 0.5410886578125 0.23929331718750002 0.5510354765625001 0.2344825671875 0.5946731640625
9 0.25949845312500003 0.5956357578125 0.2578146984375 0.611679021875 0.2623849140625 0.6293266125 0.2671956640625 0.6309309390625 0.2671956640625 0.6614131421875 0.290046728125 0.6633383296875001 0.29148995 0.6241927734375 0.2854765125 0.62675968125 0.2871602671875 0.5475059640625 0.293895325 0.54205125 0.2975033875 0.503547415625 0.2713112140625 0.5012832140625 0.2712847953125 0.5378800046875 0.26166329374999997 0.5455807640625 0.25949845312500003 0.5956357578125
9 0.4203125 0.584375 0.02421875 0.153125
9 0.44453125 0.58671875 0.0234375 0.15234375
9 0.46953125 0.58671875 0.0234375 0.1484375
9 0.47944607499999997 0.6613225500000001 0.5020566046875 0.6622851562500001 0.5047025140625 0.632444675 0.504943046875 0.616401409375 0.507829509375 0.5567204703125 0.5061457359375 0.5493405765625 0.5068673546875 0.5166123015624999 0.48401629062499996 0.5153288421875 0.48305413750000004 0.5525492296875 0.4811298296875 0.6308403484375 0.47944607499999997 0.6613225500000001
9 0.50398089375 0.6311612203125 0.50277820625 0.6606808296875 0.5253887359375 0.6626060171875 0.528756265625 0.6337281406249999 0.529477884375 0.60966324375 0.53092110625 0.5560787375 0.5292373328125 0.5503031578125 0.53092110625 0.515649709375 0.50797928125 0.5153168984375001 0.5059052015625001 0.54516931875 0.50638626875 0.5531909500000001 0.50398089375 0.6311612203125
9 0.528756265625 0.627310834375 0.527072509375 0.6334072671875 0.52611035625 0.6622851562500001 0.549201971875 0.6616434109375 0.5496830390625 0.6343698734375 0.5532911015625 0.632444675 0.5561775453125 0.5551161437500001 0.55305055 0.54420671875 0.5540127218750001 0.508269809375 0.5314021734375001 0.5076280765625001 0.5289967984375 0.5438858515625 0.5321237937500001 0.5512657578125 0.528756265625 0.627310834375
9 0.6873064328125 0.5534345765625 0.6861037453125001 0.631084003125 0.680811909375 0.6269127328125 0.6781659999999999 0.6631705203125 0.70197921875 0.66349138125 0.7022197515624999 0.6358969828125 0.70799265625 0.6323674453125 0.71039803125 0.6105485953125 0.713525025 0.5938636109375001 0.7123223375000001 0.5556806359375 0.7043845937500001 0.5479798640625 0.7060683484375 0.5152516203124999 0.682999375 0.5129111234375 0.6824956828125 0.51364729375 0.680811909375 0.5473381421875 0.6873064328125 0.5534345765625
9 0.71111965 0.6265918609375001 0.7036629734375001 0.6346134921875 0.7024602859375 0.6615661937499999 0.7257924359375 0.6628496359375 0.7267545890625 0.6336509 0.733489628125 0.6326883296875 0.7349328500000001 0.612152921875 0.7380598453125 0.603168696875 0.7361355374999999 0.5556806359375 0.7289194125 0.5492633296875 0.7294004984375 0.5165350671875 0.7058542328125 0.5149159359375 0.705346746875 0.5476590031249999 0.712562871875 0.55439716875 0.71111965 0.6265918609375001
9 0.737097690625 0.5864836984374999 0.7385409125 0.595788796875 0.73445178125 0.60894426875 0.7339707140625 0.6317257125 0.726273503125 0.6346134921875 0.7257924359375 0.6628496359375 0.7474408109375 0.6644539625 0.7500867203125 0.633971771875 0.7563406921875 0.6320465734375 0.7587460671875 0.6118320609375 0.76139199375 0.6009226375 0.7609109265625 0.5579266953124999 0.7532137156250001 0.5499050624999999 0.75417585 0.5174976671875 0.7302126999999999 0.5161188234375 0.7291599640624999 0.5479798640625 0.7349328500000001 0.5547180421875 0.737097690625 0.5864836984374999
9 0.7609109265625 0.5547180421875 0.7585055515625 0.628517059375 0.7498461859375001 0.635255225 0.7479218796875 0.661245309375 0.7712540109375 0.6641331015625 0.7724566984375 0.633971771875 0.7794323078125001 0.6314048390625 0.78279981875 0.6115112015624999 0.7868889484375 0.5983557171875 0.7856862609374999 0.5861628390625 0.78520519375 0.55632236875 0.77558369375 0.5502259234375 0.777508 0.5168559453125 0.7542704453125 0.5161188234375 0.7532137156250001 0.51910199375 0.7532137156250001 0.5515093890625 0.7609109265625 0.5547180421875
9 0.7854457453125 0.582633325 0.786167365625 0.5941844703125 0.783761990625 0.61086946875 0.783761990625 0.6294796765624999 0.77317831875 0.633971771875 0.7719756296875 0.662207915625 0.7948266937499999 0.6615661937499999 0.794586178125 0.6333300390625001 0.8025238874999999 0.6314048390625 0.8066130546875 0.6092651421874999 0.808537325 0.600280915625 0.8087778765625 0.5896923515625 0.8102211171875 0.555359775 0.80084013125 0.551188515625 0.8013212 0.5171768 0.7782296203125 0.5165350671875 0.7760647609375 0.5499050624999999 0.7835214374999999 0.5560014953125 0.7854457453125 0.582633325
9 0.8061319499999999 0.63076311875 0.79602938125 0.6336509 0.794586178125 0.6638122421875 0.8183993781250001 0.6650957078124999 0.8198426171875 0.6298005140625 0.8325910765625 0.6314048390625 0.8357180703125 0.6224206140625 0.838845065625 0.61086946875 0.8359586234374999 0.6009226375 0.8361991390625001 0.5521511218749999 0.8239317484375001 0.546696409375 0.8244128156249999 0.510438640625 0.8011830484375 0.5101043875 0.8015617515625 0.5473381421875 0.8123859390625 0.551188515625 0.8061319499999999 0.63076311875
2 0.5554146453125 0.6307517546875 0.5503275171875 0.6330137625 0.5494796562500001 0.6638335093750001 0.596323765625 0.6643990015625 0.5980194531249999 0.6358412625 0.60141089375 0.6358412625 0.6043783796875 0.5544092843749999 0.5997151734374999 0.5481887828125 0.6011989171875001 0.5131277859375001 0.5554146453125 0.5094520390625 0.55287108125 0.5430992859375 0.5568984046875001 0.552995534375 0.5554146453125 0.6307517546875
9 0.150457834375 0.887886978125 0.15795057968749998 0.8891766765625 0.15722546875 0.90981135 0.204115459375 0.9101337875000001 0.20725757968749997 0.8907887625 0.1978312375 0.8885318140624999 0.1990397421875 0.8179224390625001 0.20774097343750003 0.8008343140624999 0.2094328734375 0.7666580875 0.16112043125 0.7643853296875001 0.1601258734375 0.7988998140625 0.1516663390625 0.81179650625 0.150457834375 0.887886978125
9 0.1980291109375 0.887644575 0.2069720390625 0.8905463234375001 0.20334652343749998 0.9124707078125001 0.25144501875 0.911181034375 0.2528952203125 0.8899014859375001 0.246852696875 0.8886118250000001 0.247336109375 0.81639035 0.254103725 0.803171246875 0.2550705328125 0.7689950140625 0.20946864999999998 0.76760854375 0.2074554515625 0.8002694859374999 0.19972100937499998 0.812198928125 0.1980291109375 0.887644575
9 0.24564419218750003 0.8869997390625001 0.25192843125 0.8895790984374999 0.251686715625 0.9121482953125 0.30075201875 0.9121482953125 0.30123541249999997 0.893125659375 0.2954346046875 0.8892566625 0.2954346046875 0.8173576 0.301477128125 0.8034936593750001 0.3022022203125 0.7689950140625 0.25539945625 0.7684143484375 0.2550705328125 0.8018815734375 0.2470944125 0.8151006890625 0.24564419218750003 0.8869997390625001
9 0.2949511921875 0.8879670125000001 0.300993715625 0.893448084375 0.30171882499999997 0.9124707078125001 0.346433503125 0.9098913609375 0.3461917875 0.8837755656249999 0.3425662734375 0.8899014859375001 0.34135776875 0.8202593609375001 0.3474002921875 0.80704025625 0.3471586140625 0.7677053468749999 0.30223679375 0.7680114453125 0.30075201875 0.803171246875 0.2954346046875 0.8151006890625 0.2949511921875 0.8879670125000001
10 0.5168307921874999 0.9109319375 0.5615454703125 0.9125440234375001 0.5620288640625 0.8919092890625 0.5649292875 0.8912644640625 0.567829690625 0.8187205765625001 0.5632373687500001 0.803889375 0.565170984375 0.771325228125 0.5201059515625001 0.77042885625 0.5194894984375 0.803889375 0.5209397015625 0.8177533218749999 0.5168307921874999 0.9109319375
10 0.5653628375 0.8898047203124999 0.5622207265625 0.89141680625 0.5619790296875 0.9110842546875 0.606210303125 0.9120515046875 0.6069354125 0.8917392187500001 0.6100775140625 0.8904495562499999 0.6139447453125 0.8195177625 0.6091107250000001 0.805653809375 0.6100775140625 0.7714775781250001 0.56543240625 0.7712346609375 0.563912634375 0.8033968859374999 0.5668130578125 0.8172608328125 0.5653628375 0.8898047203124999
10 0.6117694328125001 0.888192634375 0.606452 0.89077196875 0.606452 0.9114066796875001 0.65092498125 0.9107618437499999 0.651650090625 0.89141680625 0.656000696875 0.89077196875 0.6591428171875 0.8179056765625001 0.6545504953125 0.8059762218750001 0.6550339078125 0.7714775781250001 0.60985233125 0.7708317578125 0.6093524234375 0.8040417234375001 0.6129779375 0.8175832453125 0.6117694328125001 0.888192634375
10 0.6560645875 0.8904562640625 0.651955678125 0.8907786765625 0.6509888703125 0.9098013015624999 0.6959452453125 0.91076855 0.69715375 0.8907786765625 0.7022294671875 0.8891665906249999 0.7063383937500001 0.8185572078125001 0.699570759375 0.8053380984375 0.699570759375 0.7705170328125 0.654876609375 0.7708317578125 0.6550977796875 0.8037260125 0.65920670625 0.8156554484375 0.6560645875 0.8904562640625
10 0.703873746875 0.8895680546875001 0.6980729203125 0.8908577296875 0.696864415625 0.910847590625 0.7418207906250001 0.910847590625 0.7435127078125 0.8889232187499999 0.7500386265625 0.88860080625 0.7524556375 0.8170241687500001 0.7444795156249999 0.8041274765624999 0.7442378 0.7705960843749999 0.700505240625 0.7712346609375 0.6995231234375 0.803482640625 0.7058073625 0.8173465859375 0.703873746875 0.8895680546875001
10 0.7507637375 0.884086959375 0.743996103125 0.8889232187499999 0.7427875984375001 0.910202765625 0.784601871875 0.9092355046874999 0.7870188812500001 0.8895680546875001 0.794269909375 0.88795596875 0.7976537265625 0.8167017624999999 0.789435890625 0.8057395640625 0.78919419375 0.7699512453125 0.744925165625 0.7700259546875 0.7447212125 0.8028378093749999 0.7517305453125 0.8154120812500001 0.7507637375 0.884086959375
10 0.7947533046874999 0.8853766328124999 0.78653546875 0.891180140625 0.78653546875 0.9092355046874999 0.8302833375 0.9098803406249999 0.83149184375 0.8882783812499999 0.839226303125 0.8882783812499999 0.843093496875 0.8173465859375 0.8331837796875 0.8050947265625 0.8327003484375 0.7705960843749999 0.78994944375 0.7708317578125 0.7901609828125 0.8038050703125 0.7969286171875 0.8154120812500001 0.7947533046874999 0.8853766328124999
10 0.8428518171875 0.8173465859375 0.8404348078125 0.88763355625 0.831733559375 0.8882783812499999 0.8302833375 0.9098803406249999 0.8720976125 0.9085906796875 0.8740312265625001 0.88698871875 0.884182659375 0.8863438828125 0.88829156875 0.8189586734375001 0.877173346875 0.8018705531249999 0.87523973125 0.7683391578125 0.8355780749999999 0.7700259546875 0.8351173578125 0.770273659375 0.8331837796875 0.8047723140624999 0.8428518171875 0.8173465859375