11 0.52578125 0.04609375 0.6890625 0.08203125
9 0.1283960296875 0.2605162859375 0.1301349921875 0.2852324328125 0.1399891328125 0.32578236718750003 0.168392203125 0.32848570625 0.16752272031249998 0.292956253125 0.1559296453125 0.2860048359375 0.1530313625 0.25935772031250004 0.151292396875 0.23502775625 0.151292396875 0.2172630296875 0.160566865625 0.2176492140625 0.16085670000000002 0.19756735 0.162305828125 0.15585884375 0.1353166046875 0.1589801171875 0.135062075 0.1960225765625 0.12259949218749999 0.197181146875 0.1243384546875 0.2516339171875 0.1283960296875 0.2605162859375
9 0.1840428796875 0.2848462671875 0.1814344328125 0.2840738640625 0.1808547875 0.263219609375 0.1796954703125 0.253951053125 0.18230391562499998 0.2361863265625 0.18259375312499998 0.216490646875 0.190129253125 0.21262875312500001 0.19128857187499998 0.1604931234375 0.163465146875 0.159334553125 0.163175309375 0.215718259375 0.1518720453125 0.2195801703125 0.15650929062500002 0.2821429265625 0.168971875 0.2917976828125 0.168682040625 0.32809950625 0.1961656171875 0.327618809375 0.1996935546875 0.2906391140625 0.184622553125 0.2910252796875 0.1840428796875 0.2848462671875
9 0.20404096562500001 0.2253730171875 0.2075188953125 0.277122446875 0.222879759375 0.3327337828125 0.245776103125 0.3350509234375 0.23708128281250002 0.268240090625 0.2333135453125 0.2269177703125 0.2376609546875 0.19949828593750002 0.23911008281249999 0.1620378765625 0.2118125046875 0.1612981734375 0.21331545937500002 0.197181146875 0.2054901203125 0.199112103125 0.20404096562500001 0.2253730171875
9 0.233462528125 0.23790442031249998 0.23882932031249998 0.2660323 0.2395448796875 0.2836718296875 0.24813174531249999 0.2898694671875 0.245985028125 0.33086944687500003 0.26852554687499997 0.3294392171875 0.2688833453125 0.2932066859375 0.26065427812499997 0.2831950703125 0.26065427812499997 0.267939290625 0.256718609375 0.2607881140625 0.256003046875 0.217881190625 0.2552874875 0.1969044640625 0.254929690625 0.1902300671875 0.26602106718749996 0.1883230796875 0.265305475 0.1597184640625 0.251283846875 0.1597724171875 0.23882932031249998 0.16114869375000002 0.2395448796875 0.19833469374999999 0.233462528125 0.2140672328125 0.233462528125 0.23790442031249998
2 0.259938684375 0.276997390625 0.2692411421875 0.2951136765625 0.269956703125 0.33086944687500003 0.2967906546875 0.3270554671875 0.2942077796875 0.1540492265625 0.2645899125 0.15256730624999998 0.265305475 0.18975330937499998 0.256003046875 0.1926137703125 0.259938684375 0.276997390625
2 0.6219524703125 0.27674287343750004 0.6291081468749999 0.271498709375 0.629823740625 0.18473134375 0.621236875 0.18425460625 0.622667996875 0.1480221 0.5463858875 0.1461798359375 0.54502845 0.322510259375 0.621236875 0.32012655625 0.6219524703125 0.27674287343750004
2 0.8464261421874999 0.240510346875 0.8460683796874999 0.263394040625 0.834977034375 0.2748358859375 0.833903675 0.308207953125 0.860737628125 0.30773119375 0.8618109875 0.271498709375 0.8797002453125 0.2557661703125 0.8797002453125 0.2471847828125 0.8822047906250001 0.23383595000000001 0.881846959375 0.213335959375 0.8825625546874999 0.16709183593750002 0.8646732296874999 0.16327787968750002 0.8661044171875 0.132766296875 0.842024475 0.13330265624999998 0.842490540625 0.1694755640625 0.8521507625 0.1713825296875 0.85393965 0.23621965312499998 0.8464261421874999 0.240510346875
1 0.7400596125 0.8046276265625 0.7326517375 0.8317726406249999 0.8312694374999999 0.8243694640625 0.835899346875 0.736765209375 0.825713509375 0.7164064796875 0.825713509375 0.6923461640624999 0.8104347125 0.6719874296875 0.7209384531249999 0.6733387828125 0.73728165 0.6904953671875 0.734503684375 0.7250435000000001 0.741911559375 0.739849846875 0.7400596125 0.8046276265625
1 0.9243312093749999 0.7799504171875 0.9298871343749999 0.7750149296875 0.9243312093749999 0.724426603125 0.91692325 0.7176403234375 0.915071303125 0.68062445 0.8933105625 0.6658181 0.807656746875 0.66643505 0.8275654578125 0.6898784171875 0.828491471875 0.723809653125 0.8368253625 0.7324466734375 0.8303434203125001 0.8237525140624999 0.9111828875000001 0.8233124999999999 0.9127563046875 0.8046276265625 0.9252571406250001 0.800309146875 0.9243312093749999 0.7799504171875
9 0.428125 0.24140625 0.03046875 0.17734375
9 0.453125 0.23984375 0.02734375 0.1703125
9 0.48203125 0.2390625 0.03046875 0.171875
9 0.50546875 0.2390625 0.028125 0.171875
9 0.53203125 0.2390625 0.02578125 0.17109375
9 0.7439369796874999 0.18739755625 0.738145690625 0.1804156859375 0.7384214499999999 0.1473437203125 0.711671221875 0.146608796875 0.711119653125 0.1818855640625 0.718565596875 0.183355440625 0.7210475796875 0.26530040312500003 0.7089134546875 0.2700774765625 0.706431475 0.31270355625 0.7337994375 0.3139406234375 0.7342848125 0.27301719687500003 0.74448855 0.26530040312500003 0.7439369796874999 0.18739755625
9 0.7717903453125 0.184090359375 0.7635170718750001 0.17490369375 0.7648959171875 0.1484461171875 0.7409034296875 0.1473437203125 0.7403519125 0.1774759671875 0.746143203125 0.1829879640625 0.744212740625 0.26530040312500003 0.73538795 0.27522199375 0.7340090546875 0.3119686359375 0.7577861171875 0.3122863703125 0.7593804375000001 0.2829387859375 0.7709630171875 0.270444953125 0.7717903453125 0.184090359375
9 0.7971616781249999 0.2469271 0.80240145 0.18556023593749998 0.7891642156249999 0.176006090625 0.7883368875000001 0.145873859375 0.7640685921875 0.1451389203125 0.7654474875 0.1708615734375 0.7734449999999999 0.182253040625 0.7734449999999999 0.269342553125 0.7602077656249999 0.285511059375 0.759656196875 0.31270355625 0.783840615625 0.31504345625 0.783372925 0.284776140625 0.7974374875 0.266402803125 0.7971616781249999 0.2469271
9 0.824187715625 0.235903109375 0.8263939375 0.1804156859375 0.8150871171875 0.1730663703125 0.8153628749999999 0.144771459375 0.7899915421875 0.14550639999999998 0.790267303125 0.17490369375 0.798264815625 0.185192759375 0.7993679 0.2675052 0.7844760125 0.2869809359375 0.7842002531250001 0.31380595625 0.807827296875 0.3128377859375 0.8070896031249999 0.284776140625 0.8197753203125 0.26456548281250003 0.824187715625 0.235903109375
9 0.8217057328124999 0.2355356328125 0.8206026468750001 0.2399452265625 0.8217057328124999 0.2667702796875 0.8087442578124999 0.2818363859375 0.8076411718750001 0.31086623593749996 0.8341156406250001 0.3097638359375 0.835218728125 0.28220386406250003 0.8459739796875001 0.26162576406250004 0.8459739796875001 0.2454572234375 0.8553503875 0.23112603593749997 0.8528684078125 0.1730663703125 0.841285828125 0.1664519765625 0.8417395031250001 0.14300105624999998 0.8156386843749999 0.144404 0.8183964250000001 0.1730663703125 0.8252908 0.17894584375 0.8217057328124999 0.2355356328125
10 0.58828125 0.51015625 0.10390625 0.153125
10 0.6859375 0.50390625 0.0859375 0.1515625
10 0.77890625 0.5015625 0.09296875 0.1484375
10 0.878125 0.49453125 0.09765625 0.14765625
9 0.162730815625 0.569924790625 0.172196625 0.5717796359375 0.173310259375 0.5996025359375 0.21937816250000003 0.5984763828124999 0.219099771875 0.5721373859375001 0.2110259625 0.563234059375 0.20601464218749999 0.495346190625 0.2207702125 0.48755577656250004 0.219099771875 0.446377890625 0.167142721875 0.4494251359375 0.1657932796875 0.48793999687499995 0.1563274453125 0.49239165937499996 0.157162665625 0.5454406406250001 0.162730815625 0.569924790625
9 0.26615047812500003 0.488297709375 0.26615047812500003 0.44563595625 0.2221622375 0.4486037203125 0.2227190421875 0.4894106265625 0.209912353125 0.5001688359375 0.21408845312499997 0.5643469734375001 0.219099771875 0.5680567062499999 0.219656578125 0.596250553125 0.2702674203125 0.594161553125 0.268377746875 0.565459890625 0.255571034375 0.5064753468750001 0.26615047812500003 0.488297709375
9 0.33828125 0.51875 0.06015625 0.15078125
9 0.2875 0.51953125 0.053125 0.153125