5 0.0166314546875 0.5142095046875 0.01596389375 0.5697171375 0.026199856249999997 0.5712012984375 0.023307084375000002 0.5913858578125 0.0371033875 0.5904953859375001 0.0404412015625 0.5821840671875 0.0330980109375 0.5670456203125 0.0351006953125 0.5142095046875 0.0422213765625 0.501148896875 0.044001534375 0.4774023328125 0.026422381249999998 0.4774023328125 0.027312460937499998 0.50233621875 0.0217494359375 0.5026330578125 0.0166314546875 0.5142095046875
5 0.034210615625 0.5679361265625 0.0413312890625 0.577137940625 0.03754843125 0.5946510078125 0.057797846875 0.59287001875 0.056907759375 0.5774347453125 0.052902375 0.5658582984375 0.051567251562500006 0.5115380218750001 0.0611356609375 0.498477403125 0.062470784375 0.4744340109375 0.044001534375 0.4765118265625 0.0446691046875 0.4990710703125 0.035323221875 0.51450634375 0.034210615625 0.5679361265625
5 0.053124892187499995 0.5658582984375 0.056907759375 0.5717949421874999 0.06002305625 0.5937605140625 0.07448692031250001 0.5937605140625 0.076267078125 0.5756537796875 0.070704053125 0.5625931390625001 0.07048153593749999 0.51450634375 0.07849228750000001 0.4943217546875 0.0791598578125 0.4720593453125 0.06320644843749999 0.4730097984375 0.062470784375 0.49669642031250005 0.052234821875000004 0.5112411828125001 0.053124892187499995 0.5658582984375
5 0.0691464125 0.5617026453125 0.076934646875 0.5762474234375 0.07515447343750001 0.5857460546875 0.09406875625 0.587230215625 0.094291275 0.5753569296875 0.088283215625 0.5611089781249999 0.08872825 0.5159905046875 0.0962939671875 0.4934312546875 0.0969615375 0.470575184375 0.0802724625 0.47235617812499997 0.080717496875 0.49224393906249997 0.071594140625 0.5139126765625 0.0691464125 0.5617026453125
5 0.0876156453125 0.5628899781250001 0.09340120468749999 0.5720917703125 0.09495884375 0.5866365484375 0.1123154875 0.586339709375 0.114095646875 0.570607609375 0.107420015625 0.55635966875 0.10697498125 0.5148031703125 0.11075783125000001 0.501148896875 0.11609833750000001 0.48511995781249995 0.11587582031250002 0.4690910234375 0.097406571875 0.4702783515625 0.0976290890625 0.49224393906249997 0.09028590625 0.51272534375 0.0876156453125 0.5628899781250001
5 0.10808758593750001 0.5106475171875 0.108310103125 0.5530945203125001 0.114763215625 0.566451965625 0.11253800624999999 0.5887143765625 0.1490314515625 0.585449215625 0.15014405625 0.5694202875000001 0.145248584375 0.5510166937500001 0.1441359796875 0.5142095046875 0.15214673125 0.49283759375 0.1512566609375 0.46968468437500005 0.1192136359375 0.4699815296875 0.11965867031249999 0.4699815296875 0.1167659078125 0.4806674765625 0.10808758593750001 0.5106475171875
2 0.144358496875 0.5471578781249999 0.150366575 0.5682329765625 0.14836388125 0.5860429046875 0.1888627125 0.583668228125 0.17996185625 0.553391346875 0.1804069078125 0.49639957656249994 0.187527571875 0.4821516359375 0.1879726078125 0.46226388125 0.15139503125 0.468187709375 0.152591784375 0.48779145625 0.1450260671875 0.5118348484374999 0.144358496875 0.5471578781249999
5 0.2859375 0.515625 0.01953125 0.12734375
5 0.3046875 0.51640625 0.01796875 0.12890625
5 0.3234375 0.5125 0.02109375 0.13046875
5 0.34296875 0.51484375 0.0171875 0.13203125
5 0.3625 0.5140625 0.02109375 0.13515625
5 0.384375 0.5078125 0.0203125 0.125
5 0.4046875 0.50703125 0.02265625 0.128125
5 0.42578125 0.50625 0.01875 0.12890625
5 0.4453125 0.503125 0.0234375 0.1234375
5 0.46640625 0.5015625 0.02265625 0.1234375
5 0.4890625 0.50234375 0.021875 0.12421875
5 0.51015625 0.5 0.01875 0.1234375
5 0.53125 0.50390625 0.02421875 0.1328125
5 0.55078125 0.4984375 0.0203125 0.13125
5 0.584375 0.49765625 0.0421875 0.1296875
2 0.6265625 0.490625 0.03828125 0.125
5 0.72109375 0.48515625 0.0234375 0.134375
1 0.7765625 0.478125 0.0875 0.128125