8 0.5359375 0.44609375 0.92734375 0.86953125
6 0.1484375 0.225 0.01640625 0.046875
6 0.1625 0.2234375 0.01640625 0.0484375
6 0.18515625 0.22265625 0.0171875 0.04609375
6 0.203125 0.221875 0.01640625 0.046875
6 0.2234375 0.22109375 0.01640625 0.046875
6 0.24140625 0.21796875 0.015625 0.046875
6 0.26171875 0.2171875 0.01875 0.04765625
6 0.2796875 0.215625 0.01640625 0.0453125
6 0.30703125 0.215625 0.01640625 0.04609375
6 0.99609375 0.17734375 0.00703125 0.04375
6 0.98125 0.17890625 0.0171875 0.0421875
6 0.96171875 0.18125 0.0140625 0.04453125
6 0.94453125 0.18046875 0.015625 0.04609375
6 0.9203125 0.18125 0.015625 0.0453125
6 0.90234375 0.18359375 0.01328125 0.04609375
6 0.8828125 0.1828125 0.01640625 0.04453125
6 0.8640625 0.184375 0.01640625 0.04375
6 0.8640625 0.18515625 0.01640625 0.04453125
6 0.32578125 0.2140625 0.01796875 0.04765625
6 0.3453125 0.21328125 0.0171875 0.0484375
6 0.3640625 0.2125 0.015625 0.04609375
6 0.38359375 0.2109375 0.015625 0.04765625
6 0.40234375 0.21015625 0.015625 0.04609375
6 0.421875 0.20859375 0.015625 0.04765625
6 0.440625 0.209375 0.015625 0.046875
6 0.46796875 0.2078125 0.01484375 0.04765625
6 0.48671875 0.20546875 0.0171875 0.04765625
6 0.50625 0.2046875 0.015625 0.0484375
6 0.521875 0.2046875 0.0140625 0.04765625
6 0.54453125 0.20234375 0.01640625 0.04765625
6 0.56484375 0.2015625 0.01484375 0.0484375
6 0.59921875 0.1984375 0.015625 0.04609375
6 0.58046875 0.2 0.01484375 0.04609375
6 0.634375 0.19765625 0.01484375 0.04609375
6 0.64921875 0.1984375 0.0140625 0.04609375
6 0.66796875 0.196875 0.015625 0.0453125
6 0.68671875 0.1953125 0.015625 0.0453125
6 0.70703125 0.19296875 0.01640625 0.0453125
6 0.72421875 0.19140625 0.0140625 0.04765625
6 0.74609375 0.18984375 0.0171875 0.04609375
6 0.7625 0.190625 0.01484375 0.04453125
6 0.7890625 0.18984375 0.01640625 0.04765625
6 0.8078125 0.1875 0.015625 0.04609375
6 0.8265625 0.1859375 0.01640625 0.0453125
6 0.84296875 0.1859375 0.01171875 0.0453125
6 0.14296875 0.76875 0.0171875 0.0484375
6 0.159375 0.76875 0.01484375 0.04921875
6 0.1796875 0.76484375 0.015625 0.0453125
6 0.234375 0.76171875 0.0171875 0.0484375
6 0.2859375 0.75859375 0.01953125 0.04921875
6 0.346875 0.75625 0.021875 0.04921875
6 0.40078125 0.75546875 0.01796875 0.05078125
6 0.4953125 0.74921875 0.0171875 0.04765625
6 0.47578125 0.75 0.01796875 0.0484375
6 0.45703125 0.7515625 0.0171875 0.0453125
6 0.43671875 0.7515625 0.01953125 0.05
6 0.4171875 0.753125 0.0171875 0.05
6 0.52109375 0.74765625 0.01953125 0.0484375
6 0.53984375 0.7453125 0.0140625 0.0484375
6 0.56015625 0.74609375 0.01875 0.04765625
6 0.57890625 0.740625 0.0203125 0.046875
6 0.59765625 0.73984375 0.01328125 0.05
6 0.61640625 0.73984375 0.0140625 0.046875
6 0.63515625 0.73828125 0.0125 0.04765625
6 0.6515625 0.73671875 0.01484375 0.04375
6 0.21328125 0.75234375 0.03203125 0.11953125
6 0.259375 0.7484375 0.03125 0.11796875
6 0.3171875 0.74765625 0.04140625 0.10625
6 0.375 0.74375 0.0359375 0.10078125