8 0.51171875 0.5 0.9140625 1
3 0.15390625 0.10234375 0.11484375 0.1515625
3 0.16015625 0.25625 0.1203125 0.14765625
3 0.16484375 0.4046875 0.11875 0.15
3 0.17109375 0.565625 0.11875 0.15234375
3 0.17890625 0.72734375 0.1203125 0.1578125
3 0.1875 0.89609375 0.1203125 0.17265625
6 0.334375 0.72578125 0.08671875 0.1421875
6 0.34375 0.87578125 0.0890625 0.1484375
5 0.42265625 0.05703125 0.07578125 0.078125
5 0.42890625 0.14453125 0.08125 0.0921875
5 0.47734375 0.90703125 0.08671875 0.08828125
5 0.47265625 0.81640625 0.08359375 0.0890625
5 0.615625 0.88359375 0.084375 0.08828125
5 0.61171875 0.79375 0.084375 0.08515625
5 0.44921875 0.3765625 0.09609375 0.125
5 0.46015625 0.51875 0.1 0.14765625
5 0.4703125 0.678125 0.10390625 0.16796875
5 0.5796875 0.3859375 0.0875 0.140625
5 0.5921875 0.5390625 0.0859375 0.15546875
5 0.60390625 0.6859375 0.08984375 0.12578125