8 0.59453125 0.44921875 0.8109375 0.8984375
3 0.33203125 0.2140625 0.0875 0.41484375
6 0.7140625 0.60859375 0.08125 0.128125
6 0.71015625 0.73671875 0.08125 0.1296875
3 0.56953125 0.4109375 0.1171875 0.8171875
5 0.82890625 0.6984375 0.078125 0.07890625
5 0.8296875 0.696875 0.07890625 0.07890625
5 0.83125 0.77734375 0.07421875 0.0765625
5 0.83046875 0.778125 0.078125 0.08203125
5 0.95234375 0.77265625 0.08203125 0.0796875
5 0.95078125 0.6921875 0.08203125 0.078125
5 0.83203125 0.45390625 0.0953125 0.40703125
5 0.9453125 0.45703125 0.08984375 0.39453125
5 0.8140625 0.0265625 0.07421875 0.053125
5 0.8140625 0.09921875 0.0734375 0.0890625