8 0.61953125 0.3734375 0.7609375 0.74140625
6 0.3171875 0.0953125 0.01640625 0.0484375
6 0.3328125 0.09453125 0.0171875 0.04765625
6 0.35703125 0.09453125 0.0171875 0.046875
6 0.396875 0.09375 0.01796875 0.05078125
6 0.37578125 0.09296875 0.0171875 0.04765625
6 0.415625 0.09140625 0.01875 0.04921875
6 0.43671875 0.090625 0.015625 0.04921875
6 0.45703125 0.08984375 0.01640625 0.04765625
6 0.484375 0.0890625 0.01640625 0.0484375
6 0.50390625 0.0890625 0.015625 0.04765625
6 0.99296875 0.0765625 0.01328125 0.0453125
6 0.9765625 0.0765625 0.01796875 0.046875
6 0.95 0.0765625 0.01640625 0.0453125
6 0.9328125 0.0765625 0.01875 0.046875
6 0.91171875 0.0765625 0.01875 0.04609375
6 0.89453125 0.078125 0.01796875 0.04453125
6 0.8734375 0.078125 0.01875 0.046875
6 0.85390625 0.0796875 0.01875 0.0453125
6 0.8375 0.0796875 0.0171875 0.04765625
6 0.82109375 0.08125 0.0171875 0.046875
6 0.78515625 0.08046875 0.0171875 0.046875
6 0.52421875 0.0890625 0.0171875 0.0484375
6 0.54296875 0.0875 0.01640625 0.04765625
6 0.56328125 0.08671875 0.01640625 0.046875
6 0.5828125 0.0859375 0.01796875 0.04765625
6 0.603125 0.084375 0.01640625 0.046875
6 0.6234375 0.0859375 0.01640625 0.0484375
6 0.65 0.0859375 0.01484375 0.04765625
6 0.66875 0.08359375 0.01640625 0.04765625
6 0.6890625 0.08359375 0.01640625 0.046875
6 0.70546875 0.0828125 0.01484375 0.046875
6 0.72890625 0.0828125 0.01640625 0.04921875
6 0.7484375 0.08203125 0.015625 0.04765625
6 0.765625 0.08203125 0.01640625 0.04765625
6 0.58125 0.65078125 0.01953125 0.05546875
6 0.5984375 0.6484375 0.01640625 0.05390625
6 0.61953125 0.646875 0.0171875 0.05078125
6 0.63984375 0.64765625 0.0171875 0.0515625
6 0.66171875 0.6484375 0.01953125 0.05390625
6 0.6828125 0.64375 0.0171875 0.04921875
6 0.84765625 0.63515625 0.0125 0.05390625
6 0.83125 0.63515625 0.01953125 0.05
6 0.8125 0.63828125 0.0203125 0.04609375
6 0.7921875 0.63828125 0.01796875 0.05078125
6 0.7515625 0.64140625 0.01796875 0.04765625
6 0.77265625 0.6390625 0.0203125 0.05
6 0.73125 0.6421875 0.021875 0.05
6 0.71015625 0.64375 0.02109375 0.05
6 0.54921875 0.6546875 0.03359375 0.1546875
6 0.4859375 0.65390625 0.03515625 0.1453125
6 0.52109375 0.653125 0.01875 0.0546875
6 0.45859375 0.65546875 0.01796875 0.05234375
6 0.40390625 0.659375 0.02109375 0.059375
6 0.43046875 0.653125 0.040625 0.134375
6 0.375 0.65859375 0.03984375 0.14296875
6 0.34375 0.659375 0.01953125 0.053125
6 0.3234375 0.66328125 0.01796875 0.053125
6 0.30234375 0.6640625 0.01796875 0.05625