6 0.0203125 0.128125 0.0234375 0.0328125
6 0.35859375 0.12265625 0.025 0.0359375
8 0.46953125 0.4265625 0.93828125 0.85234375
2 0.73984375 0.1265625 0.065625 0.11484375
6 0.38046875 0.12265625 0.02265625 0.03671875
6 0.471875 0.12265625 0.02109375 0.0390625
6 0.69765625 0.11484375 0.02109375 0.03984375
6 0.671875 0.115625 0.021875 0.0390625
6 0.6484375 0.11640625 0.025 0.04140625
6 0.6203125 0.11875 0.02421875 0.040625
6 0.49765625 0.121875 0.021875 0.03828125
6 0.52109375 0.12109375 0.0234375 0.03671875
6 0.546875 0.1203125 0.025 0.0390625
6 0.56953125 0.1203125 0.02734375 0.0375
6 0.59609375 0.1203125 0.02265625 0.03828125
6 0.33203125 0.12421875 0.02578125 0.0375
6 0.40234375 0.12421875 0.0234375 0.0390625
6 0.428125 0.12265625 0.02265625 0.03984375
6 0.45 0.1234375 0.02421875 0.0421875
6 0.2921875 0.12421875 0.0265625 0.034375
6 0.2453125 0.1265625 0.0265625 0.03515625
6 0.26796875 0.12578125 0.02421875 0.0359375
6 0.03984375 0.12734375 0.021875 0.03359375
6 0.059375 0.1265625 0.0234375 0.0328125
6 0.078125 0.1265625 0.0234375 0.0328125
6 0.2234375 0.1265625 0.0203125 0.0328125
6 0.203125 0.1265625 0.0203125 0.0359375
6 0.18203125 0.12578125 0.02109375 0.0359375
6 0.1609375 0.1265625 0.0234375 0.03515625
6 0.140625 0.12578125 0.021875 0.03359375
6 0.11953125 0.12578125 0.02265625 0.0328125
6 0.09765625 0.12578125 0.02109375 0.03359375