8 0.5078125 0.54609375 0.9703125 0.89453125
6 0.1859375 0.37265625 0.02265625 0.0328125
6 0.20859375 0.37109375 0.0203125 0.03046875
6 0.403125 0.378125 0.02578125 0.03359375
6 0.32578125 0.37578125 0.02890625 0.03359375
6 0.23125 0.371875 0.02265625 0.03125
6 0.60859375 0.384375 0.02890625 0.0359375
6 0.58203125 0.3828125 0.02734375 0.03515625
6 0.4265625 0.37890625 0.02421875 0.0328125
6 0.29921875 0.37421875 0.0234375 0.03203125
6 0.55546875 0.3828125 0.0265625 0.03515625
6 0.5015625 0.38125 0.02578125 0.034375
6 0.453125 0.38046875 0.0265625 0.03359375
6 0.94921875 0.39140625 0.0328125 0.0390625
6 0.47734375 0.38125 0.02578125 0.034375
6 0.52734375 0.38125 0.02578125 0.0328125
6 0.91953125 0.390625 0.02890625 0.0390625
6 0.8421875 0.38984375 0.03046875 0.0390625
6 0.278125 0.3734375 0.02265625 0.03203125
6 0.81171875 0.3890625 0.03046875 0.03828125
6 0.8890625 0.39140625 0.0296875 0.0390625
6 0.253125 0.37421875 0.01953125 0.02890625
5 0.71640625 0.390625 0.03515625 0.02890625
6 0.76015625 0.3875 0.0421875 0.03828125
6 0.93828125 0.71640625 0.034375 0.0453125
6 0.96875 0.7203125 0.034375 0.0453125
6 0.35546875 0.66328125 0.0265625 0.0359375
6 0.64296875 0.690625 0.02734375 0.03984375
6 0.425 0.67109375 0.02734375 0.03671875
6 0.7203125 0.69765625 0.02734375 0.040625
6 0.771875 0.70234375 0.02734375 0.0421875
6 0.44921875 0.6734375 0.02890625 0.03828125
6 0.54296875 0.68359375 0.02890625 0.0390625
6 0.79921875 0.7046875 0.02890625 0.04296875
6 0.8265625 0.7078125 0.028125 0.04375
6 0.2484375 0.653125 0.0296875 0.03515625
6 0.28984375 0.6578125 0.028125 0.034375
6 0.74453125 0.7 0.02734375 0.0421875
6 0.225 0.6515625 0.0265625 0.03359375
6 0.85390625 0.71015625 0.03046875 0.04375
6 0.6171875 0.6890625 0.02890625 0.04140625
6 0.59296875 0.68671875 0.02890625 0.040625
6 0.37890625 0.6671875 0.028125 0.03671875
6 0.88203125 0.71171875 0.03125 0.04453125
6 0.49609375 0.678125 0.02734375 0.0375
6 0.1875 0.646875 0.03203125 0.03359375
6 0.66953125 0.69453125 0.0265625 0.0390625
6 0.2015625 0.6515625 0.01640625 0.034375
6 0.33125 0.665625 0.0234375 0.03359375
6 0.31015625 0.66328125 0.01953125 0.03515625
6 0.2671875 0.659375 0.0171875 0.03125
6 0.40078125 0.66953125 0.0265625 0.0421875
6 0.471875 0.67578125 0.025 0.04140625
6 0.51796875 0.68203125 0.02734375 0.04140625
6 0.56875 0.68671875 0.025 0.040625
6 0.69375 0.696875 0.02734375 0.04296875
6 0.9078125 0.71640625 0.02890625 0.04296875
6 0.99140625 0.721875 0.01640625 0.0453125
5 0.21796875 0.19296875 0.096875 0.07421875
5 0.29296875 0.190625 0.06484375 0.078125
5 0.35078125 0.18984375 0.0546875 0.08046875
5 0.4046875 0.1890625 0.0546875 0.0796875
5 0.4609375 0.1890625 0.0640625 0.08203125
5 0.521875 0.1890625 0.0609375 0.08359375
5 0.5796875 0.1859375 0.06015625 0.084375
5 0.64296875 0.1859375 0.06953125 0.0859375
5 0.70546875 0.184375 0.06640625 0.08671875
5 0.77265625 0.184375 0.0671875 0.0890625
5 0.83828125 0.1828125 0.06640625 0.0875
5 0.9078125 0.18203125 0.07265625 0.0921875
5 0.96875 0.18046875 0.06171875 0.08828125
0 0.36796875 0.37890625 0.04296875 0.03359375
0 0.66171875 0.3890625 0.05703125 0.03515625