8 0.5 0.5 1 1
0 0.07734375 0.20390625 0.03359375 0.021875
0 0.11484375 0.2046875 0.0375 0.0234375
0 0.153125 0.2046875 0.03671875 0.0234375
0 0.19140625 0.2046875 0.0375 0.0234375
0 0.22890625 0.2046875 0.0359375 0.0234375
0 0.26640625 0.20390625 0.0359375 0.0234375
0 0.2984375 0.2046875 0.02890625 0.02421875
0 0.32734375 0.2046875 0.02734375 0.0234375
0 0.35546875 0.2046875 0.0296875 0.025
0 0.3859375 0.2046875 0.03203125 0.02421875
0 0.4171875 0.2046875 0.03046875 0.0234375
0 0.446875 0.2046875 0.02890625 0.02421875
0 0.475 0.2046875 0.02890625 0.025
0 0.50546875 0.20390625 0.0296875 0.02421875
0 0.5359375 0.2046875 0.03046875 0.025
0 0.565625 0.2046875 0.0296875 0.025
7 0.196875 0.3359375 0.16015625 0.021875
7 0.31875 0.3359375 0.0828125 0.0234375
7 0.4015625 0.33515625 0.08046875 0.02265625
7 0.48203125 0.33515625 0.0828125 0.02265625
7 0.5625 0.33515625 0.07890625 0.025
7 0.64375 0.3359375 0.08125 0.02421875
7 0.72578125 0.33515625 0.0796875 0.0234375
7 0.80625 0.33515625 0.08125 0.0234375
7 0.8875 0.33515625 0.08125 0.0234375
5 0.13359375 0.69765625 0.0203125 0.0234375
5 0.15234375 0.696875 0.01875 0.0234375
5 0.171875 0.696875 0.01875 0.0234375
5 0.19140625 0.696875 0.01796875 0.0234375
5 0.209375 0.696875 0.01953125 0.0234375
1 0.25703125 0.69609375 0.0765625 0.0234375
5 0.38203125 0.69609375 0.01953125 0.02421875
5 0.40078125 0.69609375 0.01953125 0.02421875
5 0.4203125 0.69609375 0.01796875 0.02421875
5 0.43828125 0.6953125 0.01953125 0.0234375
5 0.45703125 0.6953125 0.01796875 0.0234375
5 0.47578125 0.6953125 0.01875 0.0234375
5 0.49453125 0.6953125 0.01953125 0.0234375
5 0.51328125 0.6953125 0.01875 0.0234375
5 0.53203125 0.6953125 0.01796875 0.0234375
5 0.55078125 0.6953125 0.01875 0.0234375
1 0.59765625 0.69453125 0.075 0.02265625
5 0.72578125 0.69375 0.01953125 0.02265625
5 0.7453125 0.69375 0.01875 0.02265625
5 0.7640625 0.69375 0.01875 0.0234375
5 0.78203125 0.69375 0.01875 0.0234375
5 0.80078125 0.69375 0.01875 0.0234375
5 0.81953125 0.69375 0.01875 0.0234375
1 0.86640625 0.69375 0.0734375 0.0234375