8 0.49609375 0.4875 0.9921875 0.953125
6 0.32109375 0.31875 0.02890625 0.0390625
6 0.32265625 0.6265625 0.01953125 0.0375
6 0.3984375 0.6265625 0.02734375 0.03828125
6 0.47265625 0.62890625 0.02734375 0.03984375
6 0.446875 0.31640625 0.0265625 0.03984375
6 0.4015625 0.3171875 0.02890625 0.03984375
6 0.58203125 0.31328125 0.028125 0.0390625
6 0.20546875 0.62265625 0.03125 0.0375
6 0.34609375 0.3171875 0.0265625 0.0375
6 0.49921875 0.31484375 0.02578125 0.0390625
6 0.55390625 0.3140625 0.02734375 0.0390625
6 0.54921875 0.63046875 0.02734375 0.03984375
6 0.47265625 0.315625 0.0265625 0.0390625
6 0.446875 0.62734375 0.02578125 0.0375
6 0.4984375 0.6296875 0.02734375 0.0390625
6 0.609375 0.31328125 0.02890625 0.0390625
6 0.37265625 0.3171875 0.0265625 0.0375
6 0.63671875 0.3125 0.02890625 0.03828125
6 0.665625 0.3125 0.02734375 0.0390625
6 0.12890625 0.31953125 0.0296875 0.03828125
6 0.8765625 0.309375 0.03125 0.04140625
6 0.7875 0.3109375 0.0296875 0.03984375
6 0.18203125 0.3203125 0.03125 0.03828125
6 0.15546875 0.31953125 0.028125 0.0375
6 0.15 0.621875 0.02421875 0.03359375
6 0.6015625 0.6296875 0.02578125 0.03984375
6 0.846875 0.31015625 0.03125 0.040625
6 0.9046875 0.309375 0.0296875 0.0390625
6 0.6265625 0.63046875 0.02578125 0.040625
6 0.0765625 0.3203125 0.0328125 0.0375
6 0.81640625 0.31015625 0.0296875 0.0390625
6 0.04765625 0.3203125 0.028125 0.0359375
6 0.12734375 0.621875 0.0234375 0.03203125
6 0.29140625 0.325 0.03203125 0.0265625
5 0.0234375 0.12109375 0.046875 0.090625
5 0.07265625 0.1203125 0.06875 0.0921875
5 0.12890625 0.11875 0.0734375 0.08828125
5 0.5 0.11015625 0.075 0.09140625
5 0.43671875 0.10859375 0.075 0.09296875
5 0.3734375 0.11015625 0.0703125 0.090625
5 0.31328125 0.1140625 0.07734375 0.09453125
5 0.1890625 0.11640625 0.07421875 0.090625
5 0.25 0.115625 0.0671875 0.09296875
0 0.68203125 0.11484375 0.065625 0.06875
0 0.76328125 0.1109375 0.065625 0.06640625
0 0.84453125 0.10859375 0.06484375 0.0640625
6 0.0234375 0.3203125 0.02890625 0.03828125
6 0.1 0.31953125 0.0265625 0.03828125
6 0.01015625 0.61953125 0.0203125 0.0359375
2 0.665625 0.63046875 0.0671875 0.09609375
6 0.0328125 0.6203125 0.0265625 0.03671875
6 0.05546875 0.61953125 0.025 0.0375
6 0.0796875 0.6203125 0.02578125 0.0390625
6 0.103125 0.62109375 0.02421875 0.03671875
6 0.1765625 0.62265625 0.02578125 0.03828125
6 0.22578125 0.625 0.025 0.03359375
6 0.27421875 0.625 0.02578125 0.0390625
6 0.2984375 0.62578125 0.02421875 0.0390625
6 0.34609375 0.6265625 0.02734375 0.040625
6 0.37109375 0.6265625 0.0234375 0.040625
6 0.42265625 0.62734375 0.02421875 0.0421875
6 0.52265625 0.63046875 0.02578125 0.0390625
6 0.575 0.6296875 0.02578125 0.040625
5 0.61796875 0.11796875 0.05703125 0.06328125
5 0.5609375 0.11875 0.0546875 0.06484375
0 0.2390625 0.31953125 0.05703125 0.0359375