8 0.5 0.5 1 1
9 0.14140625 0.67890625 0.06640625 0.4671875
9 0.1749253765625 0.8078897015625 0.1672356796875 0.8120110859375 0.1672356796875 0.9043301421875001 0.22985172343750002 0.905978671875 0.2331472953125 0.806241140625 0.239738440625 0.793052784375 0.2419355015625 0.5606066140625 0.2369921234375 0.5474181796875001 0.23809067499999997 0.47405753281249996 0.181516521875 0.46993614843750003 0.1743760796875 0.55318815625 0.17767169375 0.56390371875 0.1749253765625 0.8078897015625
9 0.2424847578125 0.7897556015625 0.2331472953125 0.8103625250000001 0.230400978125 0.9051544078125 0.2924677234375 0.9002087578125 0.295214040625 0.811186821875 0.301805228125 0.80211975625 0.30619931093749997 0.56802511875 0.299608165625 0.5556609484374999 0.3045515453125 0.47570609375000006 0.2391891859375 0.47240898906249995 0.2353443578125 0.5515395640625 0.24303401249999998 0.56390371875 0.2424847578125 0.7897556015625
9 0.304002290625 0.8037683156250001 0.297411103125 0.8120110859375 0.2924677234375 0.8969116375 0.35398525625 0.8969116375 0.35837933906249997 0.81283538125 0.3682660984375 0.8004712265625 0.373209478125 0.5647279984375 0.3627734640625 0.554836684375 0.3644212703125 0.48065175781249997 0.3051008 0.47735463749999996 0.3007066765625 0.5556609484374999 0.3072978625 0.56802511875 0.304002290625 0.8037683156250001
9 0.3682660984375 0.7979983703125 0.357830084375 0.814483909375 0.3528867046875 0.8911416609374999 0.415502746875 0.8894931312500001 0.4171505546875 0.806241140625 0.42758652656249996 0.7988226671875001 0.43362845781250003 0.56802511875 0.42264318906250004 0.561430925 0.42538950625 0.48312461406249996 0.3640847875 0.4791746 0.3627734640625 0.55318815625 0.373209478125 0.5672008390625 0.3682660984375 0.7979983703125
9 0.4291361109375 0.7947025062499999 0.4197986484375 0.8070666609374999 0.41650307656249996 0.8878458281249999 0.47307718750000005 0.8903186218749999 0.47637280156250006 0.8111880453125 0.48955509062499997 0.8078909265625001 0.4972447875 0.5680263437499999 0.482963946875 0.5606078390625 0.48625951875 0.48724722343750004 0.427947265625 0.4822647203125 0.424742028125 0.55895929375 0.4346287453125 0.5688506078125 0.4291361109375 0.7947025062499999
9 0.48241469062500003 0.55895929375 0.4972447875 0.5696749046875 0.48900583593749997 0.806242365625 0.47527425 0.81530943125 0.4719786765625 0.8919672125 0.535143975 0.8878458281249999 0.5362424859375 0.8078909265625001 0.5510726234375001 0.8004724515625 0.55546670625 0.5737962890625 0.542833671875 0.5606078390625 0.54612924375 0.488895753125 0.4879073265625 0.4855986484375 0.48625951875 0.48724722343750004 0.48571026406250006 0.48724722343750004 0.48241469062500003 0.55895929375
9 0.5565652578125 0.5820390578125 0.551621878125 0.7979995953125 0.5378902921875001 0.8070666609374999 0.5367917828125 0.885372971875 0.589521065625 0.8861972359375001 0.5939151484375 0.8070666609374999 0.6059989703124999 0.8029452765625 0.61533643125 0.5795662015625 0.600506334375 0.563080678125 0.6021541 0.49548999374999997 0.548118596875 0.489475 0.5494248171875 0.4897200328125 0.5455799890625 0.56143215 0.5565652578125 0.5820390578125
9 0.6070974796875 0.8004724515625 0.5933658937499999 0.8078909265625001 0.587873259375 0.8870215015625 0.6471937296875 0.8903186218749999 0.6488415359374999 0.8054181640625 0.6642209296875 0.7988238921875 0.6713612875 0.582863321875 0.656531190625 0.56555351875 0.6587282953125 0.4987870671875 0.60236736875 0.49153508125 0.6010555906249999 0.5663777828125001 0.614237921875 0.5795662015625 0.6070974796875 0.8004724515625
9 0.665319440625 0.7979995953125 0.6521370671875 0.8045938375 0.6488415359374999 0.8878458281249999 0.6988244609375001 0.8886700921875 0.70047226875 0.8045938375 0.716950171875 0.8004724515625 0.73178026875 0.57297199375 0.7114575375000001 0.5672020484375 0.7136546421875 0.49796280312499996 0.657989528125 0.49462520000000004 0.655981978125 0.5672020484375 0.6741076046875001 0.5836875874999999 0.665319440625 0.7979995953125
2 0.7323696921875 0.5760694625 0.720285871875 0.7953271515625 0.7038079671874999 0.8052184499999999 0.701610946875 0.8868219125 0.9015428546875001 0.8827005281250001 0.909232509375 0.8233525484375 0.9279075171875 0.8068670093750001 0.943836125 0.5851365281249999 0.9174714625 0.5727723734375 0.92406260625 0.48622330781249995 0.71424398125 0.473859153125 0.71424398125 0.47550768281250005 0.712596215625 0.567002428125 0.7323696921875 0.5760694625