8 0.56953125 0.5015625 0.73203125 0.996875
7 0.46484375 0.26796875 0.06015625 0.05390625
7 0.5265625 0.26953125 0.0609375 0.0578125
7 0.5859375 0.2703125 0.05859375 0.05
7 0.64453125 0.275 0.05859375 0.0515625
7 0.7046875 0.275 0.0609375 0.05
7 0.76328125 0.28125 0.05625 0.053125
7 0.81796875 0.28046875 0.05390625 0.05390625
7 0.8734375 0.28203125 0.05703125 0.0578125
7 0.61875 0.62578125 0.06015625 0.053125
7 0.67734375 0.62734375 0.0625 0.05625
7 0.7375 0.6265625 0.0609375 0.053125
7 0.79609375 0.62265625 0.05546875 0.05078125
7 0.34140625 0.265625 0.05546875 0.05625
3 0.46484375 0.334375 0.053125 0.046875
3 0.52421875 0.33515625 0.05 0.04765625
3 0.58359375 0.33125 0.0390625 0.04609375
3 0.64140625 0.33203125 0.0421875 0.046875
3 0.7 0.334375 0.040625 0.046875
3 0.7578125 0.33671875 0.040625 0.05
3 0.81328125 0.3375 0.03984375 0.0453125
3 0.86640625 0.3390625 0.04140625 0.04765625
3 0.67109375 0.56484375 0.053125 0.05
3 0.7328125 0.56953125 0.05234375 0.05
3 0.7890625 0.5703125 0.04609375 0.05
2 0.28671875 0.74453125 0.06015625 0.053125
2 0.2828125 0.91328125 0.0609375 0.05546875
2 0.6828125 0.7453125 0.0625 0.04765625
5 0.325 0.74453125 0.0140625 0.05234375
5 0.33984375 0.7453125 0.015625 0.05078125
5 0.35546875 0.7453125 0.015625 0.053125
5 0.3703125 0.74453125 0.0125 0.0515625
5 0.38671875 0.74453125 0.015625 0.05078125
5 0.4015625 0.7453125 0.0140625 0.053125
5 0.41640625 0.74453125 0.01484375 0.05234375
5 0.43203125 0.7453125 0.015625 0.05234375
5 0.446875 0.74609375 0.01484375 0.05
5 0.4625 0.74609375 0.0171875 0.05
5 0.47734375 0.74609375 0.0140625 0.05078125
5 0.49140625 0.746875 0.0140625 0.053125
5 0.50703125 0.74609375 0.01484375 0.05
5 0.52109375 0.74609375 0.0140625 0.0515625
5 0.53671875 0.74609375 0.01640625 0.053125
5 0.553125 0.74453125 0.01484375 0.05
5 0.7203125 0.74453125 0.0109375 0.046875
5 0.73515625 0.74453125 0.015625 0.04765625
5 0.74921875 0.74453125 0.01484375 0.0484375
5 0.76328125 0.7453125 0.01171875 0.0453125
5 0.7765625 0.74375 0.01328125 0.046875
5 0.79140625 0.74453125 0.01484375 0.04765625
5 0.32109375 0.9140625 0.01328125 0.053125
5 0.334375 0.91484375 0.01484375 0.053125
5 0.3515625 0.91484375 0.01640625 0.053125
5 0.3671875 0.91484375 0.01484375 0.05078125
5 0.3828125 0.91484375 0.015625 0.0515625
5 0.39921875 0.915625 0.015625 0.05234375
5 0.41328125 0.91484375 0.0140625 0.05
5 0.428125 0.9140625 0.015625 0.0515625
5 0.44296875 0.9140625 0.015625 0.05234375
5 0.45859375 0.91328125 0.0140625 0.05234375
5 0.47421875 0.9125 0.0140625 0.0484375
5 0.48828125 0.91484375 0.0140625 0.05078125
5 0.5046875 0.9140625 0.015625 0.0484375
5 0.5203125 0.91328125 0.0125 0.04765625
5 0.534375 0.91328125 0.0125 0.05
5 0.5484375 0.91328125 0.01328125 0.04921875
5 0.56328125 0.9125 0.0140625 0.05
5 0.57890625 0.9125 0.01484375 0.05
5 0.59296875 0.91171875 0.01171875 0.05
5 0.60859375 0.91171875 0.0140625 0.0515625
5 0.62421875 0.9125 0.01484375 0.046875
7 0.43320825156250004 0.3314749984375 0.434204096875 0.2401368046875 0.3729369640625 0.2397195140625 0.3726276359375 0.2925512234375 0.40466068125000004 0.2921088953125 0.40432872187499996 0.3323596359375 0.43320825156250004 0.3314749984375