8 0 0.9991666671875 0.999080440625 0.99824158125 0.999080440625 0.2533352578125 0.9474906437499999 0 0.0301989046875 0.0016777171875 0 0.286889596875 0 0.9991666671875
5 0.26875 0.07109375 0.01875 0.07421875
5 0.28984375 0.071875 0.0203125 0.06953125
5 0.3109375 0.07578125 0.02109375 0.0734375
5 0.33203125 0.07734375 0.01875 0.0703125
5 0.3515625 0.08125 0.0203125 0.07109375
5 0.3734375 0.084375 0.0203125 0.071875
5 0.6078266703125 0.10610489999999999 0.60456038125 0.10095802031250001 0.6090144109375 0.088288778125 0.6042634453125 0.07878684687500001 0.58555651875 0.0764113640625 0.5831810359375 0.0859132953125 0.5790239406250001 0.08353781406250001 0.589416678125 0.1405494015625 0.6054511875 0.142924884375 0.608420540625 0.13461069375 0.606638928125 0.114815003125 0.6078266703125 0.10610489999999999
5 0.625642790625 0.1065008140625 0.6286121453125 0.09343565781249999 0.6238611796875 0.082350071875 0.6051542515625 0.0799745890625 0.610202153125 0.0914560890625 0.6072328 0.101353934375 0.608420540625 0.10808446875 0.6054511875 0.114815003125 0.608420540625 0.1338188671875 0.6054511875 0.1425289703125 0.6238611796875 0.1445085390625 0.6277213390624999 0.1330270390625 0.625642790625 0.114815003125 0.625642790625 0.1065008140625
5 0.6440527828125 0.10768855468750001 0.6458343953125001 0.095415228125 0.641380365625 0.08472555468750001 0.6241581140625 0.082745984375 0.629206015625 0.09383157187499999 0.6253458562499999 0.1057089859375 0.6262366625 0.1171904859375 0.6268305328125 0.1350066078125 0.6241581140625 0.1453003671875 0.6422711718749999 0.14767584843749998 0.645240525 0.1361943484375 0.64434971875 0.11956596875 0.6440527828125 0.10768855468750001
5 0.6651351937500001 0.0981866234375 0.6588995515625 0.0867051234375 0.6407864937500001 0.0839337265625 0.646428265625 0.09462339843749999 0.6446466531249999 0.10808446875 0.645240525 0.11917005624999999 0.6455374593750001 0.1361943484375 0.643161978125 0.14609219375 0.6603842281250001 0.148467678125 0.6639474515625 0.14213305625 0.6618689046874999 0.12312919375 0.6618689046874999 0.11045995156249999 0.6651351937500001 0.0981866234375
5 0.676715671875 0.088288778125 0.65830568125 0.086309209375 0.666026 0.1001661921875 0.6618689046874999 0.1112517796875 0.662165840625 0.1227332796875 0.6639474515625 0.1401534875 0.6609780984375 0.1492595046875 0.677606478125 0.1512390734375 0.6814666375 0.143320796875 0.678497284375 0.12312919375 0.6820605093750001 0.101353934375 0.676715671875 0.088288778125
5 0.6980950171875 0.114815003125 0.69957969375 0.10372941718749999 0.69453179375 0.0914560890625 0.677606478125 0.0886846921875 0.6817635734375 0.10214576093750001 0.680278896875 0.114419090625 0.679388090625 0.124316934375 0.6814666375 0.1417371421875 0.6779034140625 0.15084315937499998 0.695719534375 0.15361455625 0.6989858234375 0.1417371421875 0.697501146875 0.124316934375 0.6980950171875 0.114815003125
5 0.71175404375 0.09462339843749999 0.69453179375 0.091060175 0.6998766296875 0.10412533125000001 0.6972042125 0.116794571875 0.6972042125 0.125900590625 0.6989858234375 0.1405494015625 0.696610340625 0.15480229843749999 0.7141295265625 0.1555941265625 0.7168019453125 0.14609219375 0.71353565625 0.1290679015625 0.72036516875 0.10848038281250001 0.71175404375 0.09462339843749999
5 0.734618065625 0.109272209375 0.7298671 0.0981866234375 0.7132387203125 0.095811140625 0.7168019453125 0.10531307187500001 0.715614203125 0.116794571875 0.7138325921875001 0.1286719859375 0.717395815625 0.1472799359375 0.7150203328125 0.1559900390625 0.7310548421874999 0.158365521875 0.7352119375 0.14886359062500001 0.73253951875 0.13065155625 0.73253951875 0.12154553906250001 0.734618065625 0.109272209375
5 0.749464834375 0.1239210203125 0.7518403171875 0.11164769375000001 0.74649548125 0.1001661921875 0.7292732296875 0.09779070937499999 0.73432113125 0.109272209375 0.7334303249999999 0.1187741421875 0.7319456484375 0.13025564218750002 0.735508871875 0.14886359062500001 0.7310548421874999 0.15717778124999998 0.7488709625000001 0.1595532640625 0.7518403171875 0.14965541875 0.749464834375 0.13263112500000002 0.749464834375 0.1239210203125
5 0.7669840203125 0.12352510781249999 0.7690625671875 0.114419090625 0.7625299890624999 0.10214576093750001 0.746792415625 0.1001661921875 0.7515433812500001 0.11164769375000001 0.74976176875 0.121941453125 0.7500587046875 0.13263112500000002 0.7515433812500001 0.1512390734375 0.749464834375 0.16034509218749998 0.7660932140625001 0.162324659375 0.769359503125 0.15361455625 0.766687084375 0.135798434375 0.7669840203125 0.12352510781249999
5 0.7833154640625 0.13817391875 0.7836124 0.127880159375 0.78628481875 0.116794571875 0.7782675640625001 0.1049171578125 0.761639184375 0.10174984843749998 0.76876563125 0.11600274531250002 0.76728095625 0.1247128484375 0.766687084375 0.1377780046875 0.769359503125 0.1528227296875 0.76549934375 0.1631164890625 0.7821277234374999 0.165887884375 0.7818307875 0.1643042296875 0.784800140625 0.15361455625 0.7833154640625 0.13817391875
5 0.8002407796875 0.13065155625 0.8026162625 0.11917005624999999 0.7966775562499999 0.10689672812499999 0.77915836875 0.10412533125000001 0.78628481875 0.11837822812500001 0.7842062703125 0.12946381406250002 0.7830185296875001 0.1377780046875 0.7845032062499999 0.154406384375 0.78093998125 0.16509605624999998 0.797865296875 0.167471540625 0.8023193265625 0.156385953125 0.79994384375 0.1405494015625 0.8002407796875 0.13065155625
5 0.8171660953125001 0.13461069375 0.8153844828125001 0.12114962343749999 0.8127120640625 0.11085586562500001 0.7975683609375 0.10808446875 0.8035070687499999 0.1187741421875 0.80172545625 0.12946381406250002 0.79994384375 0.1401534875 0.8032101328125 0.1575736953125 0.7990530375 0.16865928125000001 0.8153844828125001 0.17143067812499999 0.82072931875 0.159949178125 0.8171660953125001 0.142924884375 0.8171660953125001 0.13461069375
5 0.83468528125 0.121941453125 0.8311220562500001 0.12035779687499999 0.8296373796875001 0.11283543437500002 0.8115243234375 0.109272209375 0.815087546875 0.11956596875 0.8171660953125001 0.1342147796875 0.8168691593749999 0.144904453125 0.820432384375 0.16034509218749998 0.8174630296875 0.1710347640625 0.8334975390625001 0.173410246875 0.8361699578125 0.16074100468750002 0.83290366875 0.144904453125 0.83468528125 0.121941453125
5 0.8504228546875 0.1255046765625 0.8453749531250001 0.114815003125 0.83023125 0.11283543437500002 0.8358730218750001 0.12312919375 0.8334975390625001 0.14569628125 0.8373576984375 0.1627205734375 0.8340914093749999 0.1730143328125 0.8489381781249999 0.175389815625 0.8513136609374999 0.1635124015625 0.8486412421875 0.146884021875 0.8504228546875 0.1255046765625
5 0.8646757515625 0.1425289703125 0.868238975 0.1274842453125 0.8628941390625 0.11758640000000001 0.8453749531250001 0.114815003125 0.8507197906249999 0.1239210203125 0.8489381781249999 0.1492595046875 0.85190753125 0.165887884375 0.8489381781249999 0.1757857296875 0.865269621875 0.1777652984375 0.8676451046875 0.167471540625 0.8643788156250001 0.152426815625 0.8646757515625 0.1425289703125
1 0.4649250828125 0.1264541234375 0.4654405203125 0.0618525609375 0.3850321921875 0.050169298437499996 0.384001315625 0.11751986562500001 0.4649250828125 0.1264541234375
1 0.9283038515625 0.1532569015625 0.9246957859375 0.13401388125 0.9226340328125 0.1250796234375 0.8654204140624999 0.1195816171875 0.8664512906249999 0.1347011328125 0.8654204140624999 0.15119514843749998 0.8679976046875 0.167689165625 0.866966728125 0.18074692812499998 0.929334728125 0.188306684375 0.9319119171875 0.17662342343749998 0.9246957859375 0.1670019140625 0.9272729749999999 0.1608166578125 0.9283038515625 0.1532569015625
7 0.2421875 0.246875 0.08984375 0.075
7 0.33203125 0.25078125 0.09140625 0.06875
7 0.41875 0.26015625 0.08984375 0.0765625
7 0.50625 0.26640625 0.08984375 0.07578125
3 0.23828125 0.340625 0.0828125 0.07265625
3 0.33125 0.34765625 0.07734375 0.07578125
3 0.41875 0.35 0.078125 0.07734375
3 0.50390625 0.365625 0.06953125 0.05390625
3 0.0828125 0.6875 0.08984375 0.08125
3 0.18671875 0.68515625 0.09765625 0.08046875
3 0.28203125 0.68359375 0.09921875 0.08203125
3 0.378125 0.684375 0.0875 0.07890625
3 0.46875 0.684375 0.0875 0.07421875
3 0.56328125 0.68515625 0.08046875 0.06484375
3 0.65078125 0.68046875 0.0859375 0.065625
3 0.72890625 0.675 0.07890625 0.07265625
7 0.016501378125 0.7325215078125 0.0099532125 0.8294343640624999 0.12258166875000001 0.82419583125 0.1278202015625 0.7307753296875 0.016501378125 0.7325215078125
7 0.125200934375 0.82419583125 0.231936040625 0.82419583125 0.231936040625 0.7316484187500001 0.127165384375 0.7290291515625 0.125200934375 0.82419583125
7 0.23324567499999999 0.8215765656249999 0.336706696875 0.8224496546875001 0.336706696875 0.7307753296875 0.2325908578125 0.7316484187500001 0.23324567499999999 0.8215765656249999
7 0.33736151406250003 0.8172111203125001 0.4368936375 0.81546494375 0.4316551046875 0.7272829734374999 0.33736151406250003 0.729902240625 0.33736151406250003 0.8172111203125001
7 0.5324968625000001 0.8137187656249999 0.5272583296875 0.7264098859375 0.4316551046875 0.7307753296875 0.43623882187499996 0.812845678125 0.5324968625000001 0.8137187656249999
7 0.5357709453124999 0.8137187656249999 0.6241711859375 0.80673405625 0.616968203125 0.7229175296875 0.5285679625 0.7246637078125 0.5357709453124999 0.8137187656249999
7 0.6281000859375 0.8102264109374999 0.712571428125 0.8041147890625 0.7034039953125 0.7229175296875 0.6195874703124999 0.7246637078125 0.6281000859375 0.8102264109374999
7 0.7178099609374999 0.801495521875 0.792459053125 0.7980031671875001 0.7859108875 0.7185520859375 0.7060232625 0.7220444421875001 0.7178099609374999 0.801495521875
7 0.8657985125 0.7159328203124999 0.8723466796875 0.7875261015625 0.9502698546874999 0.7831606578125 0.9522343046874999 0.79014536875 0.93651870625 0.713313553125 0.8657985125 0.7159328203124999
7 0.187857284375 0.318324934375 0.194493496875 0.20405111250000002 0.0959463890625 0.20141939999999997 0.096992428125 0.272751425 0.146508665625 0.2747920296875 0.144466790625 0.318324934375 0.187857284375 0.318324934375
7 0.8648334312499999 0.71424394375 0.8259162765625 0.715466965625 0.8196748390625 0.6636105390625 0.79636126875 0.644531284375 0.772129828125 0.6452651031250001 0.771731396875 0.659718703125 0.784061971875 0.6709487140625 0.794158409375 0.79545306875 0.8729105890625 0.7900717562499999 0.8648334312499999 0.71424394375