8 0.53828125 0.49765625 0.8671875 0.9671875
6 0.27734375 0.40859375 0.01796875 0.0265625
6 0.16171875 0.41015625 0.0171875 0.0234375
6 0.17421875 0.41015625 0.01484375 0.025
6 0.18828125 0.41015625 0.0109375 0.0234375
6 0.203125 0.4109375 0.01484375 0.02421875
6 0.2171875 0.4109375 0.01640625 0.02265625
6 0.23046875 0.41015625 0.01484375 0.0234375
6 0.33671875 0.409375 0.0125 0.0234375
6 0.35234375 0.41015625 0.01640625 0.0234375
6 0.85390625 0.40625 0.01796875 0.025
6 0.77890625 0.40625 0.01796875 0.02421875
6 0.83515625 0.40625 0.01796875 0.025
6 0.64765625 0.4078125 0.015625 0.025
6 0.796875 0.40625 0.01875 0.025
6 0.665625 0.40703125 0.0171875 0.02578125
6 0.7015625 0.40859375 0.01796875 0.025
6 0.815625 0.40546875 0.0171875 0.02421875
6 0.178125 0.10703125 0.01171875 0.02421875
6 0.1921875 0.10625 0.01640625 0.0265625
6 0.28671875 0.09921875 0.01328125 0.02734375
6 0.3171875 0.09765625 0.01640625 0.0265625
6 0.346875 0.09453125 0.01484375 0.02578125
6 0.36796875 0.09296875 0.0140625 0.02734375
6 0.3828125 0.09296875 0.0171875 0.028125
6 0.3015625 0.09765625 0.01796875 0.02734375
6 0.15 0.10859375 0.01484375 0.02421875
6 0.16328125 0.10859375 0.01484375 0.02578125
6 0.46171875 0.0859375 0.01640625 0.0296875
6 0.38203125 0.09296875 0.01484375 0.0265625
6 0.39765625 0.08984375 0.01484375 0.0296875
6 0.41328125 0.090625 0.01640625 0.0296875
6 0.34375 0.60078125 0.01484375 0.025
6 0.47890625 0.0828125 0.01640625 0.0296875
6 0.49609375 0.0828125 0.015625 0.0296875
6 0.1765625 0.59140625 0.01484375 0.0203125
6 0.23515625 0.10390625 0.01640625 0.02578125
6 0.25 0.103125 0.01328125 0.02421875
6 0.27265625 0.10078125 0.0171875 0.0265625
6 0.528125 0.078125 0.01640625 0.0296875
6 0.25703125 0.59453125 0.01484375 0.02265625
6 0.3140625 0.59921875 0.0140625 0.0234375
6 0.14765625 0.58984375 0.01484375 0.02109375
6 0.2015625 0.5921875 0.01484375 0.02109375
6 0.35703125 0.60078125 0.015625 0.02421875
6 0.228125 0.59375 0.015625 0.02109375
6 0.5453125 0.078125 0.015625 0.03046875
6 0.41796875 0.603125 0.01640625 0.025
6 0.3875 0.60234375 0.01484375 0.025
6 0.40234375 0.603125 0.01484375 0.0234375
6 0.2984375 0.59765625 0.0140625 0.021875
6 0.32890625 0.6 0.0140625 0.0234375
6 0.64140625 0.61328125 0.015625 0.025
6 0.65859375 0.6125 0.015625 0.025
6 0.44453125 0.08671875 0.015625 0.02890625
6 0.5953125 0.0734375 0.01796875 0.03046875
6 0.63125 0.07109375 0.01796875 0.03125
6 0.43359375 0.60390625 0.01484375 0.02421875
6 0.27109375 0.596875 0.0109375 0.02109375
6 0.28359375 0.596875 0.01328125 0.0203125
6 0.509375 0.60546875 0.015625 0.025
6 0.49453125 0.60546875 0.01484375 0.025
6 0.56171875 0.07578125 0.01640625 0.03046875
6 0.61328125 0.07109375 0.01796875 0.03125
6 0.4484375 0.603125 0.01484375 0.025
6 0.4625 0.60390625 0.015625 0.025
6 0.41328125 0.090625 0.01640625 0.02890625
6 0.703125 0.06328125 0.01796875 0.03125
6 0.5265625 0.6078125 0.01640625 0.02578125
6 0.6484375 0.06953125 0.01796875 0.03046875
6 0.66796875 0.06796875 0.0171875 0.0296875
6 0.57890625 0.07578125 0.01640625 0.03125
6 0.371875 0.6015625 0.0140625 0.0234375
6 0.6765625 0.61328125 0.015625 0.025
6 0.625 0.61171875 0.015625 0.02578125
6 0.73984375 0.059375 0.01796875 0.03046875
6 0.478125 0.60546875 0.0140625 0.02421875
6 0.721875 0.06171875 0.01796875 0.03046875
6 0.75859375 0.0578125 0.01796875 0.03046875
6 0.87421875 0.04765625 0.0203125 0.03203125
6 0.9140625 0.04375 0.02109375 0.0328125
6 0.51015625 0.0796875 0.009375 0.028125
6 0.89375 0.04453125 0.0203125 0.0328125
6 0.77734375 0.05703125 0.01796875 0.03046875
6 0.684375 0.06640625 0.0171875 0.0296875
6 0.83515625 0.05 0.01953125 0.0328125
6 0.85390625 0.04921875 0.0203125 0.0328125
6 0.54140625 0.60859375 0.01484375 0.02578125
6 0.796875 0.05390625 0.01953125 0.03203125
6 0.815625 0.05234375 0.0203125 0.0328125
6 0.934375 0.0421875 0.0203125 0.0328125
6 0.2078125 0.10546875 0.01328125 0.025
6 0.2203125 0.1046875 0.0171875 0.0265625
6 0.33203125 0.09609375 0.01484375 0.025
6 0.2921875 0.41015625 0.01328125 0.021875
6 0.30703125 0.41015625 0.01171875 0.0234375
6 0.321875 0.409375 0.0140625 0.02421875
6 0.36953125 0.41015625 0.0109375 0.0234375
6 0.38359375 0.409375 0.01328125 0.0234375
6 0.4296875 0.08828125 0.015625 0.028125
6 0.40078125 0.4109375 0.01328125 0.02265625
6 0.48671875 0.40859375 0.01484375 0.02265625
6 0.50234375 0.4109375 0.01328125 0.02265625
6 0.51796875 0.409375 0.01015625 0.02421875
6 0.53515625 0.409375 0.0125 0.021875
6 0.56328125 0.409375 0.0140625 0.02265625
6 0.57890625 0.40859375 0.01328125 0.0234375
6 0.59609375 0.40859375 0.0140625 0.0234375
6 0.63046875 0.4078125 0.0140625 0.0234375
6 0.6828125 0.4078125 0.0140625 0.025
6 0.24296875 0.59453125 0.0109375 0.01953125
6 0.21640625 0.59375 0.01171875 0.02109375
6 0.18828125 0.590625 0.01171875 0.0203125
6 0.1625 0.5890625 0.01171875 0.01953125
5 0.16171875 0.2984375 0.06484375 0.0484375
5 0.21171875 0.296875 0.03828125 0.04765625
5 0.2453125 0.2953125 0.0328125 0.046875
5 0.27734375 0.2953125 0.034375 0.05078125
5 0.31015625 0.29375 0.03515625 0.053125
5 0.34375 0.29375 0.03828125 0.05
5 0.378125 0.290625 0.034375 0.04921875
5 0.4125 0.28984375 0.03671875 0.05078125
5 0.4484375 0.2890625 0.0359375 0.05078125
5 0.48515625 0.28671875 0.04140625 0.053125
5 0.525 0.2859375 0.0375 0.0546875
0 0.76328125 0.284375 0.03984375 0.03828125
0 0.8140625 0.2828125 0.0421875 0.03984375
0 0.71015625 0.2859375 0.0390625 0.040625
5 0.5625 0.284375 0.0359375 0.05
5 0.60078125 0.2828125 0.0421875 0.0515625
6 0.1484375 0.41015625 0.0125 0.01875
6 0.55859375 0.60859375 0.01484375 0.0265625
6 0.575 0.60859375 0.01484375 0.02578125
6 0.59140625 0.609375 0.0140625 0.0265625
6 0.60859375 0.61015625 0.0140625 0.02578125
5 0.671875 0.2875 0.034375 0.03828125
5 0.6375 0.2890625 0.03203125 0.03828125
0 0.43515625 0.4109375 0.03671875 0.021875
0 0.259375 0.4109375 0.0234375 0.02109375
2 0.70703125 0.61484375 0.0390625 0.06796875