8 0.48125 0.50546875 0.9625 0.9890625
6 0.0875 0.08125 0.02890625 0.04921875
6 0.1265625 0.08125 0.03203125 0.05078125
6 0.16484375 0.0796875 0.03671875 0.053125
6 0.20546875 0.0765625 0.02890625 0.05234375
6 0.2765625 0.0828125 0.028125 0.05390625
6 0.31328125 0.0828125 0.03046875 0.05
6 0.4359375 0.0859375 0.02890625 0.05234375
6 0.31328125 0.08203125 0.03046875 0.053125
6 0.475 0.0828125 0.02890625 0.05234375
6 0.88515625 0.08671875 0.02734375 0.053125
6 0.92734375 0.08671875 0.02734375 0.05234375
6 0.84609375 0.08671875 0.02890625 0.05234375
6 0.59453125 0.084375 0.028125 0.05234375
6 0.35234375 0.08125 0.02578125 0.05234375
6 0.5125 0.08359375 0.028125 0.0515625
6 0.5515625 0.08515625 0.0265625 0.053125
6 0.01484375 0.5453125 0.0296875 0.04375
6 0.05390625 0.54765625 0.028125 0.04375
6 0.090625 0.54921875 0.025 0.04375
6 0.1234375 0.5515625 0.02578125 0.04453125
6 0.16484375 0.55 0.02734375 0.04296875
6 0.20078125 0.55234375 0.02421875 0.04375
6 0.23671875 0.55078125 0.0265625 0.04375
6 0.27265625 0.553125 0.02578125 0.04296875
6 0.3140625 0.54921875 0.02578125 0.04453125
6 0.353125 0.55390625 0.0265625 0.04453125
6 0.3875 0.5484375 0.02890625 0.04609375
6 0.42890625 0.5515625 0.0265625 0.04453125
6 0.49765625 0.5484375 0.02734375 0.04375
6 0.534375 0.5484375 0.0265625 0.04375
6 0.4640625 0.55078125 0.0296875 0.04453125
6 0.76484375 0.08515625 0.02734375 0.05859375
6 0.80625 0.08515625 0.025 0.05859375
2 0.590625 0.55390625 0.08046875 0.13515625