8 0.43125 0.51796875 0.85234375 0.9640625
6 0.12109375 0.49609375 0.02578125 0.03515625
6 0.09609375 0.4953125 0.025 0.03203125
6 0.00625 0.49140625 0.0125 0.0296875
6 0.025 0.49375 0.02578125 0.03203125
6 0.0484375 0.49453125 0.0234375 0.0328125
6 0.071875 0.49453125 0.021875 0.03203125
6 0.19140625 0.4984375 0.02578125 0.0328125
6 0.26015625 0.50078125 0.025 0.03203125
6 0.21328125 0.4984375 0.02109375 0.03046875
6 0.33046875 0.5015625 0.02265625 0.03125
6 0.35390625 0.50234375 0.02421875 0.03125
6 0.30703125 0.5015625 0.025 0.03203125
6 0.28359375 0.50078125 0.025 0.03203125
6 0.4 0.503125 0.02421875 0.03046875
6 0.2359375 0.50078125 0.0203125 0.02734375
6 0.421875 0.50390625 0.02265625 0.03046875
6 0.6703125 0.51015625 0.0234375 0.03125
6 0.4890625 0.50546875 0.021875 0.0296875
6 0.4453125 0.5046875 0.0234375 0.0296875
6 0.46640625 0.50546875 0.0234375 0.03046875
6 0.64765625 0.509375 0.021875 0.03046875
6 0.625 0.509375 0.02265625 0.03046875
6 0.5125 0.50625 0.021875 0.03046875
6 0.5359375 0.50703125 0.021875 0.0296875
6 0.165625 0.496875 0.01875 0.03125
6 0.5796875 0.50859375 0.02265625 0.03046875
6 0.603125 0.50859375 0.0234375 0.03046875
6 0.37734375 0.503125 0.02421875 0.03046875
6 0.1984375 0.11015625 0.0234375 0.03125
6 0.28046875 0.1140625 0.021875 0.03203125
6 0.484375 0.12265625 0.02109375 0.03203125
6 0.403125 0.11875 0.021875 0.03203125
6 0.11484375 0.10625 0.02421875 0.0328125
6 0.36328125 0.1171875 0.021875 0.03203125
6 0.3015625 0.11484375 0.02109375 0.03203125
6 0.44375 0.1203125 0.021875 0.03203125
6 0.34296875 0.1171875 0.021875 0.03203125
6 0.17734375 0.10859375 0.0234375 0.03125
6 0.5453125 0.12421875 0.02109375 0.03203125
6 0.1359375 0.10703125 0.025 0.03203125
6 0.60546875 0.12578125 0.02109375 0.03203125
6 0.58515625 0.12578125 0.02109375 0.03203125
6 0.2203125 0.11171875 0.02421875 0.03203125
6 0.321875 0.11640625 0.021875 0.0328125
6 0.565625 0.125 0.02109375 0.03125
6 0.4640625 0.12109375 0.021875 0.0328125
6 0.5046875 0.1234375 0.02109375 0.03203125
6 0.6265625 0.1265625 0.02109375 0.0328125
6 0.07421875 0.1046875 0.02421875 0.0328125
6 0.15703125 0.10859375 0.0234375 0.03125
6 0.66640625 0.128125 0.02109375 0.03203125
6 0.6921875 0.5109375 0.021875 0.03203125
6 0.03203125 0.103125 0.02421875 0.0328125
6 0.01171875 0.10234375 0.02265625 0.0328125
6 0.38359375 0.1171875 0.02265625 0.03125
6 0.42421875 0.11953125 0.02265625 0.03125
6 0.646875 0.12734375 0.021875 0.0328125
6 0.6859375 0.12890625 0.0203125 0.0328125
6 0.09609375 0.98125 0.03203125 0.0375
6 0.26640625 0.11328125 0.01484375 0.0296875
6 0.56875 0.98359375 0.03203125 0.0328125
6 0.1484375 0.9828125 0.028125 0.034375
6 0.29921875 0.9828125 0.0296875 0.034375
6 0.221875 0.9828125 0.028125 0.034375
6 0.54140625 0.9828125 0.0234375 0.03203125
6 0.38046875 0.98359375 0.0296875 0.0328125
6 0.61640625 0.984375 0.025 0.03125
6 0.35390625 0.9828125 0.025 0.03203125
6 0.515625 0.98359375 0.02890625 0.0328125
6 0.03125 0.98046875 0.03671875 0.0375
6 0.01015625 0.9828125 0.0203125 0.034375
6 0.06796875 0.98203125 0.02734375 0.0359375
6 0.053125 0.1046875 0.02109375 0.03125
6 0.09453125 0.1046875 0.0203125 0.03203125
6 0.240625 0.1125 0.01953125 0.03203125
6 0.5234375 0.12265625 0.0203125 0.0328125
6 0.14453125 0.49765625 0.025 0.034375
6 0.55625 0.5078125 0.025 0.0328125
6 0.121875 0.9828125 0.025 0.034375
6 0.19375 0.98359375 0.0203125 0.03203125
6 0.246875 0.98359375 0.02734375 0.0328125
6 0.325 0.98359375 0.02421875 0.03203125
6 0.403125 0.98359375 0.0265625 0.0328125
6 0.590625 0.984375 0.02421875 0.03125
5 0.01171875 0.3359375 0.0234375 0.06484375
5 0.04765625 0.3359375 0.0625 0.06484375
5 0.1015625 0.3375 0.05703125 0.065625
5 0.15 0.3390625 0.05703125 0.0640625
5 0.20234375 0.34140625 0.0546875 0.06484375
5 0.2640625 0.78671875 0.065625 0.08125
5 0.2078125 0.78515625 0.06328125 0.0828125
5 0.14765625 0.78515625 0.06484375 0.08125
5 0.03671875 0.78125 0.07109375 0.08203125
5 0.0953125 0.78125 0.05703125 0.08046875
0 0.42265625 0.80078125 0.0546875 0.059375
0 0.4921875 0.80078125 0.0578125 0.0578125
0 0.55859375 0.803125 0.0546875 0.05859375
0 0.44296875 0.35859375 0.053125 0.0484375
0 0.38828125 0.35625 0.028125 0.0453125
0 0.32578125 0.3546875 0.028125 0.0453125
0 0.5125 0.359375 0.02890625 0.0453125
0 0.55859375 0.37421875 0.040625 0.0203125
5 0.2546875 0.35625 0.03203125 0.034375
5 0.321875 0.80078125 0.046875 0.04921875
5 0.3703125 0.7984375 0.0484375 0.05703125