8 0.4734375 0.53828125 0.9453125 0.8890625
6 0.2578125 0.36796875 0.02578125 0.03515625
6 0.40625 0.36796875 0.025 0.0359375
6 0.3109375 0.36875 0.0265625 0.03671875
6 0.38046875 0.36875 0.025 0.03671875
6 0.28359375 0.36875 0.025 0.0359375
6 0.56484375 0.36875 0.02734375 0.0375
6 0.484375 0.36875 0.025 0.03671875
6 0.3375 0.36875 0.02578125 0.03671875
6 0.0734375 0.36875 0.02421875 0.03515625
6 0.4328125 0.36796875 0.02578125 0.03671875
6 0.5921875 0.36875 0.025 0.0390625
6 0.51171875 0.36875 0.0265625 0.03828125
6 0.12421875 0.36875 0.02890625 0.03515625
6 0.79453125 0.36640625 0.02734375 0.03828125
6 0.7375 0.36640625 0.02578125 0.03671875
6 0.71015625 0.3671875 0.02890625 0.0390625
6 0.82421875 0.3671875 0.0296875 0.0390625
6 0.7671875 0.3671875 0.0265625 0.03671875
6 0.04609375 0.36875 0.0265625 0.034375
6 0.01953125 0.36875 0.01953125 0.03359375
6 0.53671875 0.36875 0.02265625 0.034375
6 0.09765625 0.36796875 0.02421875 0.034375
6 0.2796875 0.6765625 0.02421875 0.04453125
6 0.25390625 0.675 0.02109375 0.0453125
6 0.1828125 0.67265625 0.01875 0.04296875
6 0.20625 0.67109375 0.02421875 0.05078125
6 0.23203125 0.67421875 0.02421875 0.04609375
6 0.528125 0.67890625 0.0265625 0.0390625
6 0.47734375 0.67734375 0.02578125 0.03671875
6 0.3765625 0.6734375 0.0265625 0.0359375
6 0.453125 0.6765625 0.0265625 0.03671875
6 0.5546875 0.67890625 0.02421875 0.0390625
6 0.40234375 0.675 0.0265625 0.03671875
6 0.01796875 0.66015625 0.02890625 0.034375
6 0.3515625 0.6734375 0.02578125 0.0359375
6 0.30390625 0.6703125 0.02578125 0.03515625
6 0.42734375 0.67734375 0.0203125 0.0390625
6 0.50078125 0.6796875 0.025 0.04140625
6 0.3265625 0.67578125 0.02421875 0.0390625
6 0.040625 0.66484375 0.02421875 0.0359375
6 0.0640625 0.665625 0.02421875 0.03984375
6 0.08671875 0.66640625 0.0171875 0.03671875
6 0.109375 0.66640625 0.02578125 0.0390625
6 0.1328125 0.66796875 0.021875 0.0375
6 0.1578125 0.66953125 0.021875 0.03671875
5 0.028125 0.178125 0.05546875 0.0796875
5 0.084375 0.17734375 0.05859375 0.08125
5 0.13828125 0.1765625 0.05703125 0.08203125
5 0.434375 0.17109375 0.06875 0.0859375
5 0.3734375 0.17109375 0.06328125 0.0859375
5 0.315625 0.1734375 0.06171875 0.0828125
5 0.25859375 0.175 0.05859375 0.0828125
5 0.196875 0.17578125 0.0609375 0.08203125
0 0.60703125 0.17890625 0.05859375 0.06171875
0 0.6859375 0.17734375 0.06015625 0.0640625
0 0.765625 0.17578125 0.065625 0.0640625
0 0.18359375 0.371875 0.06171875 0.03828125
2 0.59765625 0.678125 0.06015625 0.10078125
5 0.4953125 0.18203125 0.0453125 0.059375
5 0.546875 0.18046875 0.05390625 0.05703125