8 0.94029894375 0.1615035125 0.67109986875 0.1595519203125 0.6659792 0.7322440828125 0.9022599687499999 0.7878653078125 0.94029894375 0.1615035125
0 0.72890625 0.459375 0.00859375 0.034375
0 0.7390625 0.459375 0.00859375 0.0328125
0 0.7484375 0.46015625 0.00859375 0.034375
0 0.75859375 0.46015625 0.00859375 0.03515625
0 0.76875 0.4609375 0.009375 0.034375
0 0.77890625 0.46171875 0.00859375 0.03515625
0 0.7890625 0.4625 0.00859375 0.03671875
0 0.79921875 0.4625 0.00859375 0.0359375
0 0.80859375 0.4640625 0.00859375 0.0359375
0 0.81875 0.46484375 0.009375 0.03671875
0 0.82890625 0.4640625 0.009375 0.03515625
0 0.7015625 0.509375 0.00859375 0.03359375
0 0.7125 0.509375 0.00703125 0.0328125
0 0.72734375 0.51015625 0.00390625 0.0328125
0 0.73515625 0.5125 0.00859375 0.03359375
0 0.746875 0.51171875 0.009375 0.03203125
0 0.7578125 0.51328125 0.00859375 0.034375
0 0.76953125 0.51328125 0.0078125 0.03359375
0 0.78046875 0.5140625 0.009375 0.034375
0 0.790625 0.515625 0.00859375 0.03359375
0 0.8 0.51484375 0.009375 0.0328125
5 0.7578125 0.1828125 0.00859375 0.03359375
5 0.76484375 0.18203125 0.0046875 0.03125
5 0.7703125 0.18203125 0.00546875 0.0296875
5 0.77578125 0.1828125 0.0046875 0.03125
5 0.78046875 0.18359375 0.0046875 0.03125
5 0.7859375 0.18359375 0.00546875 0.03125
5 0.790625 0.184375 0.0046875 0.0328125
5 0.7953125 0.184375 0.0046875 0.03203125
5 0.8 0.184375 0.00390625 0.03203125
5 0.80546875 0.18515625 0.0046875 0.03125
5 0.81015625 0.18515625 0.0046875 0.03203125
5 0.815625 0.18515625 0.0046875 0.03125
5 0.8203125 0.18515625 0.0046875 0.03203125
2 0.828125 0.184375 0.009375 0.0296875
5 0.83984375 0.18515625 0.00546875 0.0328125
5 0.8453125 0.1859375 0.0046875 0.034375
5 0.85 0.1859375 0.0046875 0.03359375
5 0.8546875 0.1859375 0.0046875 0.034375
5 0.86796875 0.18515625 0.00625 0.03203125
5 0.87421875 0.18515625 0.00546875 0.03203125
5 0.87890625 0.1859375 0.0046875 0.0328125
5 0.884375 0.18515625 0.0046875 0.03203125
5 0.890625 0.18515625 0.0046875 0.03203125
5 0.8953125 0.18515625 0.0046875 0.03125
5 0.903125 0.18671875 0.00625 0.03359375
7 0.71796875 0.5953125 0.01953125 0.02734375
7 0.73203125 0.5953125 0.00859375 0.02734375
7 0.78125 0.5984375 0.01171875 0.02578125
7 0.796875 0.59921875 0.01953125 0.02734375
7 0.71484375 0.646875 0.01953125 0.03046875
7 0.7296875 0.64765625 0.009375 0.03125
7 0.75546875 0.646875 0.01796875 0.02890625
6 0.70078125 0.296875 0.00390625 0.015625
6 0.7046875 0.296875 0.00390625 0.01640625
6 0.709375 0.296875 0.00390625 0.01484375
6 0.7140625 0.296875 0.00390625 0.015625
6 0.71796875 0.29765625 0.00390625 0.015625
6 0.721875 0.296875 0.00390625 0.01640625
6 0.72890625 0.296875 0.00390625 0.015625
6 0.73359375 0.29765625 0.00390625 0.01640625
6 0.7375 0.29765625 0.0046875 0.01640625
6 0.7421875 0.29765625 0.00390625 0.015625
6 0.74609375 0.29765625 0.00390625 0.01640625
6 0.75078125 0.2984375 0.00390625 0.0171875
6 0.7546875 0.29765625 0.00390625 0.01640625
6 0.75859375 0.2984375 0.0046875 0.01796875
6 0.765625 0.29921875 0.00390625 0.0171875
6 0.76953125 0.29921875 0.00390625 0.01640625
6 0.77421875 0.29921875 0.0046875 0.0171875
6 0.77890625 0.29921875 0.0046875 0.0171875
6 0.7828125 0.3 0.00390625 0.01640625
6 0.7875 0.3 0.0046875 0.0171875
6 0.79140625 0.29921875 0.00390625 0.0171875
6 0.79453125 0.3 0.003125 0.0171875
6 0.80234375 0.3015625 0.0046875 0.015625
6 0.80703125 0.3015625 0.0046875 0.015625
6 0.81171875 0.3015625 0.00390625 0.01640625
6 0.81484375 0.3015625 0.0046875 0.01640625
6 0.81953125 0.3015625 0.00390625 0.01640625
6 0.82421875 0.3015625 0.0046875 0.01640625
6 0.828125 0.3015625 0.0046875 0.01640625
6 0.8328125 0.3015625 0.00390625 0.01640625
6 0.8390625 0.30234375 0.00390625 0.01484375
6 0.84375 0.30234375 0.00546875 0.015625
6 0.8484375 0.30234375 0.00390625 0.015625
6 0.85234375 0.303125 0.0046875 0.015625
6 0.85703125 0.303125 0.0046875 0.015625
6 0.86171875 0.303125 0.0046875 0.01640625
6 0.865625 0.303125 0.0046875 0.01640625
6 0.86953125 0.30390625 0.00390625 0.01640625
6 0.87734375 0.30390625 0.00390625 0.015625
6 0.88203125 0.303125 0.00390625 0.01484375
6 0.8859375 0.30390625 0.0046875 0.01640625
6 0.890625 0.30390625 0.0046875 0.01640625
6 0.8953125 0.30390625 0.00390625 0.015625
6 0.89921875 0.30390625 0.0046875 0.015625
6 0.90390625 0.30390625 0.0046875 0.015625
6 0.90859375 0.3046875 0.0046875 0.01484375
6 0.6984375 0.39609375 0.00234375 0.01484375
6 0.7015625 0.39609375 0.003125 0.01484375
6 0.7046875 0.39609375 0.00390625 0.01484375
6 0.71015625 0.396875 0.00390625 0.015625
6 0.7140625 0.396875 0.003125 0.01484375
6 0.71875 0.39765625 0.00390625 0.01484375
6 0.721875 0.39765625 0.00390625 0.01484375
6 0.72890625 0.3984375 0.00390625 0.01484375
6 0.7328125 0.39765625 0.00390625 0.01484375
6 0.73671875 0.3984375 0.00390625 0.01484375
6 0.740625 0.3984375 0.003125 0.01484375
6 0.7453125 0.3984375 0.00390625 0.015625
6 0.75 0.3984375 0.00390625 0.01484375
6 0.7546875 0.3984375 0.0046875 0.01484375
6 0.75859375 0.39921875 0.0046875 0.01484375
6 0.7640625 0.4015625 0.00390625 0.0140625
6 0.76875 0.40078125 0.00390625 0.01484375
6 0.77265625 0.40078125 0.00390625 0.015625
6 0.77734375 0.40078125 0.00390625 0.0140625
6 0.78125 0.40078125 0.00390625 0.01484375
6 0.7859375 0.4 0.0046875 0.01484375
6 0.790625 0.40078125 0.00390625 0.01484375
6 0.7953125 0.4015625 0.0046875 0.015625
6 0.80078125 0.4015625 0.00390625 0.01484375
6 0.8046875 0.4015625 0.00390625 0.01484375
6 0.809375 0.4015625 0.00390625 0.0140625
6 0.81328125 0.4015625 0.00390625 0.01484375
6 0.8171875 0.40234375 0.00390625 0.015625
6 0.821875 0.40234375 0.00390625 0.015625
6 0.82578125 0.40234375 0.00390625 0.015625
6 0.83046875 0.403125 0.0046875 0.015625
6 0.83671875 0.403125 0.00390625 0.0140625
6 0.840625 0.403125 0.00390625 0.01484375
6 0.8453125 0.40390625 0.0046875 0.01484375
6 0.84921875 0.40390625 0.00390625 0.015625
6 0.853125 0.40390625 0.003125 0.01484375
6 0.85859375 0.40390625 0.0046875 0.01484375
6 0.86328125 0.40390625 0.00390625 0.015625
6 0.8671875 0.40390625 0.00390625 0.01484375
6 0.87265625 0.40390625 0.00390625 0.0140625
6 0.8765625 0.40390625 0.00390625 0.01484375
6 0.88046875 0.40390625 0.00390625 0.01484375
6 0.88515625 0.4046875 0.0046875 0.015625
6 0.88984375 0.40390625 0.00390625 0.01484375
6 0.89453125 0.4046875 0.0046875 0.01484375
6 0.8984375 0.4046875 0.00390625 0.01484375
6 0.903125 0.40390625 0.0046875 0.01484375
7 0.69921875 0.5953125 0.01640625 0.02421875
7 0.696875 0.64609375 0.01484375 0.025