8 0.5015625 0.5 0.996875 1
0 0.07109375 0.31796875 0.0375 0.06640625
0 0.10859375 0.31953125 0.03515625 0.06875
0 0.146875 0.31640625 0.03828125 0.0671875
0 0.18671875 0.315625 0.03984375 0.0671875
0 0.225 0.3171875 0.0390625 0.0703125
0 0.2640625 0.3171875 0.0390625 0.06953125
0 0.2984375 0.31484375 0.028125 0.065625
0 0.33046875 0.3171875 0.0328125 0.06953125
0 0.3609375 0.31640625 0.0265625 0.06640625
0 0.3890625 0.3140625 0.03046875 0.0671875
0 0.4203125 0.3140625 0.03125 0.071875
0 0.4515625 0.3140625 0.03125 0.06875
0 0.48125 0.31484375 0.0296875 0.0703125
0 0.5109375 0.3140625 0.0296875 0.0703125
0 0.54140625 0.3125 0.0296875 0.07265625
0 0.57109375 0.31015625 0.0296875 0.07109375
7 0.15859375 0.69140625 0.084375 0.06015625
7 0.240625 0.69140625 0.07890625 0.06328125
7 0.3234375 0.6890625 0.08359375 0.06328125
7 0.4046875 0.6875 0.08046875 0.06328125
7 0.48671875 0.68671875 0.08046875 0.06171875
7 0.56796875 0.6875 0.0828125 0.0640625
7 0.65078125 0.6859375 0.08359375 0.0640625
7 0.734375 0.684375 0.08203125 0.06171875
7 0.815625 0.68359375 0.08125 0.0640625
7 0.89609375 0.68125 0.08203125 0.06328125