8 0.5828125 0.5125 0.83125 0.975
6 0.2953125 0.1359375 0.01953125 0.02734375
6 0.31796875 0.13359375 0.01875 0.03203125
6 0.3375 0.13203125 0.01796875 0.03125
6 0.35625 0.13046875 0.01796875 0.03046875
6 0.46015625 0.1203125 0.0203125 0.0328125
6 0.47890625 0.11796875 0.0203125 0.03203125
6 0.85 0.07734375 0.0234375 0.034375
6 0.4203125 0.12421875 0.01953125 0.03203125
6 0.4984375 0.115625 0.01953125 0.03203125
6 0.80546875 0.0828125 0.021875 0.034375
6 0.78203125 0.0859375 0.0234375 0.03515625
6 0.575 0.10859375 0.02109375 0.0328125
6 0.67734375 0.096875 0.0203125 0.0328125
6 0.65546875 0.1 0.0203125 0.0328125
6 0.69921875 0.09453125 0.0203125 0.03359375
6 0.63515625 0.1015625 0.0203125 0.03125
6 0.440625 0.12109375 0.0203125 0.0328125
6 0.94375 0.0671875 0.025 0.034375
6 0.615625 0.10390625 0.01953125 0.03203125
6 0.71875 0.09140625 0.02109375 0.034375
6 0.9859375 0.06328125 0.02421875 0.034375
6 0.59609375 0.10625 0.0203125 0.03203125
6 0.53125 0.11328125 0.01953125 0.0328125
6 0.7390625 0.08984375 0.0234375 0.03359375
6 0.91796875 0.0703125 0.0234375 0.034375
6 0.8953125 0.07265625 0.02265625 0.034375
6 0.87265625 0.07578125 0.02265625 0.03359375
6 0.7609375 0.08828125 0.02109375 0.034375
6 0.4453125 0.4890625 0.0234375 0.028125
6 0.9875 0.48125 0.025 0.034375
6 0.59765625 0.48671875 0.02421875 0.03125
6 0.41328125 0.48984375 0.0234375 0.02890625
6 0.57578125 0.4875 0.021875 0.0296875
6 0.6203125 0.48671875 0.021875 0.03046875
6 0.5484375 0.48828125 0.0234375 0.0296875
6 0.37265625 0.4890625 0.02109375 0.02734375
6 0.83359375 0.48359375 0.02421875 0.0328125
6 0.64453125 0.48671875 0.02265625 0.03125
6 0.73828125 0.4859375 0.0234375 0.03203125
6 0.40390625 0.12421875 0.01796875 0.0296875
6 0.93515625 0.48359375 0.02578125 0.034375
6 0.7875 0.48359375 0.0234375 0.0328125
6 0.66484375 0.4859375 0.02265625 0.03046875
6 0.7109375 0.48671875 0.02421875 0.0328125
6 0.50625 0.48828125 0.021875 0.02890625
6 0.3921875 0.4890625 0.021875 0.02734375
6 0.31953125 0.4890625 0.0203125 0.0265625
6 0.68984375 0.4859375 0.02421875 0.03125
6 0.884375 0.48359375 0.02578125 0.03359375
6 0.27734375 0.490625 0.01640625 0.025
6 0.3359375 0.92421875 0.025 0.03515625
6 0.484375 0.48984375 0.01875 0.02734375
6 0.3140625 0.921875 0.0234375 0.034375
6 0.2953125 0.490625 0.01796875 0.025
6 0.359375 0.9265625 0.02734375 0.0375
6 0.25078125 0.91640625 0.02265625 0.034375
6 0.90859375 0.4828125 0.0234375 0.03359375
6 0.62265625 0.95234375 0.02578125 0.0390625
6 0.47578125 0.93828125 0.025 0.0359375
6 0.57265625 0.946875 0.025 0.0375
6 0.4515625 0.93515625 0.025 0.03671875
6 0.271875 0.91796875 0.02265625 0.03515625
6 0.334375 0.48828125 0.0171875 0.028125
6 0.35390625 0.490625 0.01796875 0.02578125
6 0.59765625 0.95 0.02578125 0.03828125
6 0.42890625 0.93515625 0.02265625 0.0359375
6 0.49921875 0.940625 0.025 0.03671875
6 0.521875 0.94296875 0.02578125 0.0375
6 0.7625 0.484375 0.02109375 0.03125
6 0.9625 0.48203125 0.025 0.03359375
6 0.859375 0.48359375 0.02109375 0.03046875
6 0.2921875 0.9203125 0.02109375 0.0359375
6 0.9453125 0.98046875 0.0265625 0.03828125
6 0.84453125 0.975 0.02578125 0.0421875
6 0.91640625 0.97890625 0.02578125 0.03984375
6 0.76171875 0.96796875 0.02421875 0.040625
6 0.546875 0.9453125 0.0265625 0.03828125
6 0.81484375 0.97265625 0.02578125 0.0421875
6 0.78828125 0.9703125 0.025 0.04296875
6 0.890625 0.978125 0.02578125 0.040625
6 0.36875 0.128125 0.01640625 0.02890625
6 0.38515625 0.1265625 0.021875 0.03046875
6 0.5171875 0.11484375 0.02109375 0.03203125
6 0.5546875 0.109375 0.02109375 0.0328125
6 0.82578125 0.08046875 0.0171875 0.03203125
6 0.96484375 0.06640625 0.021875 0.0328125
6 0.4640625 0.48984375 0.021875 0.0296875
6 0.525 0.48828125 0.0203125 0.0296875
6 0.23125 0.915625 0.01875 0.03515625
5 0.2984375 0.35 0.08203125 0.05390625
5 0.36328125 0.346875 0.05546875 0.05546875
5 0.41171875 0.3453125 0.0453125 0.05625
5 0.45546875 0.34296875 0.04921875 0.05703125
5 0.5 0.3390625 0.0515625 0.0578125
5 0.7484375 0.328125 0.05625 0.0640625
5 0.87734375 0.778125 0.0671875 0.08359375
5 0.94375 0.78359375 0.06015625 0.08515625
5 0.3859375 0.7515625 0.053125 0.071875
5 0.33515625 0.7484375 0.053125 0.075
5 0.75546875 0.7734375 0.065625 0.084375
5 0.58984375 0.7625 0.059375 0.07890625
5 0.54765625 0.33671875 0.04921875 0.05859375
5 0.59609375 0.334375 0.05078125 0.0578125
5 0.64609375 0.33359375 0.05703125 0.06640625
5 0.80078125 0.325 0.05390625 0.06640625
5 0.69765625 0.328125 0.05390625 0.0640625
5 0.2671875 0.746875 0.090625 0.071875
5 0.43515625 0.7546875 0.0484375 0.075
5 0.8140625 0.77421875 0.05859375 0.0859375
5 0.69921875 0.76796875 0.06328125 0.084375
5 0.64296875 0.76484375 0.0609375 0.08125
5 0.4828125 0.7578125 0.0546875 0.07734375
5 0.5375 0.75859375 0.06015625 0.07734375
0 0.93515625 0.325 0.0390625 0.0515625
5 0.85546875 0.33203125 0.046875 0.04453125