8 0.9980234125 0.1106034609375 0.001296134375 0.181458803125 0.003888403125 0.999565971875 0.9980234125 0.999565971875 0.9980234125 0.1106034609375
6 0.8883316015625 0.151766959375 0.88647575625 0.14846767656249998 0.8821454484375 0.1497049078125 0.8802896015625 0.153829009375 0.8747220640625001 0.1534166 0.8744127562499999 0.16578890625 0.9300881359375 0.165376496875 0.9300881359375 0.15011731875 0.8883316015625 0.151766959375
6 0.88323956875 0.199791140625 0.9277631609375 0.19888710781250002 0.9275371515625 0.1820118390625 0.9135246515625 0.184121246875 0.9123946109375 0.1859293125 0.88708170625 0.1871346890625 0.8821095281250001 0.183518559375 0.8766853343750001 0.1850252796875 0.8771373499999999 0.1877373765625 0.8732952125000001 0.18623065625 0.87171315625 0.2000924859375 0.8791714234375 0.20069517343749999 0.8803014640625 0.1985857640625 0.88323956875 0.199791140625
6 0.913750659375 0.167245978125 0.8875337218749999 0.1684513546875 0.88391759375 0.167245978125 0.880527471875 0.16754732187500002 0.8775893671875 0.16875269843750001 0.873521221875 0.17025941875 0.872843196875 0.183518559375 0.9282151765625001 0.1817104953125 0.928441184375 0.167245978125 0.913750659375 0.167245978125
6 0.9132986437499999 0.19888710781250002 0.912168603125 0.20099651718749997 0.8866296890625 0.20159920625 0.8803014640625 0.199489796875 0.8775893671875 0.2003938296875 0.87623331875 0.2025032375 0.87239118125 0.20220189375 0.8712611406249999 0.2136529703125 0.9270851359375 0.2136529703125 0.9270851359375 0.199188453125 0.9132986437499999 0.19888710781250002
6 0.8861776734375001 0.21877581875000002 0.880527471875 0.2163650671875 0.8760073109375 0.2172690984375 0.8760073109375 0.21937850781249998 0.87171315625 0.220583884375 0.8703571078125 0.23354168125000002 0.9255030796874999 0.2350484015625 0.9273111437500001 0.21817313125 0.8861776734375001 0.21877581875000002
6 0.8836915843750001 0.23715780937500003 0.879849446875 0.23534974531250002 0.87623331875 0.23534974531250002 0.873521221875 0.2359524328125 0.873521221875 0.23806184218749998 0.8692270687500001 0.2374591546875 0.8683230359375 0.25192367031249996 0.9266331203125 0.2516223265625 0.9266331203125 0.236555121875 0.8836915843750001 0.23715780937500003
6 0.926859128125 0.2543344234375 0.9108125546875 0.2555398 0.908326465625 0.2573478640625 0.8803014640625 0.25704652031249997 0.8787194078124999 0.25523845624999997 0.8766853343750001 0.25343039218749996 0.8753292859374999 0.2540330796875 0.873521221875 0.2555398 0.8730692046874999 0.258251896875 0.8699050921874999 0.258251896875 0.8683230359375 0.25614248906250003 0.8685490437500001 0.25704652031249997 0.8669669875 0.2678949078125 0.867419003125 0.27301775781250004 0.9270851359375 0.27301775781250004 0.926859128125 0.2543344234375
6 0.9029022718749999 0.2938105015625 0.9081004578125 0.2938105015625 0.9112645703125001 0.29682394218749997 0.9264071109375 0.29591991093750003 0.926859128125 0.27633254375 0.9108125546875 0.2760311984375 0.8807534796875001 0.2766338875 0.8775893671875 0.2724150703125 0.8730692046874999 0.27301775781250004 0.8714871484375 0.2760311984375 0.8669669875 0.2778392640625 0.86538493125 0.289893028125 0.868097028125 0.2920024359375 0.8721651734375 0.29320781406249996 0.9029022718749999 0.2938105015625
6 0.9266331203125 0.3016454484375 0.9081004578125 0.302850825 0.8793974312499999 0.3022481359375 0.8771373499999999 0.300440071875 0.8721651734375 0.300138728125 0.8714871484375 0.3022481359375 0.86538493125 0.302850825 0.8644808984375001 0.31972609375 0.90945650625 0.31972609375 0.9264071109375 0.3206301265625 0.9266331203125 0.3016454484375
6 0.9065184000000001 0.32243819218750003 0.9024502546875001 0.3239449125 0.8764593265625 0.3236435671875 0.8719391640625 0.322136846875 0.8694530765625 0.32153415937499996 0.8676450109375 0.3245476 0.8626728343750001 0.3245476 0.86154279375 0.34082018125 0.9221129578125 0.343230934375 0.9234690062500001 0.32334222343749996 0.9065184000000001 0.32243819218750003
6 0.9239210234374999 0.3450389984375 0.906744409375 0.3441349671875 0.9029022718749999 0.3456416875 0.8773633593750001 0.3465457203125 0.8721651734375 0.3447376546875 0.8701311 0.3444363109375 0.8671929953124999 0.34534034375 0.8610907765625001 0.3471484078125 0.8601867453125 0.36342098906250003 0.9090044890625 0.3637223328125 0.9232429984375001 0.364023678125 0.9239210234374999 0.3450389984375
6 0.9053883609375 0.3673384625 0.8764593265625 0.3682424953125 0.873521221875 0.36703711875 0.8701311 0.36342098906250003 0.8662889625 0.3655303984375 0.8656109390625 0.36763980625000003 0.8599607359375 0.36763980625000003 0.8586046875 0.3848164203125 0.9243730390625 0.3872271734375 0.9241470312500001 0.3655303984375 0.9053883609375 0.3673384625
6 0.8732952125000001 0.38963792656249996 0.8685490437500001 0.3869258296875 0.8651589218750001 0.38843255 0.8638028734375001 0.3890352375 0.8606387609375 0.391144646875 0.858830696875 0.390843303125 0.858152671875 0.407718571875 0.9227909828125 0.41073201406250004 0.9232429984375001 0.38993927031250003 0.8732952125000001 0.38963792656249996
6 0.9010942078124999 0.43453819843749997 0.9216609421875 0.43604491875000007 0.9221129578125 0.412540078125 0.9029022718749999 0.41223873437499997 0.8708091250000001 0.41223873437499997 0.8671929953124999 0.41073201406250004 0.8626728343750001 0.4113347015625 0.8613167859375 0.4146494875 0.856570615625 0.41344411093750005 0.854988559375 0.43152475625 0.86154279375 0.433332821875 0.8958960218750001 0.43604491875000007 0.9010942078124999 0.43453819843749997
6 0.92188695 0.43996239218750005 0.9191748531249999 0.43996239218750005 0.9184968281250001 0.4369489515625 0.906066384375 0.4369489515625 0.9033542875 0.43996239218750005 0.899964165625 0.4402637359375 0.8703571078125 0.4402637359375 0.8669669875 0.4381543265625 0.8619948093750001 0.43725029531250004 0.8597347281250001 0.4405650796875 0.85476255 0.4405650796875 0.8534065015625 0.45834438125 0.9031282796875001 0.46196051093749996 0.9205309015625 0.46256320000000006 0.92188695 0.43996239218750005
6 0.8943139640625001 0.48456131874999997 0.900190175 0.48456131874999997 0.9182708203125 0.48847879218749996 0.9200788859375001 0.46346723125 0.9006421906250001 0.4622618546875 0.868097028125 0.4622618546875 0.8649329140625 0.460755134375 0.86086476875 0.459851103125 0.8592827125 0.46256320000000006 0.8536325109374999 0.46316588750000004 0.852728478125 0.4797398140625 0.858830696875 0.4827532546875 0.8925059 0.486972071875 0.8943139640625001 0.48456131874999997
6 0.9227909828125 0.49721777187500005 0.8699050921874999 0.4951083625 0.8649329140625 0.4936016421875 0.8595087203125 0.4936016421875 0.8529544859374999 0.49480701875 0.8509204140625 0.5149970734375 0.9015462234375 0.5198185796875 0.9214349343749999 0.5222293312499999 0.9227909828125 0.49721777187500005
6 0.891827875 0.54784358125 0.8945399734375 0.5436247640625 0.8990601343750001 0.5445287953125 0.91962686875 0.5460355171875 0.92030489375 0.524338740625 0.8997381578124999 0.5222293312499999 0.8633508578125 0.5207226109375 0.8606387609375 0.5186132031249999 0.8572486390625 0.518311859375 0.855892590625 0.5201199234375 0.85001638125 0.5213253 0.8495643656249999 0.5412140109375 0.85476255 0.5421180421875 0.856570615625 0.5463368609375 0.891827875 0.54784358125
6 0.889115778125 0.577375303125 0.892957915625 0.5737591734375 0.8981561015624999 0.5737591734375 0.89860811875 0.5782793359375 0.9187228375000001 0.57978605625 0.9198528765624999 0.551459709375 0.8990601343750001 0.551158365625 0.8631248499999999 0.5496516453125 0.8595087203125 0.54784358125 0.8561186 0.54784358125 0.8540845265625 0.5499529890625 0.848434325 0.5493503015625001 0.84685226875 0.5716497656249999 0.852728478125 0.5725537984375 0.8534065015625 0.57406051875 0.889115778125 0.577375303125
6 0.8536325109374999 0.603592240625 0.8875337218749999 0.60660568125 0.8904718265625 0.603290896875 0.8965740453125 0.604194928125 0.9184968281250001 0.609317778125 0.9189488453125 0.5812927765625 0.8988341265625 0.5809914328125 0.8624468249999999 0.577977990625 0.8574746484375 0.5752658937499999 0.8540845265625 0.5752658937499999 0.8520504546875 0.576772615625 0.8464002515625 0.5770739593750001 0.8441401718750001 0.5921411640625001 0.8439141625 0.6002774546875 0.8509204140625 0.6002774546875 0.8536325109374999 0.603592240625
6 0.8857256578125 0.6385481562499999 0.8877597296875 0.6373427796875 0.89476598125 0.636438746875 0.9178188046875 0.6382468125 0.9180448125 0.6114271875 0.8977040859375001 0.6099204671875 0.8972520703125 0.6108244984375 0.8599607359375 0.609016434375 0.8567966234375 0.6072083687500001 0.85318049375 0.6047976171875 0.8515984375000001 0.6075097140625 0.8448181953124999 0.6072083687500001 0.84233210625 0.6292064890625 0.8497903734375001 0.631014553125 0.850468396875 0.6346306828125 0.8857256578125 0.6385481562499999
6 0.8845956171875 0.6716960078125 0.8866296890625 0.6689839109375 0.8940879562499999 0.6689839109375 0.9148807 0.6719973515625 0.9173667890624999 0.6439723500000001 0.8970260609375 0.640657565625 0.8963480374999999 0.6433696624999999 0.8583786796874999 0.641260253125 0.854988559375 0.6388495 0.8502423890624999 0.6382468125 0.8491123484375 0.6394521890625 0.8421060984375 0.6394521890625 0.8398460171875 0.65903955625 0.8405240421875 0.6632583734375 0.8470782765625 0.6659704703125 0.8845956171875 0.6716960078125
6 0.8452702109375 0.6961048796875 0.8823355359375 0.70183041875 0.88391759375 0.699118321875 0.891375859375 0.6988169765625 0.8934099328125 0.7021317625 0.9151067078124999 0.704843859375 0.9162367484375 0.6750107937500001 0.8940879562499999 0.672901384375 0.8552145671875 0.6698879437499999 0.8513724296875 0.6668745015625 0.8461742437499999 0.667778534375 0.8398460171875 0.668381221875 0.839620009375 0.668381221875 0.8378119453125 0.68706455625 0.8369079125000001 0.6915847187499999 0.8452702109375 0.694296815625 0.8452702109375 0.6961048796875
6 0.8439141625 0.731964828125 0.8807534796875001 0.736484990625 0.8834655765624999 0.7334715484375 0.8904718265625 0.7340742375 0.8931839234375 0.737389021875 0.9132986437499999 0.7391970875 0.914428684375 0.70755595625 0.8936359406250001 0.704843859375 0.8931839234375 0.7063505796875 0.8525024703125 0.70183041875 0.8470782765625 0.7009263859375 0.8441401718750001 0.70183041875 0.836455896875 0.7006250421875 0.8350998484375 0.720815096875 0.8350998484375 0.7274446671875 0.841202065625 0.7277460109375 0.8439141625 0.731964828125
6 0.8389419859375 0.7765637562500001 0.8780413828125001 0.78198795 0.8800754562499999 0.7795771968749999 0.8884377546875 0.7795771968749999 0.8909238437500001 0.78198795 0.9108125546875 0.7840973578125 0.9126206187499999 0.7500454750000001 0.9078744500000001 0.7500454750000001 0.8943139640625001 0.747032034375 0.8902458187500001 0.7485387546875 0.85001638125 0.747634721875 0.8454962203124999 0.7440185921875 0.839620009375 0.7455253140625 0.8335177921874999 0.7440185921875 0.831031703125 0.7669207453125 0.8308056953125 0.77204359375 0.8382639609375 0.773851659375 0.8389419859375 0.7765637562500001
6 0.8760073109375 0.8184505859375 0.8784933984375 0.81362908125 0.8852736406249999 0.8145331125 0.8859516656249999 0.8178478984374999 0.9081004578125 0.8199573062500001 0.9101345296875 0.7871108 0.8886637625 0.7840973578125 0.8877597296875 0.7865081109375 0.8461742437499999 0.78168660625 0.841880090625 0.7777691328125 0.8387159765625001 0.7810839171875 0.8301276703125 0.7801798843750001 0.8278675890624999 0.8024793484374999 0.8271895656250001 0.8069995109375 0.834873840625 0.8103142953125 0.8760073109375 0.8184505859375
6 0.8339698078125 0.848283653125 0.873521221875 0.8543105343749999 0.8748772703125001 0.8528038140625 0.8848216250000001 0.8522011265625 0.8857256578125 0.8579266640625001 0.9085524734374999 0.8600360734375 0.90945650625 0.822368059375 0.8868556984374999 0.8199573062500001 0.8848216250000001 0.821765371875 0.8450442031250001 0.816943865625 0.8398460171875 0.8127250484375 0.8353258562500001 0.8151358015625 0.8265115406250001 0.8148344562500001 0.8244774687499999 0.8365312328125001 0.8247034765624999 0.8434621468750001 0.8321617437500001 0.8452702125 0.8339698078125 0.848283653125
6 0.8299016625 0.8895677953125001 0.8712611406249999 0.897101396875 0.872843196875 0.8952933328125001 0.8809794875 0.8961973656250001 0.88323956875 0.8983067734375 0.9058403765625 0.9019229031249999 0.9078744500000001 0.8642548906249999 0.8854996500000001 0.8603374171875 0.8848216250000001 0.8636522015624999 0.8414280749999999 0.8582280078125001 0.8378119453125 0.8555159109374999 0.8346478328125 0.8546118796875 0.8323877515625 0.8546118796875 0.82831960625 0.8549132234375 0.8251554921875 0.8543105343749999 0.820183315625 0.8775140312499999 0.8213133562499999 0.8844449453125 0.82831960625 0.886554353125 0.8299016625 0.8895677953125001
6 0.8251554921875 0.928441184375 0.868097028125 0.9377828515625 0.87239118125 0.9356734421875 0.8796234390625 0.93687881875 0.879849446875 0.9398922609374999 0.9031282796875001 0.9429057015625 0.9051623515625 0.9043336562500001 0.884369609375 0.9001148390625 0.8818835203125 0.9034296234375001 0.8382639609375 0.8961973656250001 0.8355518640625 0.8949919890625001 0.8312577109375001 0.8940879562499999 0.8287716218750001 0.8949919890625001 0.8240254515625001 0.8937866124999999 0.8204093234375 0.8931839234375 0.8174712187500001 0.9178941406250001 0.8176972265625 0.9239210218749999 0.824929484375 0.9269344640625 0.8251554921875 0.928441184375
6 0.8242514609375 0.9685199499999999 0.8658369468749999 0.9772589296874999 0.8690010593749999 0.976053553125 0.8766853343750001 0.976053553125 0.8771373499999999 0.9805737140625 0.900190175 0.9838884999999999 0.9024502546875001 0.944713765625 0.8791714234375 0.9398922609374999 0.8773633593750001 0.941700325 0.8353258562500001 0.9344680656250001 0.8317097265625 0.9317559703124999 0.8265115406250001 0.9299479046875 0.8251554921875 0.931454625 0.8233474281250001 0.9326600015625001 0.817923234375 0.9320573140624999 0.8143071046875001 0.95797290625 0.814081096875 0.9627944125000001 0.8228954125 0.9658078531250001 0.8242514609375 0.9685199499999999
6 0.8764593265625 0.9838884999999999 0.87555529375 0.986600596875 0.8299016625 0.9769575843749999 0.8244774687499999 0.9730401109375 0.821087346875 0.9754508640624999 0.81362908125 0.9751495203125 0.8120470234375 0.9742454875 0.8093349265625 0.999565971875 0.8992861421875 0.999565971875 0.899964165625 0.9875046296875001 0.8764593265625 0.9838884999999999
6 0.6893696031250001 0.20433933125 0.7158308124999999 0.20433933125 0.7196897375 0.20250174687500003 0.7224461140625 0.187801075 0.7144526234375 0.185595975 0.709215509375 0.187801075 0.6717287984375 0.19257879375 0.668421146875 0.20544188124999999 0.6838568515625 0.2032367796875 0.6866132281249999 0.2021342296875 0.6893696031250001 0.20433933125
6 0.7227217515625 0.1859634921875 0.7243755765625 0.17236537031250002 0.7122475234375 0.17236537031250002 0.7108693359375 0.1742029546875 0.6742095359375 0.175673021875 0.6720044359374999 0.189638659375 0.710042421875 0.18816859218749998 0.7130744359375 0.1848609421875 0.7191384625 0.1859634921875 0.7227217515625 0.1859634921875
6 0.7152795375000001 0.156929665625 0.7130744359375 0.1591347671875 0.6910234296875 0.1595022828125 0.6786197375 0.1598698 0.6761389999999999 0.17457047187500002 0.7249268515625 0.170895303125 0.727131953125 0.155827115625 0.7152795375000001 0.156929665625
6 0.6239677265625 0.5354703421875 0.6551661125 0.537509453125 0.6551661125 0.5342468765625 0.6588365109375001 0.5342468765625 0.662812775 0.5114088421874999 0.6615893093749999 0.5101853765625 0.65088398125 0.5105931984375001 0.64568425 0.5126323078125 0.6190738609374999 0.5101853765625 0.6028629359375001 0.5101853765625 0.5985808046875001 0.5309843 0.62152079375 0.5334312328124999 0.6239677265625 0.5354703421875
6 0.6123447984375 0.5709508609375 0.6144858640625 0.574621259375 0.646907715625 0.5750290812500001 0.6524133140624999 0.5733977921875 0.6557778453124999 0.5505597578125 0.6432373171875 0.5468893593749999 0.6389551859375 0.5501519359375 0.5946045390625 0.54729718125 0.5903224078125 0.5729899703125 0.6062274671875 0.573805615625 0.608062665625 0.5701352171875 0.6123447984375 0.5709508609375
9 0.46532333281250005 0.2664385953125 0.4509026875 0.2664385953125 0.4491001078125 0.2619750625 0.44523743437499996 0.2581982265625 0.44060222656250003 0.2650652015625 0.41871374687499996 0.26575189843749997 0.415366096875 0.27055877968750003 0.3973402890625 0.2684986875 0.388842409375 0.2863528203125 0.39965789375 0.2870395171875 0.40970084375000004 0.287726215625 0.42206139687500005 0.2870395171875 0.42592406875 0.2805158921875 0.43725457656250005 0.2791424984375 0.44317734218749993 0.2832626828125 0.45862803281250003 0.2839493796875 0.46532333281250005 0.30661039375 0.4879843484375 0.3062670453125 0.493392090625 0.289442959375 0.49210453281250005 0.2887562609375 0.47253365625 0.287726215625 0.46532333281250005 0.2664385953125
9 0.4539928265625 0.2458376734375 0.44626747968749997 0.2434342328125 0.441889784375 0.24377758125 0.43622453125 0.2406874421875 0.4341644390625 0.24618102187500002 0.42412148906249997 0.24652437031250002 0.4233489546875 0.2499578578125 0.4048081234375 0.2506445546875 0.39708277812500004 0.2691853859375 0.4158811203125 0.269528734375 0.41845623437499996 0.2647218515625 0.441889784375 0.26575189843749997 0.4444649 0.2599149703125 0.4514177109375 0.2606016671875 0.451675221875 0.266095246875 0.46583835625000003 0.266095246875 0.47279116718749997 0.287726215625 0.49493715937499994 0.28669616875 0.500087390625 0.26987208281249997 0.47691135156250003 0.2684986875 0.47330619062499996 0.24721106874999998 0.4539928265625 0.2458376734375
9 0.4282416734375 0.3237778296875 0.42489402343749993 0.322404434375 0.42283393125 0.3213743890625 0.41948628125000004 0.319314296875 0.4176837 0.319314296875 0.4133060046875 0.319314296875 0.41279098125 0.32000099375 0.4125334703125 0.3220610859375 0.4125334703125 0.32343448124999996 0.3950226859375 0.32309113125 0.374679275 0.322404434375 0.3666964171875 0.3412886140625 0.3865248046875 0.34300535625 0.402233009375 0.3416319625 0.40661070468749994 0.34060191562500003 0.40944333125 0.33991521874999997 0.412018446875 0.34060191562500003 0.4148510734375 0.34060191562500003 0.4181987234375 0.34060191562500003 0.42180388437499994 0.3443787515625 0.43673955312499996 0.3471255421875 0.44343485312500003 0.36806981250000004 0.46583835625000003 0.36978655625 0.47382121406250005 0.3495289828125 0.45013015312500004 0.34746889062499997 0.44523743437499996 0.32480787499999997 0.4282416734375 0.3237778296875
9 0.43622453125 0.3038636046875 0.4357095078125 0.30008676875 0.4272116265625 0.2997434203125 0.4179412125 0.2997434203125 0.4176837 0.302833559375 0.4158811203125 0.305237 0.40120296250000004 0.3045503015625 0.3811170640625 0.30489365 0.37313420625 0.324121178125 0.412018446875 0.322404434375 0.413821028125 0.3186275984375 0.4179412125 0.3186275984375 0.420258815625 0.318970946875 0.42231890781250003 0.32034434218749996 0.426696603125 0.321031040625 0.428756696875 0.3220610859375 0.4447224109375 0.3244645265625 0.4498726421875 0.3460954953125 0.47407872500000003 0.34815558750000003 0.4805165140625 0.327554665625 0.456825453125 0.3268679671875 0.4514177109375 0.30489365 0.43622453125 0.3038636046875
9 0.44240480781249997 0.2846360765625 0.43699706562499996 0.280859240625 0.4305592765625 0.2805158921875 0.42540904687500003 0.28257598437500003 0.42103134999999997 0.2880695640625 0.4084132859375 0.287726215625 0.3893574328125 0.2873828671875 0.382147109375 0.304206953125 0.401975496875 0.30489365 0.4176837 0.3018035125 0.4230914421875 0.2990567234375 0.4315893234375 0.2987133734375 0.43467946093750004 0.30111681562500003 0.4511602 0.30489365 0.456825453125 0.32480787499999997 0.480774025 0.32789801406249997 0.48643927812500004 0.30695374375 0.4648083109375 0.30695374375 0.45811301093749995 0.28360603125 0.44240480781249997 0.2846360765625
9 0.412018446875 0.3670397671875 0.4084132859375 0.3615461875 0.40146047500000004 0.3612028390625 0.40017291562499996 0.3618895359375 0.395537709375 0.36360627968750003 0.39347761718749996 0.363949628125 0.35691097968749996 0.36360627968750003 0.348928121875 0.3848938984375 0.37313420625 0.385580596875 0.38755485156249997 0.3848938984375 0.3911600125 0.3807737140625 0.3975978015625 0.3824904578125 0.40352056718749996 0.38592394531249996 0.40686821562500003 0.3890140828125 0.42206139687500005 0.3890140828125 0.42772665 0.41030170312500003 0.45270526875000006 0.4133918421875 0.46068812656249997 0.392104221875 0.435194484375 0.3893574328125 0.42952923125 0.36978655625 0.412018446875 0.3670397671875
9 0.4205163265625 0.3454087984375 0.41304849218750006 0.3412886140625 0.40867079687499996 0.34094526406250003 0.40352056718749996 0.34300535625 0.3860097828125 0.3426620078125 0.3666964171875 0.3416319625 0.357168490625 0.36360627968750003 0.37751190156250003 0.364636325 0.3968252671875 0.3625762328125 0.39837033593750004 0.35982944375 0.402233009375 0.35982944375 0.40583817031249997 0.3601727921875 0.40867079687499996 0.3625762328125 0.41098840000000003 0.36326293125000003 0.41304849218750006 0.3660097203125 0.4297867421875 0.367383115625 0.43596701875 0.388670734375 0.45914305625 0.391417525 0.4673834265625 0.3694432078125 0.441889784375 0.368756509375 0.4364820421875 0.3478122390625 0.4205163265625 0.3454087984375
9 0.4045506125 0.388670734375 0.40146047500000004 0.3848938984375 0.395280196875 0.3831771546875 0.39167503593749997 0.383863853125 0.387039828125 0.385580596875 0.383949690625 0.387297340625 0.34970065625 0.3848938984375 0.340687753125 0.404464775 0.3602586296875 0.4078982625 0.3659238828125 0.408584959375 0.3782844359375 0.4078982625 0.38446471249999997 0.4048081234375 0.3893574328125 0.4051514734375 0.395537709375 0.40686821562500003 0.3978553125 0.41098840000000003 0.413821028125 0.41133175 0.41871374687499996 0.4329627171875 0.444979921875 0.4357095078125 0.45244775625000005 0.41270514374999995 0.42746913906249995 0.41064505156250003 0.42206139687500005 0.3890140828125 0.4045506125 0.388670734375
9 0.3975978015625 0.41236179531249995 0.3945076625 0.4082416109375 0.3898724546875 0.4082416109375 0.3860097828125 0.40549482187499997 0.3826621328125 0.40583817031249997 0.37879945937500004 0.4075549140625 0.3769968796875 0.4099583546875 0.36180369843750004 0.408584959375 0.340687753125 0.40583817031249997 0.33167485 0.426782440625 0.3515032375 0.4288425328125 0.35562342187499996 0.4288425328125 0.3677264640625 0.430215928125 0.3726191828125 0.4288425328125 0.37879945937500004 0.42815583593750006 0.3883273859375 0.43330606562499996 0.40635319374999995 0.43502280937500004 0.4107308890625 0.4556237328125 0.43673955312499996 0.4580271734375 0.44600996875 0.43639620468749996 0.4197437921875 0.43467946093750004 0.41407853906250003 0.4116750984375 0.3975978015625 0.41236179531249995
9 0.388842409375 0.433649415625 0.3860097828125 0.43261936875 0.3790569703125 0.42918588125 0.37313420625 0.428499184375 0.3703015796875 0.4298725796875 0.35253328281249996 0.42952923125 0.33167485 0.427125790625 0.3213743890625 0.45253359375 0.34352037968750004 0.4556237328125 0.35974360625 0.4569971265625 0.361288675 0.4545936859375 0.36334876718750003 0.45322029218750004 0.365666371875 0.4528769421875 0.3700440671875 0.453563640625 0.37339171718749997 0.453563640625 0.37751190156250003 0.4569971265625 0.39708277812500004 0.460087265625 0.40403558906250003 0.4837783265625 0.428756696875 0.484808371875 0.4364820421875 0.46111731093749997 0.4112459125 0.457683825 0.40609568124999995 0.4357095078125 0.388842409375 0.433649415625
9 0.37879945937500004 0.4597439171875 0.374679275 0.456653778125 0.37313420625 0.45596708125 0.365666371875 0.4542503375 0.36051614062500004 0.4569971265625 0.358971071875 0.457683825 0.34171779999999996 0.4580271734375 0.320859365625 0.45528038437499996 0.310816415625 0.4786280953125 0.3337349421875 0.47931479218749995 0.3512457265625 0.47931479218749995 0.3551083984375 0.476568003125 0.3600011171875 0.47691135156250003 0.364636325 0.4779413984375 0.3666964171875 0.4786280953125 0.3695290453125 0.48034483906250003 0.3715891375 0.48240493124999995 0.3767393671875 0.48240493124999995 0.38755485156249997 0.4844650234375 0.39347761718749996 0.5074693875 0.4200013046875 0.5112462234375 0.428756696875 0.48549507031249994 0.40403558906250003 0.483434978125 0.3965677546875 0.46214735781250005 0.37879945937500004 0.4597439171875
9 0.3615461875 0.50918613125 0.3594860953125 0.5054092953125 0.35819853749999997 0.5050659468750001 0.35639595625 0.5036925515624999 0.3548508875 0.503005853125 0.350473190625 0.50231915625 0.3448079375 0.5019758078125001 0.3394001953125 0.501632459375 0.3355375234375 0.50231915625 0.32523706093750004 0.5002590640625 0.30489365 0.49613887968750003 0.2956232359375 0.5160531046875 0.3154516234375 0.5253235203125 0.3350225 0.526353565625 0.34171779999999996 0.5266969140625 0.349185634375 0.5301304015625 0.3512457265625 0.5325338421875 0.368756509375 0.5376840734375 0.3741642515625 0.5620618312500001 0.40274803124999997 0.5634352265625 0.412018446875 0.536310678125 0.3834346671875 0.5352806328125 0.3785419484375 0.5126196171874999 0.3615461875 0.50918613125
9 0.368756509375 0.48412167500000003 0.3615461875 0.48034483906250003 0.35819853749999997 0.478284746875 0.3535633296875 0.4786280953125 0.3512457265625 0.48068818750000003 0.3486706109375 0.48240493124999995 0.333992453125 0.4813748859375 0.31184646250000003 0.47759805 0.30489365 0.49579553125000003 0.3239495046875 0.4985423203125 0.3311598265625 0.4995723671875 0.34171779999999996 0.4995723671875 0.34635300625 0.4995723671875 0.352275771875 0.5009457625 0.357168490625 0.50575264375 0.36309125625 0.5067826890625 0.3782844359375 0.511589571875 0.38446471249999997 0.5339072375 0.41176093593749996 0.536310678125 0.420258815625 0.510559525 0.39347761718749996 0.509872828125 0.3865248046875 0.4872118140625 0.368756509375 0.48412167500000003
9 0.350730703125 0.5339072375 0.3437778921875 0.5277269609374999 0.33862766093749996 0.5277269609374999 0.33270489531249997 0.5273836125 0.315709134375 0.52566686875 0.294078165625 0.5194865921875 0.284550240625 0.542834303125 0.3061812078125 0.54867123125 0.324207015625 0.5531347640625001 0.334249965625 0.5541648109375 0.3404302421875 0.5551948578125 0.3427478453125 0.557941646875 0.3437778921875 0.5603450875 0.3594860953125 0.5641219234375 0.36618139375 0.58540954375 0.39399263906250004 0.5891863796875 0.4024905203125 0.563778575 0.37519429843749996 0.561031784375 0.3695290453125 0.53871411875 0.350730703125 0.5339072375
9 0.3414602875 0.5620618312500001 0.33656756875 0.5575982984375 0.3350225 0.5558815546875 0.3262671078125 0.5551948578125 0.3239495046875 0.5562249031250001 0.3229194578125 0.557941646875 0.319314296875 0.5593150421875001 0.3046361390625 0.5569116000000001 0.3054086734375 0.551418021875 0.284550240625 0.5442076984375 0.274507290625 0.5703022 0.295880746875 0.5740790359375 0.29665328125 0.5740790359375 0.292790609375 0.5836928 0.312618996875 0.583006103125 0.32034434218749996 0.5823194046875 0.32163189999999997 0.5826627531249999 0.32652461875 0.58506619375 0.32832720000000004 0.5867829375 0.3296147578125 0.5891863796875 0.348928121875 0.592619865625 0.35665346875 0.614250834375 0.38317715625000004 0.6200877625000001 0.393735128125 0.5898730765625 0.36618139375 0.5864395890625 0.35819853749999997 0.56549531875 0.3414602875 0.5620618312500001
9 0.2688420359375 0.6743368578125 0.3162241578125 0.6836072734374999 0.32472203906249997 0.705238240625 0.3527907953125 0.7121052156250001 0.364636325 0.6805171343749999 0.3363100578125 0.673993509375 0.327297153125 0.6537359359375 0.30643872031249997 0.64824235625 0.30000093125 0.644122171875 0.29485070156250004 0.643435475 0.29047300468750004 0.6437788234374999 0.2886704234375 0.6437788234374999 0.2866103328125 0.6410320328125 0.2817176125 0.6386285921875 0.28017254375 0.644122171875 0.2690995484375 0.6437788234374999 0.2639493171875 0.65819946875 0.2608591796875 0.662319653125 0.2549364140625 0.6602595609375 0.2443784421875 0.6870407593750001 0.26575189843749997 0.690474246875 0.2624042484375 0.6746802062499999 0.2688420359375 0.6743368578125
9 0.269614571875 0.6427487765625 0.2791424984375 0.643435475 0.2848077515625 0.6351951062500001 0.292018075 0.644122171875 0.32832720000000004 0.6544226328125 0.337597615625 0.6736501609375 0.363863790625 0.678800390625 0.37339171718749997 0.6499591 0.345580471875 0.643435475 0.339142684375 0.62489464375 0.32008683125 0.619401065625 0.309271346875 0.6156242296875 0.3028335578125 0.6145941828125 0.2989708859375 0.614250834375 0.295880746875 0.609443953125 0.2922755859375 0.612534090625 0.284292728125 0.6149375312500001 0.2806875671875 0.6139074859375 0.2747648015625 0.6297015265625 0.26703945625 0.6300448750000001 0.2557089484375 0.6585428171875 0.2608591796875 0.6612896078125 0.2647218515625 0.6578561203125 0.269614571875 0.6427487765625
9 0.281202590625 0.612534090625 0.2922755859375 0.6145941828125 0.2971683046875 0.6115040453125 0.3030910703125 0.614250834375 0.337597615625 0.6238645984375 0.345837984375 0.6444655203125 0.37390674062499996 0.6503024484375 0.382404621875 0.6204311109375 0.3551083984375 0.614250834375 0.34815558750000003 0.594336609375 0.3296147578125 0.5891863796875 0.324207015625 0.5847228453125 0.319314296875 0.587812984375 0.314164065625 0.5871262875000001 0.292533096875 0.5871262875000001 0.285322775 0.6032636765625 0.278627475 0.6015469328124999 0.26703945625 0.6286714796874999 0.2755373359375 0.6286714796874999 0.281202590625 0.612534090625
9 0.15557261875 0.6213196609375 0.1808137296875 0.626820928125 0.1912499578125 0.6015798171875 0.1696493921875 0.5970493625 0.15969856875 0.5769859140625 0.1407677359375 0.5731026671875 0.13324394374999998 0.5679250031249999 0.1291179921875 0.5672777953125 0.12572015 0.5672777953125 0.12280771406249999 0.5653361703125 0.1179536546875 0.5688958140625 0.11382770312499998 0.569543021875 0.108730940625 0.5724554578125 0.0934406515625 0.609993521875 0.107760128125 0.6132295609375 0.0997509296875 0.5954313421874999 0.1473207171875 0.6038450453124999 0.15557261875 0.6213196609375
9 0.1465926078125 0.5430074953124999 0.1407677359375 0.5433311 0.13639908125 0.5391242468749999 0.1308169125 0.5426838921875 0.12280771406249999 0.5439783078125 0.11237148593749999 0.5672777953125 0.119652575 0.5666305875 0.1218369015625 0.5653361703125 0.12644825937499998 0.5663069828125 0.13639908125 0.5688958140625 0.1410104390625 0.5731026671875 0.159941271875 0.5766623109375 0.17062020312499998 0.5976965703125 0.1917353640625 0.5996381937499999 0.2026569984375 0.576015103125 0.1803283234375 0.5721318546874999 0.1681931734375 0.5498031796875 0.1465926078125 0.5430074953124999
9 0.16333911406249998 0.5222968390625 0.15460180625 0.5180899890624999 0.15071855781250001 0.5184135921874999 0.148291528125 0.5158247609375 0.14489368593750002 0.5161483640625 0.135913675 0.517766384375 0.12256501093750001 0.5423602875 0.1286325859375 0.541065871875 0.13834070625 0.5407422671875 0.1397969234375 0.540095059375 0.1458644984375 0.5423602875 0.1694066890625 0.549155971875 0.1810564328125 0.5708374390625 0.2026569984375 0.5731026671875 0.21212241562499998 0.5485087640625 0.1914926609375 0.5446255156250001 0.18202724374999998 0.5255328796875001 0.16333911406249998 0.5222968390625
9 0.172319125 0.49511410468749995 0.16333911406249998 0.49220166875000004 0.159455865625 0.4915544609375 0.1570288359375 0.489936440625 0.15387369687500002 0.49479050156250004 0.1468353109375 0.49608491718750003 0.13688448749999998 0.5171191765625001 0.1512039640625 0.51647196875 0.15654342968749999 0.5171191765625001 0.16164019375 0.5213260281250001 0.1805710265625 0.52359125625 0.1919780671875 0.54494911875 0.2135786328125 0.5488323671875001 0.22450026875 0.523914859375 0.20217159218749997 0.5210024234375 0.19416239375 0.49932095624999995 0.172319125 0.49511410468749995
9 0.1859104921875 0.4731090328125 0.1791148078125 0.47084380625 0.1732899375 0.46954938906250004 0.17062020312499998 0.468578578125 0.1681931734375 0.4679313703125 0.16576614375 0.47052020156249996 0.1579996484375 0.4731090328125 0.1456217953125 0.4957613125 0.1570288359375 0.49414329375 0.159455865625 0.49317248124999996 0.164552628125 0.49220166875000004 0.16892128281250002 0.49220166875000004 0.17474615468750002 0.497055728125 0.19464779999999998 0.4986737484375 0.2016861875 0.520355215625 0.22401486249999997 0.5222968390625 0.23323757656250002 0.50029176875 0.2109089 0.498026540625 0.20289970156249998 0.4753742609375 0.1859104921875 0.4731090328125
9 0.199501859375 0.45304558593750005 0.193919690625 0.44916233749999995 0.189308334375 0.44883873437500005 0.18396886875000001 0.4481915265625 0.1791148078125 0.44560269375 0.176687778125 0.44883873437500005 0.17086290625 0.4481915265625 0.15848505468750002 0.47181461718750006 0.16576614375 0.471167409375 0.1672223625 0.466636953125 0.176687778125 0.471167409375 0.18639589843749998 0.47149101406250005 0.20411321718750003 0.4750506578125 0.21212241562499998 0.4977029359375 0.23469379375 0.498026540625 0.2446446171875 0.47699228125 0.222315940625 0.47440344999999995 0.212607821875 0.45272198281250003 0.199501859375 0.45304558593750005
9 0.2058121375 0.4294224953125 0.20289970156249998 0.4268336625 0.201443484375 0.425539246875 0.199016453125 0.42521564375 0.1922207703125 0.4235976234375 0.18639589843749998 0.42845168281249996 0.1808137296875 0.42812807968750005 0.17086290625 0.4485151296875 0.178143996875 0.4485151296875 0.1812991359375 0.4481915265625 0.1851823828125 0.447867921875 0.1914926609375 0.44883873437500005 0.1956186125 0.4494859421875 0.1980456421875 0.4514275671875 0.20702565312500001 0.4517511703125 0.2140640390625 0.452398378125 0.222801346875 0.47440344999999995 0.2444019140625 0.4753742609375 0.2533819234375 0.453369190625 0.23323757656250002 0.452398378125 0.22450026875 0.4310405140625 0.2058121375 0.4294224953125
9 0.217704584375 0.4064466109375 0.21212241562499998 0.403210571875 0.20848187031249998 0.403210571875 0.20387051406249998 0.40256336406250004 0.1968321265625 0.4064466109375 0.1914926609375 0.40806463125 0.1812991359375 0.42812807968750005 0.18615319531250002 0.427480871875 0.19003644375 0.4268336625 0.193919690625 0.42424483124999995 0.200715375 0.42327401875000004 0.2058121375 0.43039330624999994 0.22498567343749998 0.43233493125000005 0.23348027968750001 0.45110396250000007 0.2555662515625 0.4517511703125 0.26478896406249997 0.43006970312500004 0.2441592109375 0.429098890625 0.23469379375 0.4087118390625 0.217704584375 0.4064466109375
9 0.23857704218750003 0.3860595609375 0.22862621875000003 0.3860595609375 0.22110242656249998 0.3837943328125 0.21746188125 0.38185270781249997 0.21285052499999998 0.38055829218750004 0.2079964640625 0.38508874843749996 0.200958078125 0.385412353125 0.1912499578125 0.40774102812499996 0.20022996875 0.4051521953125 0.206540246875 0.40288696718750006 0.21236511875000003 0.402239759375 0.21746188125 0.4074174234375 0.2361500125 0.409359046875 0.2446446171875 0.43006970312500004 0.2652743703125 0.43039330624999994 0.27376897499999997 0.409359046875 0.2536246265625 0.409359046875 0.2463435375 0.387030371875 0.23857704218750003 0.3860595609375
9 0.24124677499999997 0.3659961125 0.23226676406250002 0.362112865625 0.22911162499999999 0.3617892609375 0.22789810937500002 0.3617892609375 0.22304405 0.3617892609375 0.217704584375 0.3650253015625 0.21066619687500002 0.3666433203125 0.201928890625 0.385412353125 0.20775376250000002 0.383470728125 0.21309322812499998 0.3831471234375 0.217219178125 0.38185270781249997 0.22474297031249998 0.382499915625 0.22959703125000003 0.387030371875 0.235421903125 0.3863831640625 0.24755705312499998 0.3876775796875 0.2538673296875 0.4087118390625 0.275953303125 0.40903544375 0.2849333125 0.388971996875 0.2621192328125 0.388971996875 0.2558089546875 0.3676141328125 0.24124677499999997 0.3659961125
9 0.24561542812499998 0.34528545781250003 0.2448873203125 0.3439910421875 0.23930515 0.34204941718750004 0.23226676406250002 0.3417258140625 0.2271700015625 0.34657987343749996 0.22061702031250002 0.3475506859375 0.2109089 0.3663197171875 0.21649106875 0.36405448906250004 0.222801346875 0.362112865625 0.2308105453125 0.362112865625 0.240033259375 0.36405448906250004 0.2558089546875 0.36729052812499996 0.2626046375 0.3876775796875 0.2849333125 0.3886483921875 0.292214403125 0.36793773750000003 0.269885728125 0.36793773750000003 0.2645462625 0.3462562703125 0.24561542812499998 0.34528545781250003
9 0.2727981640625 0.3268400296875 0.2550808453125 0.3265164265625 0.25095489375 0.32392759375 0.2427029921875 0.3232803859375 0.23663541718749997 0.325222009375 0.2308105453125 0.32748723750000003 0.2208597234375 0.34819789375 0.22474297031249998 0.34722708125 0.22886892187500002 0.3456090609375 0.2308105453125 0.344961853125 0.23348027968750001 0.34237302187499996 0.23954785312500002 0.3436674375 0.247071646875 0.3462562703125 0.26357545 0.34722708125 0.2708565390625 0.3689085484375 0.293185215625 0.3676141328125 0.30119441406249997 0.34949230937500003 0.3007090078125 0.350463121875 0.279108440625 0.350463121875 0.2727981640625 0.3268400296875
9 0.2713419453125 0.3151902859375 0.26915761875 0.3113070390625 0.2657597765625 0.3077473953125 0.259206796875 0.3051585625 0.25289651874999997 0.3071001859375 0.24755705312499998 0.3077473953125 0.2439165078125 0.31292505937500004 0.23833433906249998 0.31292505937500004 0.2312959515625 0.3265164265625 0.23954785312500002 0.3258692171875 0.24124677499999997 0.3232803859375 0.24779975625 0.3229567828125 0.2558089546875 0.32748723750000003 0.2735262734375 0.3268400296875 0.27935114375 0.3498159125 0.30119441406249997 0.34949230937500003 0.30944631562499997 0.3303996734375 0.2885738578125 0.3291052578125 0.281535471875 0.3135722671875 0.2713419453125 0.3151902859375
9 0.2846906109375 0.291243590625 0.2781376296875 0.289625571875 0.276438709375 0.288654759375 0.27012843124999997 0.28736034374999997 0.26066301406250003 0.291243590625 0.258235984375 0.291243590625 0.2545954390625 0.2918907984375 0.2502267859375 0.29447963125 0.2439165078125 0.2938324234375 0.23736352656249998 0.30968901875 0.23930515 0.31163064218750003 0.2436738046875 0.30968901875 0.2485278640625 0.30807099843749997 0.2504694890625 0.307423790625 0.2558089546875 0.306452978125 0.2616338265625 0.3054821671875 0.2645462625 0.3058057703125 0.268429509375 0.31163064218750003 0.2829916890625 0.31227784999999997 0.2897873734375 0.32845805 0.3092036125 0.329752465625 0.3174555140625 0.3126014546875 0.298039275 0.311954246875 0.2902727796875 0.291243590625 0.2846906109375 0.291243590625
9 0.28226357968750004 0.269885728125 0.2747397875 0.2676205 0.269885728125 0.26891491562500003 0.26478896406249997 0.273445371875 0.2604203109375 0.272474559375 0.2553235484375 0.27312176718750003 0.2463435375 0.29156719531249997 0.25241111250000003 0.29091998750000003 0.25896409375 0.2880075515625 0.26478896406249997 0.2857423234375 0.2725554609375 0.28638953125 0.280564659375 0.2893019671875 0.2902727796875 0.2905963828125 0.2999808984375 0.311954246875 0.3174555140625 0.31227784999999997 0.325222009375 0.2928616109375 0.3065338796875 0.292214403125 0.2997381953125 0.272474559375 0.28226357968750004 0.269885728125
9 0.2941560265625 0.2553235484375 0.28663223437499996 0.2514403 0.28129276875000003 0.24917507187500001 0.275467896875 0.24917507187500001 0.2713419453125 0.2553235484375 0.2655170734375 0.25661796406250004 0.256294359375 0.27376897499999997 0.2677014 0.27215095625 0.2713419453125 0.2685913109375 0.27789492656250003 0.267944103125 0.2834770953125 0.2705329359375 0.3002236015625 0.273445371875 0.30677658281250003 0.2928616109375 0.3244939015625 0.2941560265625 0.333231209375 0.2740925796875 0.316242 0.273445371875 0.310174425 0.2562943609375 0.2941560265625 0.2553235484375
1 0.4562816265625 0.1805710265625 0.44924323906249997 0.1977220375 0.4392924171875 0.1980456421875 0.4145367109375 0.26309004375 0.4201188796875 0.26082481562500004 0.4259437515625 0.2459390328125 0.43565187187500004 0.2449682203125 0.4380789015625 0.24011416093750002 0.44317566406250003 0.243026596875 0.4448745859375 0.24076136875 0.44754431875 0.238496140625 0.4550681109375 0.24205578437500003 0.4608929828125 0.2449682203125 0.47909570781250005 0.2472334484375 0.48200814375 0.2669732921875 0.504579521875 0.267944103125 0.5273936031249999 0.1983692453125 0.50530763125 0.197398434375 0.5019097890625 0.17992381875000002 0.4562816265625 0.1805710265625
1 0.3363863484375 0.1915735625 0.3244939015625 0.1915735625 0.3113879390625 0.191897165625 0.3019225234375 0.1948096015625 0.2946414328125 0.2096953859375 0.2893019671875 0.21066619687500002 0.26478896406249997 0.2562943609375 0.2727981640625 0.254676340625 0.27425438125 0.2485278640625 0.27862303593750004 0.24949867656250002 0.28541871875 0.24885146875 0.29512683906250003 0.25370552812499997 0.3062911765625 0.25241111250000003 0.3106598296875 0.25694156874999996 0.3191544359375 0.27312176718750003 0.33832797187499997 0.2747397875 0.3681804390625 0.20937178125 0.3477933890625 0.20904817812499998 0.342453921875 0.1922207703125 0.3363863484375 0.1915735625