8 0.9991666671875 0.593091565625 0.799760425 0.299910159375 0.859998790625 0.2902976546875 0.862562125 0.27203389375000003 0.894603809375 0.2672276421875 0.899730478125 0.2595376375 0.8920404734374999 0.251847634375 0.7613104046875 0.263382640625 0.7267053859375 0.2114751125 0.2473617984375 0.216281365625 0 0.6815266125 0.0064083359375 0.7776516640625 0.9991666671875 0.75265915 0.9991666671875 0.593091565625
0 0.355638065625 0.741903059375 0.355638065625 0.7494455109375 0.3592950109375 0.76864448125 0.403178371875 0.769330159375 0.396778715625 0.7494455109375 0.3986071890625 0.7302465406249999 0.3949502421875 0.7048764734375 0.4013498984375 0.6836204703125001 0.4013498984375 0.6740209859374999 0.36569466875 0.6747066625 0.3574665390625 0.6863631812500001 0.354723828125 0.7083048609375 0.358380775 0.7302465406249999 0.355638065625 0.741903059375
0 0.40103810468749995 0.7294832359375001 0.399515175 0.7492813203125 0.40357632031249996 0.7683179390625 0.4452030609375 0.76603354375 0.44063427187500004 0.7077814906250001 0.4391113421875 0.682272421875 0.401545746875 0.682653153125 0.399515175 0.7093044203125001 0.40103810468749995 0.7294832359375001
0 0.44469541718750005 0.768698671875 0.4863221578125 0.7664142765624999 0.4832762984375 0.7051163640625 0.4837839421875 0.682272421875 0.44215720156250005 0.6818916890625 0.44215720156250005 0.7074007578125 0.44469541718750005 0.768698671875
0 0.5243953953125 0.68151095625 0.484799228125 0.6818916890625 0.4868298015625 0.767175740625 0.5284565406249999 0.766795009375 0.5243953953125 0.68151095625
0 0.55 0.7234375 0.03828125 0.08671875
0 0.59140625 0.72109375 0.040625 0.0875
0 0.6142482359375 0.72339151875 0.61323295 0.7336712921874999 0.616278809375 0.7443317984375 0.61323295 0.7641298828124999 0.6553673328125 0.76146475625 0.65739790625 0.7443317984375 0.654859690625 0.73443275625 0.65739790625 0.72377225 0.6553673328125 0.7188227296874999 0.6558749765624999 0.70283196875 0.6507985453125 0.6773229 0.610694734375 0.6777036328125 0.615263521875 0.70283196875 0.6142482359375 0.72339151875
0 0.6594284781249999 0.724914446875 0.6558749765624999 0.73633641875 0.6579055484375 0.743951065625 0.65739790625 0.7626069531249999 0.6990246453125 0.7610840234375 0.7015628609375 0.7409052078125 0.6975017171875 0.734052025 0.6990246453125 0.7218685890625001 0.6980093593750001 0.71501540625 0.698517003125 0.7020705046875 0.6893794265625 0.674277040625 0.6507985453125 0.6757999703124999 0.6579055484375 0.70283196875 0.654859690625 0.7176805328125 0.6594284781249999 0.724914446875
7 0.09797513125 0.580997609375 0.087314625 0.6049837484375 0.16498403125 0.604603015625 0.1746292515625 0.580997609375 0.09797513125 0.580997609375
7 0.167014603125 0.604603015625 0.24214579218750001 0.6030800875 0.24722222343750003 0.58023614375 0.17513689375 0.5806168765625 0.167014603125 0.604603015625
7 0.24265343593750002 0.6023186218750001 0.3223534140625 0.601176425 0.32590691562499996 0.5787132140625 0.24925279687500002 0.5794746796875 0.24265343593750002 0.6023186218750001
7 0.3213381265625 0.6019378890625 0.399515175 0.6007956921875001 0.40103810468749995 0.5764288203125 0.325399271875 0.5771902843750001 0.3213381265625 0.6019378890625
7 0.47718457968749994 0.574144425 0.402053390625 0.5764288203125 0.4005304609375 0.600414959375 0.4776922234375 0.5992727625 0.47718457968749994 0.574144425
7 0.515625 0.5859375 0.08046875 0.02421875
7 0.5953125 0.584375 0.07734375 0.0234375
7 0.6325233906250001 0.595846171875 0.71120808125 0.595846171875 0.704101078125 0.572621496875 0.6294775312499999 0.5737636937499999 0.6325233906250001 0.595846171875
7 0.7792322671874999 0.5722407640625 0.7893851296875 0.5931810453125 0.86451631875 0.5912773828125 0.8497946671875001 0.5695756375000001 0.7792322671874999 0.5722407640625
7 0.24925279687500002 0.4561173890625 0.24569929375 0.469443021875 0.309154690625 0.469443021875 0.3106776203125 0.45269079687499997 0.24925279687500002 0.4561173890625
7 0.374640659375 0.4679200921875 0.374640659375 0.454594459375 0.31270819375 0.45345226250000004 0.3076317609375 0.4686815578125 0.374640659375 0.4679200921875
7 0.441141915625 0.46982375468750004 0.441141915625 0.45383299375 0.37667123281250003 0.454594459375 0.3726100875 0.46982375468750004 0.441141915625 0.46982375468750004
7 0.5045973109374999 0.46677789531249997 0.50307438125 0.4515486 0.4391113421875 0.45192933281250003 0.4386036984375 0.46830082500000003 0.5045973109374999 0.46677789531249997
1 0.38162979375 0.400443784375 0.3798464765625 0.4111436859375 0.3791331484375 0.434950965625 0.3809164671875 0.44324338750000003 0.43798260312500004 0.44886083593750004 0.43940925625 0.40418875 0.43548595937499995 0.40418875 0.4358426234375 0.3996412921875 0.38162979375 0.400443784375
1 0.7621895953125 0.44618586093749996 0.8156891 0.44618586093749996 0.8203257234375 0.4218435875 0.8192557328125 0.418098621875 0.8203257234375 0.409271203125 0.8135491203124999 0.395896328125 0.8114091390624999 0.39482633749999996 0.8007092390624999 0.39536133281249997 0.7604062796875 0.39669882031250003 0.7629029218750001 0.40873620781250003 0.7618329328125 0.4175636265625 0.7636162484375 0.423448571875 0.7621895953125 0.44618586093749996
1 0.7486363890625001 0.38145146093750004 0.7475663984375001 0.39696631718750003 0.7985692578125 0.3956288296875 0.8017792296874999 0.381718959375 0.79785593125 0.37931148124999997 0.799282584375 0.369146575 0.7914359921874999 0.35791167968750004 0.786086040625 0.358179178125 0.7853727140625 0.3603191578125 0.7432864390625 0.358179178125 0.74578308125 0.3664716 0.746853071875 0.37182155 0.746853071875 0.3774389984375 0.7486363890625001 0.38145146093750004
5 0.29315128125 0.45258893593750005 0.30868829999999997 0.45291873125000004 0.3069293921875 0.4299429984375 0.30722254375 0.42268750468749994 0.306343090625 0.4158717375 0.306636240625 0.40311965625 0.29373758437499997 0.4033395203125 0.29080607187499996 0.4160916 0.29227182812499997 0.423566959375 0.2910992234375 0.42884368124999994 0.29315128125 0.45258893593750005
5 0.306636240625 0.4282940234375 0.30722254375 0.4362091078125 0.3083951484375 0.45313859375 0.32451846875 0.45335845781249995 0.3218801078125 0.4348899265625 0.3218801078125 0.4282940234375 0.3218801078125 0.4232371625 0.3212938046875 0.4133433078125 0.32275956093749997 0.40147068125 0.30780884531249997 0.40213027187500006 0.306343090625 0.41444262500000006 0.30722254375 0.4225775734375 0.306636240625 0.4282940234375
5 0.3218801078125 0.4291734765625 0.3218801078125 0.435109790625 0.3230527125 0.4518194125 0.33888288125 0.4518194125 0.33683082343750004 0.4355495171875 0.33595136875 0.4230173 0.33448561250000003 0.41400289843750004 0.33595136875 0.40059122656249996 0.32158695625 0.40059122656249996 0.3201212 0.413783034375 0.3212938046875 0.4230173 0.3218801078125 0.4291734765625
5 0.33595136875 0.4276344328125 0.33595136875 0.4340104734375 0.33858973125 0.45335845781249995 0.35207469062499996 0.4526988671875 0.35090208437500003 0.43423033593750004 0.3497294796875 0.42279743593749997 0.34943632812500003 0.413783034375 0.3511952359375 0.401030953125 0.336537671875 0.401030953125 0.335071915625 0.413783034375 0.33595136875 0.4230173 0.33595136875 0.4276344328125
5 0.34943632812500003 0.43313101875 0.3514883859375 0.452479003125 0.36761170781249997 0.45159954999999996 0.3655596484375 0.4344502 0.365266496875 0.4225775734375 0.36438704375 0.4133433078125 0.3646801953125 0.4012508171875 0.35031578125 0.4012508171875 0.3497294796875 0.41422276093750005 0.3497294796875 0.4232371625 0.34943632812500003 0.43313101875
5 0.365266496875 0.4333508828125 0.366732253125 0.4518194125 0.3825624234375 0.4518194125 0.38021721249999996 0.43357074687499997 0.380803515625 0.42191798281250004 0.37875145625 0.4133433078125 0.3813898171875 0.401030953125 0.3646801953125 0.400811090625 0.36497334531250003 0.413563171875 0.36497334531250003 0.42235770937500006 0.365266496875 0.4333508828125
5 0.5458421234374999 0.4198072703125 0.5458421234374999 0.41216177343749993 0.545378759375 0.39843463125 0.5312461765625 0.39808710937499997 0.5314778578125 0.449867971875 0.54607380625 0.449867971875 0.54653716875 0.43179679843749996 0.5458421234374999 0.4198072703125
5 0.560669753125 0.42345625625 0.5599747078124999 0.4198072703125 0.560669753125 0.41164048906249995 0.55904798125 0.39843463125 0.5456104421875 0.3982608703125 0.5458421234374999 0.4112929671875 0.5451470781250001 0.419459746875 0.5472322140625 0.43231808281250006 0.54653716875 0.44969421093750006 0.5597430265625001 0.4493466890625 0.5611331171875 0.433013128125 0.560206390625 0.4305804703125 0.560669753125 0.42345625625
5 0.5750340203125 0.4243250640625 0.5748023390625 0.419459746875 0.5750340203125 0.41233553437500003 0.5743389750000001 0.3987821546875 0.5597430265625001 0.39843463125 0.5599747078124999 0.41164048906249995 0.5597430265625001 0.419112225 0.5597430265625001 0.42449882499999997 0.5595113453125 0.431101753125 0.5611331171875 0.43231808281250006 0.5597430265625001 0.449172928125 0.5748023390625 0.4484778828125 0.5750340203125 0.43787844375 0.5750340203125 0.431275515625 0.5750340203125 0.4243250640625
5 0.57410729375 0.39808710937499997 0.5745706562499999 0.41164048906249995 0.5750340203125 0.42032855312499995 0.5754973828125001 0.42345625625 0.575729065625 0.43214432187499996 0.575729065625 0.4390947734375 0.575729065625 0.44882540468750004 0.5887032421875 0.448999165625 0.5903250140625 0.43822596562499994 0.5907883765624999 0.43353441249999997 0.5884715593750001 0.430406709375 0.590449965625 0.42283930625000005 0.58962996875 0.420502315625 0.5889349234375 0.4192859859375 0.58986165 0.4112929671875 0.5880081953125 0.40712269687499997 0.5880081953125 0.39808710937499997 0.57410729375 0.39808710937499997
5 0.5891666046874999 0.418590940625 0.5907883765624999 0.4232824953125 0.5900933312500001 0.431101753125 0.58962996875 0.44882540468750004 0.6049209609374999 0.44865164375 0.6046892796875001 0.43179679843749996 0.6030675078125001 0.4238037796875 0.6030675078125001 0.4192859859375 0.6030675078125001 0.4104241609375 0.6021407812499999 0.406948934375 0.6016774171875 0.3982608703125 0.5889349234375 0.3982608703125 0.5884715593750001 0.40816526406250003 0.5903250140625 0.41164048906249995 0.5891666046874999 0.418590940625
5 0.6032991890625 0.42415130312500005 0.605384325 0.431970559375 0.605384325 0.44865164375 0.6178951374999999 0.44882540468750004 0.6190535453125 0.43144927656250004 0.6176634562500001 0.42258745 0.6183585015624999 0.41025039999999996 0.6153466390625 0.4059063671875 0.6153466390625 0.3987821546875 0.6158100015625 0.39860839375 0.6023724625 0.39843463125 0.60260414375 0.406948934375 0.6032991890625 0.4104241609375 0.6032991890625 0.42415130312500005
5 0.6178951374999999 0.4224136890625 0.6190535453125 0.43092799218750005 0.6192852281250001 0.44865164375 0.6334178125000001 0.448999165625 0.63364949375 0.43075423125 0.6324910859374999 0.425020109375 0.6329544484375 0.41094544375000003 0.63040595 0.40625388906250004 0.63063763125 0.39773958593750003 0.6160416843750001 0.39773958593750003 0.616273365625 0.4053850828125 0.6188218640625001 0.4104241609375 0.6178951374999999 0.4224136890625
5 0.6477820796875 0.4100766375 0.6452335796875001 0.40555884375 0.6447702171875 0.39773958593750003 0.63040595 0.39773958593750003 0.63017426875 0.4053850828125 0.6327227671875 0.4104241609375 0.6322594046875001 0.42345625625 0.6338811765625 0.43092799218750005 0.63364949375 0.4476090765625 0.647318715625 0.4476090765625 0.6477820796875 0.431275515625 0.647318715625 0.42310873437499996 0.6477820796875 0.4100766375
5 0.66168298125 0.41720084999999996 0.66121961875 0.4100766375 0.659597846875 0.40573260624999996 0.660061209375 0.397565825 0.644306853125 0.3973920640625 0.6450018984375 0.40573260624999996 0.647318715625 0.4104241609375 0.64616030625 0.42310873437499996 0.6480137609375001 0.43075423125 0.647318715625 0.4476090765625 0.6609879359375 0.4479565984375 0.6623780265625 0.431101753125 0.6619146640625 0.42276121250000004 0.66168298125 0.41720084999999996
5 0.675583884375 0.40920783125 0.6741937953125 0.4045162765625 0.6739621125 0.397565825 0.6586711203125 0.3973920640625 0.6586711203125 0.40434251562499995 0.6628413906249999 0.4112929671875 0.66121961875 0.4224136890625 0.6621463453125 0.431275515625 0.6614513 0.4479565984375 0.675583884375 0.4479565984375 0.6765106109375 0.43005918593750003 0.675352203125 0.4229349734375 0.675583884375 0.40920783125
5 0.706397553125 0.4100766375 0.7024589640625 0.4045162765625 0.7022272828125 0.39669701874999996 0.6871679703125 0.39652325781250003 0.687863015625 0.4045162765625 0.68925310625 0.409729115625 0.6901798328125001 0.41772213437500005 0.6918016046875 0.42310873437499996 0.691106559375 0.42623643749999995 0.6904115156249999 0.43683587656249995 0.6904115156249999 0.4476090765625 0.7059341906250001 0.4476090765625 0.7073242796875 0.42415130312500005 0.7052391453125 0.418590940625 0.706397553125 0.4100766375
5 0.6897164703125 0.4099028765625 0.6873996531250001 0.4045162765625 0.6871679703125 0.39652325781250003 0.6741937953125 0.39669701874999996 0.6739621125 0.4041687546875 0.6760472484375 0.4104241609375 0.675352203125 0.4178958953125 0.676973975 0.430406709375 0.6762789296875 0.4476090765625 0.690874878125 0.4479565984375 0.6918016046875 0.42310873437499996 0.68925310625 0.41650580625 0.6897164703125 0.4099028765625
5 0.7208264343749999 0.409591253125 0.7181178328125 0.40540138593749997 0.7182871203125 0.3970216515625 0.702543378125 0.39664075468750004 0.702374090625 0.40590924843750004 0.7049134031250001 0.40984518437500006 0.7045748281249999 0.41771705625 0.7069448546875 0.42419230625 0.705590553125 0.4471730921875 0.7179485453125001 0.4471730921875 0.720657146875 0.423938375 0.7196414203125 0.41720919375000004 0.7208264343749999 0.409591253125
5 0.7621325984375 0.40870249375 0.7590854218749999 0.4047665578125 0.7592547093750001 0.3961328921875 0.7462195687500001 0.3961328921875 0.7458809937499999 0.4056553171875 0.74689671875 0.40895642499999996 0.7463888562500001 0.417463125 0.74909745625 0.424573203125 0.74808173125 0.44615736562499997 0.7619633109375 0.4465382640625 0.7634868984375001 0.423811409375 0.7614554484375 0.417463125 0.7621325984375 0.40870249375
5 0.74655814375 0.41708222812500007 0.7470660062500001 0.409591253125 0.7458809937499999 0.4052744203125 0.7462195687500001 0.3965137890625 0.7316608375 0.3962598578125 0.7313222625 0.40590924843750004 0.7326765640625 0.409337321875 0.7318301265625 0.4169552625 0.7331844265624999 0.424065340625 0.7318301265625 0.44730005781250004 0.74808173125 0.44691916093749995 0.74926674375 0.425081065625 0.74655814375 0.41708222812500007
5 0.7313222625 0.3965137890625 0.7174406828125 0.3965137890625 0.7176099703125 0.4056553171875 0.720318571875 0.40984518437500006 0.7199799953125 0.417336159375 0.721165009375 0.424065340625 0.7196666734375 0.4466652296875 0.7319994140625 0.4466652296875 0.7330151390624999 0.424065340625 0.73149155 0.416828296875 0.7318301265625 0.40946428749999997 0.7308144000000001 0.40578228281250006 0.7313222625 0.3965137890625
5 0.4703125 0.37265625 0.01484375 0.02265625
5 0.484375 0.37265625 0.01328125 0.021875
5 0.496875 0.371875 0.0140625 0.0234375
5 0.509375 0.371875 0.01328125 0.0234375
5 0.5234375 0.37265625 0.01484375 0.0234375
5 0.5375 0.371875 0.01328125 0.0234375
5 0.55078125 0.371875 0.01484375 0.0234375
5 0.56484375 0.371875 0.01484375 0.025
5 0.57734375 0.371875 0.0125 0.025
5 0.58984375 0.371875 0.0140625 0.02421875
5 0.60390625 0.371875 0.01328125 0.02421875
5 0.61796875 0.371875 0.0125 0.02265625
5 0.624809159375 0.38327368906250003 0.639515103125 0.3834188125 0.639515103125 0.3707929859375 0.6364191156250001 0.36672950000000004 0.6368061140625 0.3601989 0.6232611640625 0.3601989 0.6234546640625 0.367164875 0.6250026578125001 0.371083234375 0.624809159375 0.38327368906250003
5 0.6505445625 0.3597635265625 0.6364191156250001 0.359618403125 0.6369996140625 0.3673099984375 0.6400956015625 0.371228359375 0.639708603125 0.384579809375 0.653253553125 0.384579809375 0.653060053125 0.3707929859375 0.6503510640625 0.3665843765625 0.6505445625 0.3597635265625
5 0.6507380609375 0.359328153125 0.6509315609375 0.3665843765625 0.653253553125 0.3707929859375 0.6536405515625 0.384289559375 0.6660245046875 0.384289559375 0.666218003125 0.3707929859375 0.6633155140625 0.3665843765625 0.6631220156250001 0.35903790468749996 0.6507380609375 0.359328153125
5 0.6635090140625 0.35845740625 0.6638960125 0.367164875 0.666605003125 0.371083234375 0.6669920015625 0.3835639375 0.6784084578125 0.3834188125 0.67898895625 0.3707929859375 0.676473465625 0.3664392515625 0.676279965625 0.35860253124999997 0.6635090140625 0.35845740625
5 0.676473465625 0.35845740625 0.6770539640625 0.3665843765625 0.6791824546874999 0.3703576125 0.6791824546874999 0.3838541875 0.6925339046875 0.3839993109375 0.6935014015625 0.37050273749999996 0.691179409375 0.3665843765625 0.6904054140625 0.35860253124999997 0.676473465625 0.35845740625
5 0.692920903125 0.3900945375 0.7068528515625 0.389659165625 0.70723985 0.371228359375 0.7043373609375 0.366874625 0.7043373609375 0.3591830296875 0.6907924109375 0.3588927796875 0.691372909375 0.3665843765625 0.6935014015625 0.3707929859375 0.692920903125 0.3900945375
5 0.7049178578124999 0.35860253124999997 0.7051113578125 0.366874625 0.7070463515625 0.371083234375 0.7074333484374999 0.3900945375 0.7202043015624999 0.3899494140625 0.7198173031249999 0.37050273749999996 0.7169148140625 0.3664392515625 0.7167213140625 0.35845740625 0.7049178578124999 0.35860253124999997
5 0.729685765625 0.3588927796875 0.716527815625 0.35845740625 0.7169148140625 0.366149003125 0.7200108015625 0.3716637328125 0.719623803125 0.38980428906250003 0.7333622515625 0.3900945375 0.733168753125 0.3702124875 0.7300727640625 0.3657136296875 0.729685765625 0.3588927796875
5 0.7459397046875 0.377613834375 0.7461332046875 0.371228359375 0.7438112125 0.3664392515625 0.743230715625 0.35874765625 0.7308467609375 0.35874765625 0.7316207578125 0.36760024687500004 0.7335557515625 0.3707929859375 0.733168753125 0.389659165625 0.7471007015625 0.3899494140625 0.7472942 0.39023966250000003 0.7486486953125 0.382548065625 0.7459397046875 0.377613834375
7 0.7775547734375 0.569343978125 0.7407365171875 0.5704219453125 0.7364218734375 0.558564259375 0.6980841625 0.5575327234375 0.711396940625 0.5943529359374999 0.787046990625 0.5947841375 0.7775547734375 0.569343978125