8 0.49375 0.5 0.8234375 1
0 0.17890625 0.3671875 0.02734375 0.05390625
0 0.20625 0.365625 0.028125 0.053125
0 0.23359375 0.365625 0.02734375 0.05234375
0 0.2625 0.365625 0.02890625 0.053125
0 0.290625 0.3640625 0.028125 0.05390625
0 0.31875 0.36328125 0.0296875 0.05625
0 0.34296875 0.36328125 0.01953125 0.053125
0 0.3640625 0.36171875 0.021875 0.0546875
0 0.38671875 0.36171875 0.02265625 0.0546875
0 0.40859375 0.3625 0.01875 0.053125
0 0.4296875 0.3609375 0.021875 0.05390625
0 0.45234375 0.35859375 0.0203125 0.05390625
0 0.47421875 0.3578125 0.02265625 0.05625
0 0.496875 0.35859375 0.0203125 0.0546875
0 0.51796875 0.3578125 0.02109375 0.05703125
0 0.54140625 0.35625 0.0234375 0.0546875
7 0.2421875 0.6625 0.0625 0.0453125
7 0.30390625 0.66015625 0.06015625 0.04140625
7 0.36328125 0.66015625 0.059375 0.04296875
7 0.4234375 0.6578125 0.0609375 0.04765625
7 0.484375 0.65625 0.059375 0.046875
7 0.54375 0.65390625 0.06015625 0.04921875
7 0.6046875 0.6515625 0.059375 0.04921875
7 0.665625 0.65 0.0609375 0.05
7 0.7265625 0.64921875 0.0609375 0.05
7 0.7875 0.6484375 0.0625 0.0515625