8 0.46796875 0.5 0.9265625 1
6 0.0546875 0.02421875 0.02265625 0.0375
6 0.12421875 0.028125 0.0234375 0.03515625
6 0.14609375 0.0296875 0.02265625 0.034375
6 0.23125 0.0359375 0.021875 0.034375
6 0.1890625 0.0328125 0.021875 0.034375
6 0.21015625 0.034375 0.02265625 0.034375
6 0.27421875 0.040625 0.0203125 0.034375
6 0.25234375 0.03828125 0.021875 0.03359375
6 0.3140625 0.04375 0.01953125 0.0328125
6 0.16953125 0.03046875 0.021875 0.03359375
6 0.87734375 0.08203125 0.015625 0.02578125
6 0.33359375 0.0453125 0.01953125 0.03203125
6 0.88984375 0.08359375 0.015625 0.02578125
6 0.86171875 0.08125 0.015625 0.02578125
6 0.80625 0.078125 0.01640625 0.0265625
6 0.7171875 0.071875 0.0171875 0.0265625
6 0.35390625 0.046875 0.01953125 0.03203125
6 0.81875 0.0796875 0.0171875 0.0265625
6 0.37265625 0.04765625 0.01953125 0.03203125
6 0.42890625 0.0515625 0.01875 0.03125
6 0.3921875 0.05 0.01796875 0.03203125
6 0.44765625 0.05390625 0.0171875 0.03125
6 0.7640625 0.075 0.01640625 0.0265625
6 0.7328125 0.07265625 0.015625 0.0265625
6 0.465625 0.0546875 0.01796875 0.03125
6 0.4828125 0.05625 0.01875 0.03125
6 0.41015625 0.05078125 0.01953125 0.03203125
6 0.7484375 0.0734375 0.015625 0.0265625
6 0.84765625 0.08046875 0.015625 0.02578125
6 0.50078125 0.0578125 0.01796875 0.03046875
6 0.51953125 0.05859375 0.01875 0.03046875
6 0.58984375 0.06328125 0.0171875 0.0296875
6 0.5546875 0.0609375 0.01875 0.03046875
6 0.1234375 0.43671875 0.02109375 0.02734375
6 0.7 0.0703125 0.01640625 0.02578125
6 0.66875 0.06953125 0.01640625 0.0265625
6 0.621875 0.06640625 0.015625 0.02734375
6 0.14375 0.4359375 0.02109375 0.028125
6 0.2921875 0.43046875 0.0203125 0.02734375
6 0.63828125 0.06640625 0.015625 0.0265625
6 0.2625 0.43125 0.0203125 0.02578125
6 0.16328125 0.43515625 0.02109375 0.028125
6 0.65390625 0.0671875 0.015625 0.0265625
6 0.40625 0.4265625 0.01875 0.02578125
6 0.18359375 0.434375 0.021875 0.028125
6 0.3109375 0.4296875 0.01953125 0.02578125
6 0.22265625 0.4328125 0.021875 0.0265625
6 0.33046875 0.42890625 0.01875 0.02578125
6 0.24296875 0.43203125 0.02109375 0.0265625
6 0.36484375 0.42734375 0.01875 0.025
6 0.38359375 0.4265625 0.0171875 0.02421875
6 0.346875 0.42890625 0.01875 0.025
6 0.203125 0.43359375 0.02109375 0.02734375
6 0.26953125 0.7703125 0.01796875 0.02578125
6 0.1765625 0.7828125 0.01796875 0.02734375
6 0.2515625 0.77265625 0.01796875 0.0265625
6 0.32578125 0.7625 0.01875 0.0265625
6 0.15703125 0.78671875 0.0171875 0.025
6 0.1953125 0.78046875 0.01875 0.02734375
6 0.2328125 0.775 0.01953125 0.02734375
6 0.46328125 0.74453125 0.01640625 0.02421875
6 0.4296875 0.7484375 0.0171875 0.025
6 0.34375 0.759375 0.0171875 0.02578125
6 0.5453125 0.73203125 0.01796875 0.025
6 0.39453125 0.7546875 0.0171875 0.025
6 0.36171875 0.75859375 0.01640625 0.0265625
6 0.6171875 0.721875 0.0171875 0.02421875
6 0.378125 0.75625 0.01640625 0.02578125
6 0.5921875 0.72578125 0.015625 0.0234375
6 0.4109375 0.7515625 0.01484375 0.02421875
6 0.2140625 0.778125 0.01875 0.02734375
6 0.63203125 0.71875 0.01640625 0.0234375
6 0.67265625 0.7140625 0.015625 0.0234375
6 0.5625 0.73046875 0.015625 0.0234375
6 0.72734375 0.70625 0.015625 0.02265625
6 0.834375 0.6890625 0.0140625 0.02109375
6 0.7828125 0.69609375 0.01484375 0.021875
6 0.446875 0.746875 0.01484375 0.0234375
6 0.4265625 0.42890625 0.01328125 0.0265625
6 0.44296875 0.42734375 0.009375 0.02890625
6 0.91015625 0.08359375 0.0234375 0.0296875
6 0.7921875 0.0796875 0.0140625 0.0234375
6 0.56953125 0.065625 0.01328125 0.03359375
6 0.60546875 0.0671875 0.01328125 0.0328125
6 0.68359375 0.0734375 0.01328125 0.0296875
6 0.29375 0.0390625 0.009375 0.0328125
6 0.53671875 0.05859375 0.0125 0.0234375
6 0.1015625 0.0265625 0.02421875 0.0359375
6 0.078125 0.025 0.02265625 0.0359375
6 0.6453125 0.71953125 0.01484375 0.021875
6 0.68828125 0.7125 0.01328125 0.02109375
6 0.71484375 0.709375 0.0140625 0.01953125
6 0.81015625 0.69453125 0.01328125 0.01953125
6 0.778125 0.07734375 0.01015625 0.021875
6 0.83359375 0.07890625 0.0140625 0.025
6 0.4578125 0.42578125 0.0125 0.02578125
6 0.4765625 0.425 0.01171875 0.02578125
6 0.49140625 0.42421875 0.0140625 0.02109375
6 0.50625 0.42265625 0.01875 0.0203125
6 0.525 0.42265625 0.01796875 0.0203125
6 0.54140625 0.4234375 0.01640625 0.02890625
6 0.559375 0.421875 0.01640625 0.02421875
6 0.57578125 0.42265625 0.0125 0.02734375
6 0.59140625 0.42265625 0.0171875 0.021875
6 0.60546875 0.41953125 0.0203125 0.02890625
6 0.6203125 0.41640625 0.01328125 0.02890625
6 0.6359375 0.41796875 0.0140625 0.0203125
6 0.64921875 0.41796875 0.01640625 0.0234375
6 0.665625 0.41875 0.0171875 0.02265625
6 0.68125 0.415625 0.01796875 0.02734375
6 0.69609375 0.41640625 0.01484375 0.02421875
6 0.7109375 0.41484375 0.0140625 0.02421875
6 0.7234375 0.41484375 0.01640625 0.0234375
6 0.7390625 0.4140625 0.015625 0.028125
6 0.75390625 0.4140625 0.0125 0.0234375
6 0.7671875 0.41328125 0.0140625 0.0234375
6 0.78046875 0.41328125 0.01640625 0.025
6 0.7953125 0.41171875 0.01328125 0.02421875
6 0.80859375 0.4109375 0.0140625 0.02578125
6 0.82421875 0.409375 0.01328125 0.028125
6 0.8359375 0.41015625 0.01484375 0.02578125
6 0.88828125 0.40546875 0.015625 0.02578125
6 0.87578125 0.40703125 0.0140625 0.02578125
6 0.8515625 0.40859375 0.0109375 0.02734375
6 0.86171875 0.4078125 0.01796875 0.0265625
5 0.11640625 0.29140625 0.1125 0.06484375
5 0.19375 0.29140625 0.05234375 0.06328125
5 0.240625 0.290625 0.05234375 0.0609375
5 0.2859375 0.290625 0.0484375 0.059375
5 0.56953125 0.290625 0.0359375 0.05390625
5 0.32890625 0.2921875 0.0453125 0.06171875
5 0.371875 0.290625 0.04453125 0.05859375
5 0.4140625 0.290625 0.0421875 0.05546875
5 0.4546875 0.29140625 0.04296875 0.059375
5 0.49453125 0.29140625 0.04375 0.05703125
5 0.5328125 0.290625 0.03984375 0.0546875
5 0.1625 0.66171875 0.096875 0.05234375
5 0.23125 0.65234375 0.05390625 0.0578125
5 0.27578125 0.6484375 0.04296875 0.0578125
5 0.64609375 0.60859375 0.0390625 0.0484375
5 0.609375 0.6125 0.04140625 0.04609375
5 0.57890625 0.61640625 0.0328125 0.04921875
5 0.54453125 0.61875 0.04140625 0.04921875
5 0.50625 0.62109375 0.040625 0.05234375
5 0.315625 0.64296875 0.0453125 0.05234375
5 0.35546875 0.6375 0.04140625 0.05390625
5 0.3953125 0.634375 0.04140625 0.053125
5 0.434375 0.6296875 0.04375 0.04921875
5 0.47109375 0.62734375 0.03984375 0.0515625
0 0.734375 0.60546875 0.0328125 0.03125
0 0.77109375 0.60078125 0.03125 0.03125
0 0.8078125 0.596875 0.0296875 0.028125
0 0.65390625 0.2984375 0.02578125 0.0390625
0 0.69765625 0.2984375 0.025 0.0375
0 0.7890625 0.2984375 0.034375 0.0375
0 0.734375 0.2984375 0.034375 0.03671875
5 0.609375 0.3 0.0296875 0.034375
5 0.6765625 0.6125 0.0234375 0.0265625
5 0.70234375 0.609375 0.0265625 0.02578125
2 0.7128353234375 0.855925875 0.7074505984374999 0.8585590109375 0.715878875 0.8662828765624999 0.7179859453125 0.878921925 0.7334377859375001 0.8778686703125 0.73694956875 0.868564925 0.7367154421875 0.852063946875 0.7287554171874999 0.8459199625 0.7259459921875 0.8327542875 0.7034249671875 0.8376811312499999 0.703236459375 0.836967303125 0.7027682296875 0.8376694703125 0.7128353234375 0.855925875
6 0.1803926578125 0.9640282578124999 0.1694449640625 0.9654674640625001 0.1721984859375 0.992115028125 0.185075028125 0.9907106875 0.1803926578125 0.9640282578124999
6 0.1986539265625 0.9620972890624999 0.1859561875 0.9633596484375 0.1913962359375 0.9886041796875 0.20286806406250002 0.9870242984375001 0.1986539265625 0.9620972890624999
6 0.2166810671875 0.9589375265625 0.20527783125000001 0.9617787859375 0.2087210203125 0.9850933375 0.22300227499999997 0.9838645359375 0.2166810671875 0.9589375265625
6 0.2270585953125 0.982329990625 0.237517634375 0.9803536953125 0.2344741046875 0.9547245109375 0.22300227499999997 0.9557777640625 0.2270585953125 0.982329990625
6 0.2453263328125 0.9786413125 0.25648125781250003 0.9775450125 0.252735371875 0.951389209375 0.2412635421875 0.95332016875 0.2453263328125 0.9786413125
6 0.2687981484375 0.94853193125 0.25754903281249997 0.9505356359375 0.2612711484375 0.97585281875 0.2735880671875 0.9744418796875 0.2687981484375 0.94853193125
6 0.28470750312500004 0.9437860484374999 0.2719238625 0.9459151562500001 0.2768383703125 0.9729026749999999 0.2896684953125 0.97033733125 0.28470750312500004 0.9437860484374999
6 0.30249861875 0.9417337765625 0.2898924 0.9439899546875001 0.2958269546875 0.9689263968749999 0.306604259375 0.9668741203125 0.30249861875 0.9417337765625
6 0.318921178125 0.9386553671875 0.3078609390625 0.9407171140624999 0.3110520296875 0.9648218484375001 0.322855759375 0.9628978437500001 0.318921178125 0.9386553671875
6 0.33483053281249997 0.9360900234375 0.324289315625 0.93763679375 0.3293563359375 0.9625130421874999 0.3404757875 0.9607173015624999 0.33483053281249997 0.9360900234375
6 0.3453381734375 0.960354159375 0.3565852890625 0.9569247046875 0.3516243140625 0.9326822296874999 0.3403338046875 0.9346062359375 0.3453381734375 0.960354159375
6 0.36873115156249997 0.92909075 0.356119296875 0.931668671875 0.36154628125 0.9570529703125 0.373178921875 0.9548724343749999 0.36873115156249997 0.92909075
6 0.3771681546875 0.9524608375 0.38771973437499996 0.9510244218749999 0.38446943125 0.9262688734375001 0.3723235859375 0.9278080781250001 0.3771681546875 0.9524608375
6 0.3925697578125 0.949187996875 0.40365981562500003 0.94749050625 0.40006738124999996 0.9232480296875 0.3879215203125 0.9253003015625 0.3925697578125 0.949187996875
6 0.41580566093750004 0.9202978859375 0.4038642671875 0.9222351906249999 0.4081075875 0.947362240625 0.4207666375 0.9455665 0.41580566093750004 0.9202978859375
6 0.4289779171875 0.9177325453125 0.42029264531250005 0.9199249500000001 0.4243590734375 0.9438990296875 0.43530745 0.9415902234375 0.4289779171875 0.9177325453125
6 0.4463454484375 0.91503583125 0.43441078125 0.9162670687500001 0.4391605796875 0.940176178125 0.45079322031249996 0.9383804375 0.4463454484375 0.91503583125
6 0.7113304687500001 0.8615725828125 0.702141990625 0.8635165765625 0.7089355171875 0.8853019921874999 0.71817320625 0.883891053125 0.7113304687500001 0.8615725828125
6 0.7053430828125 0.8865846609375 0.704829878125 0.86952514375 0.6978160812499999 0.863753125 0.6872537734375 0.86524925625 0.6945657781250001 0.8740144921875 0.6945657781250001 0.8872259984375 0.7053430828125 0.8865846609375
6 0.691315475 0.88953480625 0.691315475 0.8742710234375 0.6846438109374999 0.8667032703125 0.6744191046875 0.869292178125 0.6817356546875 0.8763232999999999 0.6817356546875 0.88991960625 0.691315475 0.88953480625
6 0.67814321875 0.8927414812500001 0.67814321875 0.8785038359374999 0.6723268906250001 0.8696534078125 0.662097821875 0.871217378125 0.6675369890625 0.8779907703125 0.669760865625 0.8937676187499999 0.67814321875 0.8927414812500001
6 0.665142021875 0.8950502874999999 0.664628815625 0.879401709375 0.658128225 0.8718339500000001 0.648493071875 0.8735276187500001 0.6547068640625 0.882608384375 0.654877921875 0.8958198906250001 0.665142021875 0.8950502874999999
6 0.651092975 0.8853175203125 0.6427106218749999 0.8741582859375001 0.634888321875 0.8764154187500001 0.64134208125 0.883778315625 0.64117100625 0.8980159593750001 0.651092975 0.8963484906250001 0.651092975 0.8853175203125
6 0.46122675625 0.9115642625 0.449936246875 0.9138730703125001 0.45489722343750005 0.9370894062499999 0.46635880625 0.934908865625 0.46122675625 0.9115642625
6 0.4700911625 0.9337863921875 0.48158388125 0.9322152562499999 0.4767939796875 0.9081010515625 0.4649902640625 0.9102815874999999 0.4700911625 0.9337863921875
6 0.48077603281250003 0.906957590625 0.48430413281250007 0.9314048015624999 0.49608313437499996 0.928821884375 0.49163823281249996 0.9047424515625 0.48077603281250003 0.906957590625
6 0.5059730640625 0.90224285625 0.49444896875 0.9038311562500001 0.49919457500000003 0.928821884375 0.5110847015625 0.9269055312500001 0.5059730640625 0.90224285625
6 0.5215407515625 0.8996562171875 0.5094558515625 0.9010798953125001 0.513095421875 0.9249854484375 0.5260967812499999 0.9233190515624999 0.5215407515625 0.8996562171875
6 0.5367169765625001 0.8973232609374999 0.5231600078125 0.8993229375 0.528049403125 0.921735975 0.5417174984375001 0.92081945625 0.5367169765625001 0.8973232609374999
6 0.550829565625 0.8946570265625 0.539302871875 0.8963277156249999 0.5437177078125 0.9191530609375 0.55538559375 0.9179865828124999 0.550829565625 0.8946570265625
6 0.5651692374999999 0.8931572687499999 0.5534760390625 0.8937015109375 0.556501665625 0.916486825 0.5660582171875 0.91557030625 0.5651692374999999 0.8931572687499999
6 0.6368058359375001 0.9006873953125 0.6382504453125 0.8851899046874999 0.6310274609375 0.8772745203125 0.6218407234375001 0.8796950875 0.6273604109375001 0.8880227796875 0.6290272515625001 0.9011039953125 0.6368058359375001 0.9006873953125
6 0.6243600984375 0.9023537921875 0.6243600984375 0.8872729015624999 0.61813721875 0.8794408359375 0.6070005843749999 0.88169600625 0.6138034328125 0.8891892562500001 0.6148035375 0.90493670625 0.6243600984375 0.9023537921875
6 0.6102475093749999 0.9072696640625001 0.6103586359375 0.8904390546875 0.6045802499999999 0.8828569500000001 0.5933276484375 0.884572325 0.598801865625 0.893521890625 0.6005798328124999 0.9086027812499999 0.6102475093749999 0.9072696640625001
6 0.5955793093749999 0.909935896875 0.5961349203124999 0.89293865 0.591912259375 0.8856898234375 0.5793212249999999 0.8871985296875 0.5850226546874999 0.8970213250000001 0.585689390625 0.9101025375 0.5955793093749999 0.909935896875
6 0.5822445828125 0.8970213250000001 0.5777996703125 0.8895225390625001 0.5775774296875 0.888356059375 0.5699099609375 0.8900224578125 0.5719101703125 0.9136019718749999 0.5822445828125 0.9117689359375 0.5822445828125 0.8970213250000001
6 0.51875 0.7359375 0.025 0.01953125
0 0.4859375 0.73984375 0.03515625 0.02421875
0 0.29609375 0.76640625 0.03671875 0.02421875