8 0.5 0.5 0.99921875 1
0 0.15546875 0.5125 0.07109375 0.1421875
0 0.2296875 0.5125 0.071875 0.1421875
0 0.30546875 0.51328125 0.07578125 0.14921875
0 0.38203125 0.5109375 0.075 0.14140625
0 0.4609375 0.50625 0.07734375 0.14453125
0 0.5375 0.5125 0.07578125 0.15234375
0 0.6046875 0.509375 0.0578125 0.1546875
0 0.665625 0.50703125 0.059375 0.146875
0 0.7296875 0.50625 0.06171875 0.14375
0 0.79296875 0.50546875 0.0609375 0.1484375
0 0.85390625 0.503125 0.06328125 0.1484375
0 0.91640625 0.50546875 0.0578125 0.146875
0 0.97421875 0.5015625 0.0515625 0.1453125