8 0.5015625 0.5 0.996875 1
9 0.09921875 0.69375 0.0671875 0.4734375
9 0.190424809375 0.9279513578125 0.1953077421875 0.83635395625 0.2001906734375 0.8275606281250001 0.204097034375 0.5923384828125 0.19823753125000002 0.5791484625 0.2001906734375 0.49780996718750004 0.13671255625 0.4890166390625 0.13427108906250002 0.48828382968749995 0.13329451718750002 0.9308824859374999 0.190424809375 0.9279513578125
9 0.19628435 0.5784156671875 0.204097034375 0.591605715625 0.202143853125 0.8260950359375 0.1918897046875 0.84148344375 0.1909131328125 0.926485821875 0.255367821875 0.9242874609375 0.258785859375 0.83635395625 0.267575153125 0.82389673125 0.2705049046875 0.5908729187499999 0.264157115625 0.576217334375 0.26562197187500003 0.5029394140625 0.20340788125000003 0.494662109375 0.20165556874999999 0.495611621875 0.20165556874999999 0.49634443125 0.19628435 0.5784156671875
9 0.2695283328125 0.821698371875 0.25976246875000003 0.8356211874999999 0.2548795359375 0.925753053125 0.3173810453125 0.922821925 0.32226397812499996 0.8326900593750001 0.3334947359375 0.8165689390624999 0.332518165625 0.5901401515625 0.3251937671875 0.5806140281250001 0.3286118046875 0.5073361203125 0.26750700625 0.5019877234375001 0.2646454 0.57695013125 0.27148151249999997 0.5908729187499999 0.2695283328125 0.821698371875
9 0.325682053125 0.5806140281250001 0.3334947359375 0.58940735625 0.332518165625 0.8165689390624999 0.32226397812499996 0.8356211874999999 0.3173810453125 0.9213563328125 0.37988262968750003 0.925753053125 0.3823240953125 0.8356211874999999 0.394043103125 0.8260950359375 0.39990260625 0.5945368156249999 0.387207028125 0.58794181875 0.392089959375 0.50880165625 0.3295883765625 0.5073361203125 0.330564984375 0.511000015625 0.3300766984375 0.511000015625 0.325682053125 0.5806140281250001
9 0.39651943125 0.8204125031249999 0.38333549218749996 0.8343352625 0.3804057390625 0.924467128125 0.43802435468749995 0.919337696875 0.4429072859375 0.8343352625 0.45267315 0.82920583125 0.460485834375 0.598380378125 0.44876679062499997 0.58372479375 0.4497433984375 0.51411076875 0.39456625 0.5082485546875 0.388706746875 0.5851903578125001 0.3994491828125 0.5954492499999999 0.39651943125 0.8204125031249999
9 0.45462633124999996 0.8284730625 0.4453487515625 0.8321369593749999 0.44095410625 0.918604871875 0.491248321875 0.913475440625 0.5010141859374999 0.843861415625 0.5161512687500001 0.8226108062499999 0.520545915625 0.5976475828125001 0.50589711875 0.5866558953125 0.507361975 0.5207057796875 0.45120825625 0.5185074328125 0.4507199703125 0.58372479375 0.46146240625 0.5947164828125 0.45462633124999996 0.8284730625
9 0.517127840625 0.8189469109375 0.5000375781249999 0.846059775 0.4917366078125 0.9142082078125 0.5542381171875 0.9156738000000001 0.558144478125 0.8343352625 0.5762113484375 0.8240763984375 0.5810942812500001 0.6027770421875001 0.566445446875 0.589587021875 0.5679103421875 0.5214385609375001 0.5074208765625 0.5175546546875001 0.5078502609375 0.580793665625 0.5215224859375 0.601311478125 0.517127840625 0.8189469109375
9 0.5830474234375 0.604975375 0.5766995968749999 0.8174813750000001 0.5591210484375 0.8372663906250001 0.5566795828125 0.912742671875 0.61185676875 0.9142082078125 0.6138099125 0.8328697265624999 0.6343182125 0.8262747031250001 0.6401777156249999 0.602044275 0.6225992046875 0.5910525859375 0.6240641 0.5273007890625 0.5684676625 0.5230488656250001 0.5679103421875 0.5229041390625 0.568398628125 0.5888542546875 0.5830474234375 0.604975375
9 0.6352947828125 0.8248091671875001 0.6157630546874999 0.8343352625 0.6133215890625 0.9142082078125 0.666057271875 0.9105443125000001 0.665569021875 0.8299385984375001 0.6890070374999999 0.8211452703125 0.6953548640625 0.6027770421875001 0.6772880296875 0.5954492499999999 0.6797294953125 0.5324302359375 0.6299236031250001 0.528033571875 0.6230874531249999 0.589587021875 0.63920114375 0.6005787109375 0.6352947828125 0.8248091671875001
2 0.6962494218749999 0.6025767281250001 0.691366490625 0.8165482234375 0.667440115625 0.8341349906250001 0.667440115625 0.9096111890625 0.8754530171875 0.9088784203125 0.8769179125000001 0.8597822640624999 0.8984027843750001 0.8363332671875 0.9081686484375 0.6143011703125 0.8866837765625 0.6011111375 0.8886369203125 0.5241693187500001 0.6864835578124999 0.506582621875 0.6874601296875 0.5095137421875 0.6791591593749999 0.5945161265625 0.6962494218749999 0.6025767281250001