8 0.553125 0.5 0.89375 1
6 0.35234375 0.24609375 0.015625 0.025
6 0.36796875 0.2453125 0.0171875 0.02578125
6 0.3828125 0.24375 0.0171875 0.025
6 0.40078125 0.24140625 0.015625 0.025
6 0.41796875 0.23984375 0.01875 0.028125
6 0.43515625 0.2390625 0.01484375 0.02578125
6 0.453125 0.2375 0.01796875 0.02578125
6 0.5125 0.23203125 0.01875 0.02734375
6 0.6578125 0.2171875 0.01875 0.03203125
6 0.678125 0.215625 0.01796875 0.03125
6 0.63515625 0.2203125 0.0203125 0.03125
6 0.61171875 0.221875 0.0203125 0.03046875
6 0.5515625 0.22734375 0.015625 0.028125
6 0.57109375 0.2265625 0.01953125 0.0296875
6 0.590625 0.2234375 0.01875 0.0296875
6 0.53203125 0.23046875 0.01953125 0.0265625
6 0.92890625 0.1890625 0.0234375 0.0359375
6 0.95546875 0.1875 0.02265625 0.03828125
6 0.9828125 0.184375 0.021875 0.0359375
6 0.88359375 0.19453125 0.021875 0.034375
6 0.8046875 0.203125 0.02109375 0.034375
6 0.83046875 0.2 0.0203125 0.03515625
6 0.85625 0.1984375 0.01953125 0.034375
6 0.36015625 0.47578125 0.01484375 0.02265625
6 0.37421875 0.47578125 0.01640625 0.02265625
6 0.40703125 0.47578125 0.01484375 0.0234375
6 0.39140625 0.475 0.015625 0.02421875
6 0.43984375 0.47734375 0.0140625 0.02421875
6 0.4234375 0.47578125 0.015625 0.025
6 0.45546875 0.4765625 0.015625 0.0265625
6 0.4734375 0.478125 0.01640625 0.0265625
6 0.54375 0.4796875 0.01328125 0.025
6 0.52578125 0.47890625 0.0140625 0.025
6 0.5078125 0.478125 0.0171875 0.02734375
6 0.490625 0.47890625 0.015625 0.0265625
6 0.6609375 0.484375 0.0171875 0.0265625
6 0.63984375 0.4828125 0.0171875 0.028125
6 0.61953125 0.4828125 0.01796875 0.02734375
6 0.60078125 0.48203125 0.01796875 0.02734375
6 0.58046875 0.48203125 0.01796875 0.028125
6 0.5609375 0.48046875 0.0171875 0.02890625
6 0.703125 0.48359375 0.01796875 0.02734375
6 0.68203125 0.48359375 0.01875 0.028125
6 0.7234375 0.48359375 0.01953125 0.028125
6 0.746875 0.484375 0.01953125 0.0296875
6 0.99140625 0.48828125 0.0171875 0.0328125
6 0.96640625 0.4890625 0.02109375 0.03203125
6 0.940625 0.4890625 0.02109375 0.03203125
6 0.9140625 0.48828125 0.01953125 0.03125
6 0.88984375 0.4890625 0.0203125 0.03125
6 0.8640625 0.48828125 0.02109375 0.03125
6 0.8390625 0.48671875 0.01875 0.03203125
6 0.815625 0.4859375 0.01796875 0.0296875
6 0.79375 0.4859375 0.01796875 0.03046875
6 0.7703125 0.484375 0.02109375 0.03046875
5 0.36640625 0.09453125 0.07265625 0.0671875
5 0.42265625 0.090625 0.046875 0.065625
5 0.465625 0.078125 0.03828125 0.0734375
5 0.50859375 0.07265625 0.04609375 0.06796875
5 0.55390625 0.06328125 0.0484375 0.07421875
5 0.60234375 0.05546875 0.04296875 0.078125
5 0.64765625 0.04765625 0.0546875 0.07734375
5 0.70234375 0.03671875 0.0625 0.07109375
0 0.728125 0.21328125 0.053125 0.0296875
0 0.48828125 0.2359375 0.0296875 0.0234375