3 0.54296875 0.4078125 0.140625 0.165625
3 0.7515625 0.42265625 0.146875 0.16796875
3 0.93828125 0.43671875 0.1234375 0.17734375
3 0.33671875 0.39609375 0.14140625 0.16640625
3 0.1375 0.39765625 0.18359375 0.159375
7 0.040625 0.2416666671875 0.07291666718749999 0.12222222187500001 0.0010416671875 0.11388888906250001 0.0020833328125000002 0.2388888890625 0.040625 0.2416666671875
7 0.0427083328125 0.2416666671875 0.23333333281250002 0.24444444375000002 0.25729166718749996 0.11805555625 0.0791666671875 0.115277778125 0.0427083328125 0.2416666671875
7 0.228125 0.24305555625 0.43854166718750004 0.252777778125 0.44895833281249997 0.11805555625 0.25833333281250004 0.11805555625 0.228125 0.24305555625
7 0.434375 0.252777778125 0.646875 0.26805555625 0.6479166671875001 0.13055555624999998 0.45 0.12361111093749999 0.434375 0.252777778125
7 0.6447916671875 0.26944444375 0.8666666671875 0.28055555625 0.85 0.14444444375 0.646875 0.1361111109375 0.6447916671875 0.26944444375
7 0.8635416671874999 0.28055555625 0.999375 0.29305555625 0.999375 0.1541666671875 0.8520833328125 0.14444444375 0.8635416671874999 0.28055555625