8 0.9916666671875 0 0.0166666671875 0.0078125 0.125 0.999375 0.9333333328125001 0.999375 0.9991666671875 0.60625 0.9916666671875 0
0 0.2159099109375 0.333413709375 0.22068433281250002 0.33699452343749997 0.21856236718750002 0.34097320781249996 0.22280629687500003 0.34256468125 0.225458753125 0.3552964703125 0.2604711703125 0.3556943375 0.26206264375 0.34256468125 0.2514528203125 0.34097320781249996 0.2509223296875 0.30795013125000004 0.25569675 0.3031757109375 0.25675773281250003 0.28606737031249996 0.22121482343749999 0.28566950156250004 0.21962335 0.30198210625 0.2143184390625 0.30596079062500003 0.2159099109375 0.333413709375
0 0.266837065625 0.33500518125 0.2694895203125 0.34256468125 0.2742639421875 0.34256468125 0.2742639421875 0.3576836796875 0.3098068515625 0.3584794171875 0.3076848859375 0.34216681250000003 0.302910465625 0.34256468125 0.3023799734375 0.308348 0.309276359375 0.3039714484375 0.309276359375 0.28606737031249996 0.27108099375 0.2864652390625 0.2721419765625 0.3039714484375 0.264184609375 0.3063586578125 0.266837065625 0.33500518125
0 0.31776421875 0.33580091875 0.31988618281250003 0.340177471875 0.3188252015625 0.34296255000000003 0.32678256875 0.3441561546875 0.326252078125 0.360070890625 0.362325478125 0.360468759375 0.35914253125 0.345747628125 0.354368109375 0.3445540234375 0.357020565625 0.33500518125 0.354368109375 0.3095416046875 0.36338645937499997 0.308348 0.36285596875000004 0.2928311328125 0.36338645937499997 0.2868631078125 0.348002215625 0.2868631078125 0.329965515625 0.2864652390625 0.32200814843750003 0.2896481859375 0.3251910953125 0.304767184375 0.317233728125 0.3063586578125 0.31776421875 0.33580091875
0 0.3708133359375 0.33699452343749997 0.3724048109375 0.34057533906250004 0.3724048109375 0.3441561546875 0.3734657921875 0.345349759375 0.3793011953125 0.345349759375 0.37824021406249997 0.36086662812500003 0.413783121875 0.3612644953125 0.413783121875 0.3477369703125 0.40953919375 0.346145496875 0.40900870312500004 0.312326684375 0.41325263124999995 0.3075522625 0.4148441046875 0.2900460546875 0.386728071875 0.2868631078125 0.376648740625 0.290841790625 0.37611824843749997 0.305562921875 0.3708133359375 0.3099394734375 0.3708133359375 0.33699452343749997
0 0.42545392968750007 0.338983865625 0.427045403125 0.345747628125 0.4328808046875 0.348930575 0.430758840625 0.3572858125 0.433411296875 0.36285596875000004 0.47001518906250006 0.3648453109375 0.468423715625 0.3481348390625 0.46364929374999997 0.3485327078125 0.46683224062499995 0.3135202890625 0.46683224062499995 0.3071543953125 0.4678932234375 0.2928311328125 0.47532009999999997 0.28765884375 0.4381857171875 0.28845458125 0.42916736718750004 0.2932290015625 0.4296978578125 0.30795013125000004 0.4265149109375 0.312326684375 0.42545392968750007 0.338983865625
0 0.118299534375 0.333015840625 0.118299534375 0.33580091875 0.12095199062499999 0.3381881296875 0.124665428125 0.3377902609375 0.1267873921875 0.35131778593749996 0.160738828125 0.35131778593749996 0.15808637187500002 0.34097320781249996 0.151720478125 0.33580091875 0.14906802187499998 0.3039714484375 0.1554339171875 0.3003906328125 0.1559644078125 0.28129295 0.1230739546875 0.283680159375 0.122012971875 0.3015842375 0.1145860953125 0.30118636875 0.11670805937499999 0.32824141875 0.118299534375 0.333015840625
0 0.166043740625 0.3306286296875 0.16763521406249998 0.33500518125 0.16763521406249998 0.3381881296875 0.1734706171875 0.33938173437499997 0.175062090625 0.352113521875 0.20848303437500001 0.3545007328125 0.20848303437500001 0.340177471875 0.20052566718749998 0.338983865625 0.198403703125 0.305165053125 0.20423910625000002 0.3031757109375 0.2063610703125 0.285271634375 0.169757178125 0.28447589687499997 0.169757178125 0.30118636875 0.1644522671875 0.304767184375 0.166043740625 0.3306286296875
6 0.109811675 0.3035735796875 0.0965493953125 0.304767184375 0.100793325 0.32903715624999996 0.11776904218749999 0.32903715624999996 0.109811675 0.3035735796875
6 0.16126932031250002 0.305562921875 0.1495985140625 0.305562921875 0.1533119515625 0.33023076093750003 0.16126932031250002 0.33023076093750003 0.16126932031250002 0.305562921875
6 0.2090135265625 0.30795013125000004 0.19999517656250002 0.30795013125000004 0.20052566718749998 0.32983289375 0.21272696406249997 0.33023076093750003 0.2090135265625 0.30795013125000004
6 0.26365411875 0.30874586875 0.2514528203125 0.3091437375 0.252513803125 0.332220103125 0.26365411875 0.33261797187500003 0.26365411875 0.30874586875
6 0.3161727453125 0.3107352109375 0.30344095625 0.3107352109375 0.3050324296875 0.3338115765625 0.3156422546875 0.3342094453125 0.3161727453125 0.3107352109375
6 0.36816088125 0.31272455312499997 0.356490075 0.31272455312499997 0.35755105781249996 0.3373923921875 0.3692218640625 0.33699452343749997 0.36816088125 0.31272455312499997
6 0.42014901718750003 0.312326684375 0.40794772031250004 0.311928815625 0.40953919375 0.33938173437499997 0.424392946875 0.33938173437499997 0.42014901718750003 0.312326684375
7 0.29601407968750004 0.4058257546875 0.29760555312500003 0.4519784875 0.3708133359375 0.45754864531250006 0.3708133359375 0.40821296562500003 0.29601407968750004 0.4058257546875
7 0.44667357656249995 0.4133852546875 0.36816088125 0.40940657031249994 0.3702828453125 0.45874224999999996 0.44879554062500004 0.46073159218750004 0.44667357656249995 0.4133852546875
7 0.5294302015625 0.415374596875 0.44985652343750004 0.41179378125 0.45091750625 0.462323065625 0.5267777453125 0.46630174999999996 0.5294302015625 0.415374596875
3 0.8311423921875001 0.6589236984375 0.7852174062499999 0.6544310359375001 0.77673126875 0.719200240625 0.8246529921875 0.723692903125 0.8311423921875001 0.6589236984375
3 0.7862157765625 0.6548054249999999 0.8321407609374999 0.6578005328125001 0.8306432062500001 0.6641651359375 0.840127715625 0.6641651359375 0.8421244531250001 0.6128739171875 0.7857165921875 0.60875564375 0.7847182218750001 0.6289726203125 0.7842190375 0.645071325 0.7862157765625 0.65255909375 0.7862157765625 0.6548054249999999
3 0.6908715140624999 0.601267875 0.6853804828125 0.6338396703125 0.7602581765624999 0.640204275 0.7682451296874999 0.6068837015625 0.6908715140624999 0.601267875
3 0.6045125734375 0.6299684937500001 0.6090052359375 0.6288453281249999 0.613497896875 0.5955247546875 0.5506006359375 0.590784996875 0.547605528125 0.5990215437499999 0.5456087890625 0.6214848515625 0.5530965578125 0.6258502203125 0.6045125734375 0.6299684937500001
3 0.422809371875 0.6164905093749999 0.44227757343749996 0.6172392859375 0.46024821875 0.6198600062499999 0.471729465625 0.6198600062499999 0.4867050046875 0.6206087828125 0.49169685 0.58616504375 0.43329224999999993 0.58167238125 0.4297979578125 0.588411375 0.42780121875 0.60039180625 0.4248061109375 0.6075051859375 0.422809371875 0.6164905093749999
3 0.29252218750000003 0.6023910406249999 0.3025058796875 0.606134925 0.3184797875 0.60913003125 0.3294618484375 0.6095044203125 0.3464341265625 0.611001975 0.357915371875 0.6083812546875 0.36290721875 0.578430178125 0.306000171875 0.57019363125 0.29801321718749996 0.578430178125 0.2990115875 0.58928744375 0.2960164796875 0.596400825 0.29252218750000003 0.6023910406249999
3 0.17671135468750002 0.5934057171875 0.183699940625 0.596400825 0.199673846875 0.595652046875 0.20266895625 0.597898378125 0.216146940625 0.597523990625 0.21814367968749998 0.5982727671875 0.23511595624999998 0.597898378125 0.242603725 0.597898378125 0.242603725 0.5679473015625 0.1886917859375 0.5627058625 0.1832007546875 0.5679473015625 0.1822023859375 0.5803021203125 0.17870809375000002 0.5847947812500001 0.17671135468750002 0.5934057171875
6 0.1180727921875 0.6213608093749999 0.12157773593750001 0.6558626000000001 0.13296880312499998 0.6563554828125 0.13165445 0.623332340625 0.1180727921875 0.6213608093749999
6 0.14523610625 0.62398951875 0.1325306859375 0.6228394578125 0.1345022171875 0.6561911890625 0.147426696875 0.6575055421875 0.14523610625 0.62398951875
6 0.15925588125 0.6257967546875001 0.145674225 0.6246466953125 0.1485219921875 0.65816271875 0.1612274125 0.6584913078125 0.15925588125 0.6257967546875001
6 0.173932834375 0.627603990625 0.1601321171875 0.62645393125 0.1621036484375 0.6586556031249999 0.17524718749999998 0.65996995625 0.173932834375 0.627603990625
6 0.1888288453125 0.6290826390625 0.17502812968749998 0.6279325796874999 0.175904365625 0.6602985453125 0.1901431984375 0.661120015625 0.1888288453125 0.6290826390625
6 0.20328673749999998 0.63039699375 0.1892669625 0.6289183453125 0.1903622578125 0.66210578125 0.20394391562499997 0.663255840625 0.20328673749999998 0.63039699375
6 0.21796369062499998 0.631875640625 0.20328673749999998 0.63039699375 0.2056963859375 0.6627629578125 0.2181827484375 0.6644059 0.21796369062499998 0.631875640625
6 0.231983465625 0.6330257015625 0.217525571875 0.632368525 0.21862086718749998 0.6644059 0.23264064218749997 0.6655559609374999 0.231983465625 0.6330257015625
6 0.24885100625 0.63450435 0.2357074671875 0.63286140625 0.23636464375 0.666541725 0.2499463015625 0.6678560796874999 0.24885100625 0.63450435
6 0.2644041953125 0.6364758796875 0.25016536093749997 0.6349972312500001 0.2519178328125 0.6683489625 0.265061371875 0.6688418453125 0.2644041953125 0.6364758796875
6 0.2797383234375 0.6368044687500001 0.264623253125 0.635490115625 0.266594784375 0.6698276109375 0.280614559375 0.6708133765625 0.2797383234375 0.6368044687500001
6 0.2941962171875 0.6386117046875001 0.28083361875 0.6377902343749999 0.282147971875 0.671799140625 0.2937580984375 0.67245631875 0.2941962171875 0.6386117046875001
6 0.3095303453125 0.6414047078125 0.30865410937500004 0.6404189421875001 0.2955105703125 0.6394331765625 0.2957296296875 0.672292025 0.310187521875 0.6729492015625 0.3095303453125 0.6414047078125
6 0.3250835328125 0.6422261781249999 0.31040658125 0.6404189421875001 0.31193999375 0.6732777890625 0.326178828125 0.6752493203125 0.3250835328125 0.6422261781249999
6 0.3404176625 0.6435405328125 0.3255216515625 0.6425547671875 0.32705506406249996 0.6749207312500001 0.340636721875 0.6760707921875 0.3404176625 0.6435405328125
6 0.35553273281250003 0.64501918125 0.3404176625 0.6435405328125 0.3404176625 0.6768922625 0.354656496875 0.6785352046875001 0.35553273281250003 0.64501918125
6 0.35881861718749997 0.645183475 0.35903767656249996 0.6793566765625 0.3741527453125 0.6805067359375 0.37437180468750003 0.64715500625 0.35881861718749997 0.645183475
6 0.389486875 0.680013853125 0.3899249921875 0.648305065625 0.375686159375 0.64748359375 0.3765623953125 0.68099961875 0.3870772265625 0.6821496781249999 0.389486875 0.680013853125
6 0.40547818125 0.6502765968750001 0.3905821703125 0.6491265359375 0.391239346875 0.6824782671875 0.403725709375 0.6824782671875 0.40547818125 0.6502765968750001
6 0.41927889687500003 0.65159095 0.40679253437499996 0.650605184375 0.4065734765625 0.6832997375 0.41993607343750006 0.6847783859375001 0.41927889687500003 0.65159095
6 0.43614643906249995 0.6854355625 0.43592737968749995 0.6533981875 0.42256478125 0.652741009375 0.42256478125 0.6847783859375001 0.4328605546875 0.686092740625 0.43614643906249995 0.6854355625
6 0.45060433125 0.6865856234375001 0.4512615078125 0.6550411296875 0.43767985156250006 0.6538910687499999 0.43789891093750005 0.685928446875 0.44885185937500005 0.6869142109374999 0.45060433125 0.6865856234375001
6 0.46681469687500005 0.68740709375 0.46659563750000005 0.6561911890625 0.46659563750000005 0.6553697171875 0.4538902171875 0.6542196578125 0.454328334375 0.68707850625 0.46440504687499995 0.6887214484374999 0.46681469687500005 0.68740709375
6 0.4830250609375 0.65602689375 0.46856716875000004 0.6555340125 0.4692243453125 0.688557153125 0.48171070781249997 0.68954291875 0.4830250609375 0.65602689375
6 0.503835665625 0.65816271875 0.489377771875 0.6573412484375 0.4902540078125 0.6921716265625 0.5029594296875 0.692500215625 0.503835665625 0.65816271875
6 0.518950734375 0.6598056625 0.50515001875 0.6588198968750001 0.5047119015625 0.692500215625 0.5182935578125 0.6931573921874999 0.518950734375 0.6598056625
6 0.5347229812500001 0.6606271328125 0.521141325 0.65964136875 0.521141325 0.6941431578125 0.532970509375 0.694471746875 0.5347229812500001 0.6606271328125
6 0.5518095828125 0.662270075 0.5375707484375 0.6614486046875 0.537351690625 0.6951289234375 0.550495228125 0.6956218062499999 0.5518095828125 0.662270075
6 0.5515905234375 0.6957861000000001 0.564953121875 0.69775763125 0.5667052265625 0.6639201171875 0.552904878125 0.662270075 0.5515905234375 0.6957861000000001
6 0.56823900625 0.6974290421875 0.5800681921875 0.6985791031249999 0.582039721875 0.6648987843749999 0.5693343015625 0.6635844296875 0.56823900625 0.6974290421875
6 0.5997835 0.666541725 0.58620184375 0.665391665625 0.58379219375 0.6997291625 0.5969357328125 0.7005506328125 0.5997835 0.666541725
6 0.6168701015625 0.6992362796875 0.6177463359375001 0.6676917859375 0.603507503125 0.6667060203124999 0.6024122078125 0.7012078093749999 0.6127079796875 0.7018649875 0.6168701015625 0.6992362796875
6 0.62431810625 0.6688418453125 0.623003753125 0.703179340625 0.6370235281250001 0.7036722234375 0.63987129375 0.669499021875 0.62431810625 0.6688418453125
6 0.6567388359375 0.671470553125 0.6416237671875 0.6701562 0.6396522359375 0.70383651875 0.6536720109374999 0.7048222828124999 0.6567388359375 0.671470553125
6 0.6729492015625 0.67245631875 0.6582722484375 0.6709776703125 0.6560816593750001 0.7056437546875001 0.669882375 0.706958109375 0.6729492015625 0.67245631875
6 0.6880642703125 0.70630093125 0.6909120375 0.6739349671875 0.6762350859375 0.6731134953125 0.6751397906250001 0.707122403125 0.68587368125 0.7079438734375 0.6880642703125 0.70630093125
6 0.706684284375 0.6750850265625 0.691569215625 0.673442084375 0.6906929796875 0.7086010500000001 0.7042746359375001 0.709093934375 0.706684284375 0.6750850265625
6 0.70690334375 0.7092582281250001 0.7198278234375 0.7100797 0.7235518265625001 0.6760707921875 0.7097511109375 0.6752493203125 0.70690334375 0.7092582281250001
6 0.7410765453125 0.6770565562499999 0.7268377109374999 0.6762350859375 0.7235518265625001 0.71057258125 0.7373525421875 0.7118869359375 0.7410765453125 0.6770565562499999
6 0.7594775 0.680835325 0.7588203234375 0.6793566765625 0.7607918546875 0.6791923828125 0.7428290171875 0.6778780281250001 0.7397621921875001 0.7118869359375 0.7535629078125 0.7140227609375 0.7594775 0.680835325
6 0.7794118671875 0.6803424421875001 0.764734915625 0.6790280875 0.7607918546875 0.7136941718750001 0.774154453125 0.71435135 0.7794118671875 0.6803424421875001
1 0.78196070625 0.8709525031249999 0.7808997015625 0.8773185343750001 0.7782471890625 0.882888809375 0.7750641734375 0.9155147156250001 0.8456210078125 0.9226764984375 0.8488040234374999 0.8924378562499999 0.8509260328125 0.8721461343750001 0.8525175421875 0.85304804375 0.7856742234375 0.8482735218749999 0.7814302046875 0.8673716125 0.78196070625 0.8709525031249999
1 0.39151085625 0.868167365625 0.3984073890625 0.868167365625 0.3984073890625 0.8721461343750001 0.45729316718749996 0.878910040625 0.45782367031250004 0.8729418875 0.4546406546875 0.8717482578125001 0.45782367031250004 0.8498650281250001 0.46047618281249997 0.8438968750000001 0.459415178125 0.8319605687499999 0.46790321874999996 0.814056109375 0.40795643437500007 0.806894325 0.3973463828125 0.82400303125 0.39681588125 0.8359393374999999 0.39151085625 0.84230536875 0.39151085625 0.868167365625
1 0.1480102015625 0.8379287218749999 0.1527847234375 0.8379287218749999 0.1527847234375 0.8434989984374999 0.1999994484375 0.8486713984375 0.1999994484375 0.8434989984374999 0.2031824640625 0.8204221390624999 0.2074264828125 0.8132603546875 0.2074264828125 0.8017219250000001 0.22068904531250003 0.786602603125 0.165516784375 0.77904294375 0.1501322109375 0.7949580187499999 0.1501322109375 0.8053028171875001 0.14376618125 0.8124646015625 0.1480102015625 0.8379287218749999
9 0.20661618750000002 0.8131093296874999 0.20137876718749997 0.8207690546874999 0.2024262515625 0.8270539578125 0.20137876718749997 0.831178425 0.20137876718749997 0.8331424578125001 0.20033128437499997 0.8388381515625 0.20033128437499997 0.84217700625 0.20085502656249998 0.84905111875 0.2168291546875 0.8506223437499999 0.2168291546875 0.848854715625 0.21656728281249998 0.8425698125000001 0.21709102656249998 0.8394273609375 0.21709102656249998 0.8341244734375 0.219709734375 0.82312589375 0.22337592812499998 0.816448184375 0.22285218593749997 0.80486039375 0.233327025 0.7883625234375 0.22023347656249997 0.7873805078125 0.20687805781250002 0.802307153125 0.20661618750000002 0.8131093296874999
9 0.2194478640625 0.8235186999999999 0.2194478640625 0.828035975 0.21813850937499998 0.8315712312500001 0.21551979999999998 0.8339280703125 0.21551979999999998 0.8349100875 0.2168291546875 0.836284909375 0.21709102656249998 0.837463328125 0.2168291546875 0.8392309578124999 0.2160435421875 0.8423734093749999 0.2163054125 0.8514079578124999 0.23097018593750002 0.8527827796875 0.230708315625 0.8417842 0.2330651546875 0.8392309578124999 0.2312320578125 0.836677715625 0.2312320578125 0.8356956999999999 0.2330651546875 0.8341244734375 0.23620760624999998 0.8321604421875 0.2364694765625 0.8276431671875001 0.2364694765625 0.82391150625 0.23935005625 0.8188050234375 0.23882631562499998 0.8070208296875 0.25113425 0.790522959375 0.2356838640625 0.788951734375 0.2241615421875 0.805449603125 0.22442341250000003 0.8170373937500001 0.2194478640625 0.8235186999999999
9 0.24799179843750002 0.84217700625 0.24799179843750002 0.837463328125 0.24746805625 0.8345172812499999 0.24746805625 0.8331424578125001 0.24799179843750002 0.8268575546875001 0.2534910890625 0.8193942328125001 0.2527054765625 0.8091812656249999 0.26658463593750004 0.7924869906249999 0.2503486375 0.7915049749999999 0.23804070312499997 0.8074136359375 0.23908818593749998 0.818019409375 0.235945734375 0.8252863296875 0.236731346875 0.8292143937500001 0.235945734375 0.8315712312500001 0.2348982515625 0.8329460546874999 0.23437450937499998 0.8329460546874999 0.2325414125 0.8339280703125 0.231493928125 0.8364813124999999 0.231493928125 0.8376597312499999 0.2317557984375 0.8386417484375001 0.2317557984375 0.8406057796875 0.230708315625 0.842766215625 0.2317557984375 0.8525863765624999 0.2430162515625 0.8533719890624999 0.2430162515625 0.8474798937499999 0.24589683125 0.8451230546874999 0.24799179843750002 0.84217700625
9 0.2623947015625 0.8494439249999999 0.26291844375 0.8470870859374999 0.26291844375 0.8447302484374999 0.26265657187499997 0.8398201671875001 0.26265657187499997 0.836284909375 0.26265657187499997 0.8331424578125001 0.263442184375 0.828625184375 0.269203346875 0.8201798453125001 0.26841773281250003 0.8105560875 0.283344378125 0.7942546203124999 0.2676321203125 0.792094184375 0.2524436046875 0.808395653125 0.252967346875 0.8199834421875 0.24799179843750002 0.8262683453124999 0.2487774109375 0.8394273609375 0.248515540625 0.843551828125 0.2482536703125 0.8470870859374999 0.24563495937500002 0.847283490625 0.24327812187500003 0.8498367312499999 0.24223063749999998 0.85435400625 0.26108534687499996 0.85592523125 0.260299734375 0.8533719890624999 0.260299734375 0.8514079578124999 0.2623947015625 0.8494439249999999
9 0.27810695937499996 0.84296261875 0.27967818437499997 0.8309820218749999 0.285177475 0.8235186999999999 0.28622495937500003 0.811538103125 0.29800915156249996 0.79562944375 0.2849156046875 0.7936654109375 0.26841773281250003 0.8111452968749999 0.270774571875 0.8203762484375 0.263442184375 0.8290179906249999 0.263442184375 0.8419806031249999 0.26370405625000004 0.847676296875 0.26291844375 0.848461909375 0.2605616046875 0.8523899734375 0.2616090890625 0.85671084375 0.27915444218749996 0.8578892640625 0.27810695937499996 0.8502295375 0.27810695937499996 0.84826550625 0.27810695937499996 0.84296261875
9 0.2925098609375 0.8464978765625 0.2940810875 0.8425698125000001 0.29512857187499997 0.8394273609375 0.29512857187499997 0.8370705218750001 0.2953904421875 0.8321604421875 0.30036599062499997 0.8243043125 0.301151603125 0.8136985390625 0.312935796875 0.7964150562500001 0.29800915156249996 0.7952366359374999 0.28543934531250004 0.8127165234374999 0.28543934531250004 0.821947475 0.2802019265625 0.830589215625 0.28098754062500003 0.8425698125000001 0.27915444218749996 0.8449266515625 0.27810695937499996 0.8466942796874999 0.277059475 0.8498367312499999 0.2783688296875 0.8582820703125 0.2946048296875 0.8598532953125 0.29329547499999997 0.8529791828125 0.2930336046875 0.84905111875 0.2925098609375 0.8464978765625
9 0.3113645703125 0.8457122640625 0.312150184375 0.8417842 0.3111027 0.8345172812499999 0.3160782484375 0.8270539578125 0.315292634375 0.8146805546874999 0.3286480546875 0.7973970718750001 0.3131976671875 0.7962186531250001 0.301151603125 0.8136985390625 0.3006278609375 0.8241079093750001 0.29617605468749997 0.8315712312500001 0.29617605468749997 0.8345172812499999 0.29617605468749997 0.8380525375 0.2943429578125 0.840802184375 0.29512857187499997 0.8466942796874999 0.2953904421875 0.8486583124999999 0.2935573453125 0.850033134375 0.2917242484375 0.8521935703124999 0.2948667015625 0.8604425062500001 0.3111027 0.8624065375000001 0.309269603125 0.850818746875 0.310055215625 0.8478726999999999 0.3113645703125 0.8457122640625
9 0.3278624421875 0.8590676828125 0.326291215625 0.8364813124999999 0.33283799062499997 0.8272503609375 0.3320523765625 0.816840990625 0.3454077953125 0.8001467171875 0.3273386984375 0.798575490625 0.315292634375 0.8138949421874999 0.31634011875 0.8262683453124999 0.3118883125 0.834320878125 0.3126739265625 0.840802184375 0.3126739265625 0.8451230546874999 0.3111027 0.849247521875 0.308483990625 0.8531755859375 0.310055215625 0.862995746875 0.3283861828125 0.863781359375 0.334409215625 0.863388553125 0.33257611875 0.8602461031249999 0.3278624421875 0.8590676828125
9 0.4564410828125 0.850818746875 0.455917340625 0.8569072468750001 0.455917340625 0.8616209250000001 0.45486985625000004 0.863781359375 0.45329863125000003 0.86810223125 0.45356050156250005 0.87045906875 0.45565547031250003 0.873601521875 0.455917340625 0.8765475687500001 0.45565547031250003 0.879690021875 0.47084398437499997 0.88145765 0.471367728125 0.875958359375 0.472153340625 0.8730123109375001 0.473724565625 0.869477053125 0.472938953125 0.86319215 0.4732008234375 0.8529791828125 0.4763432765625 0.8451230546874999 0.47712888906249995 0.834320878125 0.4852468890625 0.8166445875000001 0.468487146875 0.8150733625000001 0.4601072765625 0.8321604421875 0.4598454046875 0.8439446343749999 0.4564410828125 0.850818746875
9 0.472938953125 0.854550409375 0.472938953125 0.8602461031249999 0.472153340625 0.8639777625 0.47162959843749996 0.8671202156250001 0.46979650156249997 0.8730123109375001 0.46979650156249997 0.8765475687500001 0.470058371875 0.880868440625 0.470058371875 0.882439665625 0.48891308125000005 0.8836180859375 0.48786559687500003 0.8737979250000001 0.4886512109375 0.87045906875 0.489960565625 0.8669238125 0.48943682343750006 0.855532425 0.493626759375 0.8480691031250001 0.4938886296875 0.8358921031250001 0.5017447578125 0.8182158125000001 0.48550875937500004 0.817233796875 0.47712888906249995 0.834713684375 0.4776526296875 0.8459086671874999 0.472938953125 0.854550409375
9 0.489960565625 0.856514440625 0.48943682343750006 0.86122811875 0.48969869375 0.8647633765625 0.48917495312500003 0.8696734562499999 0.48786559687500003 0.8728159078125 0.48760372656250006 0.8775295859375 0.48760372656250006 0.8830288749999999 0.5080296609375 0.8847965046875 0.5080296609375 0.8730123109375001 0.50672030625 0.8679058281250001 0.50593469375 0.8641741671875 0.50672030625 0.8576928609375001 0.5082915328125 0.8547468125 0.5106483703125 0.8518007640624999 0.5116958546875 0.849640328125 0.5109102421875 0.8376597312499999 0.5190282421875 0.8201798453125001 0.5027922421875 0.8186086187500001 0.4941505015625 0.83687411875 0.49441237187500003 0.8474798937499999 0.489960565625 0.856514440625
9 0.5109102421875 0.850818746875 0.5082915328125 0.856514440625 0.506982178125 0.8594604890624999 0.50593469375 0.86201373125 0.5056728234375 0.8661381984375 0.5056728234375 0.866727409375 0.50672030625 0.8724231015624999 0.50672030625 0.875958359375 0.506196565625 0.8787080046875 0.50514908125 0.882046859375 0.506982178125 0.8857785203124999 0.5234800484375 0.886956940625 0.523218178125 0.8783151984374999 0.523218178125 0.873601521875 0.5250512734375 0.8710482796875001 0.5260987578125 0.8690842468750001 0.5258368859375 0.8592640859375 0.5276699828125 0.8512115546875 0.5276699828125 0.8411949906249999 0.5355261125 0.821947475 0.5195519843749999 0.8205726515625 0.5109102421875 0.8384453453124999 0.5109102421875 0.850818746875
9 0.5250512734375 0.8596568921875001 0.5258368859375 0.8702626656250001 0.52295630625 0.87497634375 0.5224325640624999 0.886956940625 0.539716046875 0.8897065843749999 0.539716046875 0.8806720374999999 0.54154914375 0.8720302953125 0.5423347578125 0.861817328125 0.5446915953125 0.8547468125 0.5439059828125 0.84217700625 0.5528095953125 0.8237151031250001 0.5370973390625 0.822536684375 0.5279318546875 0.8406057796875 0.5276699828125 0.8527827796875 0.5250512734375 0.8596568921875001
9 0.541811015625 0.8639777625 0.54154914375 0.8712446828125 0.5412872734375 0.8798864249999999 0.54076353125 0.88951018125 0.5598801109375 0.8910814078125 0.5583088859374999 0.880475634375 0.558832628125 0.8647633765625 0.5627606921874999 0.8553360218750001 0.5614513375 0.8449266515625 0.5687837234375 0.8254827328125 0.5520239828125 0.8241079093750001 0.5449534671875 0.8409985875 0.545477209375 0.8529791828125 0.541811015625 0.8639777625
9 0.56223695 0.855532425 0.558832628125 0.8635849562500001 0.558832628125 0.8696734562499999 0.55857075625 0.8775295859375 0.55778514375 0.8812612468750001 0.5590944984374999 0.8928490375000001 0.575068628125 0.893831053125 0.57480675625 0.88342168125 0.5763779812500001 0.8791008109374999 0.5769017234375 0.8639777625 0.580306046875 0.85710365 0.5800441765625 0.8457122640625 0.5858053359375 0.8276431671875001 0.568521853125 0.8258755390625 0.5611894671875 0.8439446343749999 0.56223695 0.855532425
9 0.5761161109375 0.8651561828125001 0.576639853125 0.879690021875 0.5753304984375001 0.8840108921875001 0.57480675625 0.8902957953125 0.5763779812500001 0.895009471875 0.590780884375 0.8963842937500001 0.590780884375 0.88715334375 0.5941852078125 0.8771367796874999 0.592875853125 0.86731661875 0.597327659375 0.8594604890624999 0.598113271875 0.8470870859374999 0.602565078125 0.829410796875 0.5865909484375 0.8274467640625 0.580306046875 0.8468906828125 0.580306046875 0.8584784734375001 0.5761161109375 0.8651561828125001
9 0.59339959375 0.867513021875 0.5939233359375 0.8775295859375 0.59104275625 0.8861713281249999 0.5913046265624999 0.895009471875 0.607802496875 0.8963842937500001 0.60806436875 0.8881353593749999 0.6112068203125001 0.8789044078125 0.6119924328125 0.8684950375 0.6143492703125 0.8600496984375001 0.6140874000000001 0.8498367312499999 0.61932481875 0.8301964093749999 0.6020413359375001 0.8292143937500001 0.5986370140624999 0.847676296875 0.5965420453125 0.8582820703125 0.59339959375 0.867513021875
9 0.6104212062500001 0.8700662625 0.6101593359375 0.8794936171875 0.6072787546875 0.88793895625 0.6075406265625001 0.895009471875 0.62665720625 0.896187890625 0.6253478515625 0.8910814078125 0.62744281875 0.8836180859375 0.6287521734375 0.8712446828125 0.6308471421874999 0.862995746875 0.6318946265625 0.8514079578124999 0.6373939156249999 0.8325532484375 0.619586690625 0.831178425 0.6146111421875 0.8502295375 0.6138255296875 0.8602461031249999 0.6104212062500001 0.8700662625
9 0.628490303125 0.8716374890624999 0.627704690625 0.8851893109375 0.626395334375 0.8936346500000001 0.6271809484374999 0.8973663109375 0.6444644312500001 0.8989375359375 0.6431550765625 0.893438246875 0.6457737859375 0.886956940625 0.6465593984375 0.8737979250000001 0.6483924953125 0.8649597796874999 0.6483924953125 0.8539612 0.6554630109375 0.83530289375 0.6373939156249999 0.8331424578125001 0.6313708828125 0.8519971671875 0.6313708828125 0.8635849562500001 0.628490303125 0.8716374890624999
9 0.6468212703125 0.8718338921875001 0.6460356578125 0.8818504562499999 0.644726303125 0.8906886015625 0.6468212703125 0.894223859375 0.6449881734375 0.8971699078125001 0.6473450109375001 0.9030620046875001 0.6620097859375 0.9038476171875001 0.6612241734375 0.8971699078125001 0.6627953984375 0.88715334375 0.664104753125 0.881654053125 0.6635810109375 0.8712446828125 0.6659378499999999 0.8657453921875 0.6659378499999999 0.8539612 0.6701277859375 0.836677715625 0.655986753125 0.836284909375 0.6483924953125 0.8514079578124999 0.6489162375 0.8653525859375 0.6468212703125 0.8718338921875001
9 0.6667234640624999 0.8553360218750001 0.6656759796875 0.8594604890624999 0.6656759796875 0.8643705703125001 0.6656759796875 0.8684950375 0.662533528125 0.8728159078125 0.6638428828125 0.8830288749999999 0.6620097859375 0.8902957953125 0.6612241734375 0.8928490375000001 0.6601766890625 0.896187890625 0.6612241734375 0.9020799875 0.66148604375 0.9042404234375001 0.6798170109375 0.90620445625 0.67850765625 0.8975627140625001 0.6782457843749999 0.894616665625 0.6782457843749999 0.8920634234374999 0.6790313984374999 0.8897065843749999 0.67929326875 0.8881353593749999 0.6808644953125 0.88636773125 0.6808644953125 0.880868440625 0.6813882359375001 0.8763511656249999 0.6813882359375001 0.87419073125 0.681911978125 0.869477053125 0.6821738500000001 0.8669238125 0.6826975921875 0.863388553125 0.6834832046875 0.8592640859375 0.6834832046875 0.8537647968750001 0.6845306890625 0.84905111875 0.6876731406250001 0.8384453453124999 0.67117526875 0.837463328125 0.6672472046875 0.8498367312499999 0.6667234640624999 0.8533719890624999 0.6667234640624999 0.8553360218750001
9 0.6834832046875 0.862995746875 0.6834832046875 0.8655489890625001 0.6829594625000001 0.86928065 0.6811263656250001 0.8728159078125 0.6800788812499999 0.875958359375 0.6798170109375 0.8792972140625 0.6806026234375 0.8832252781250001 0.6806026234375 0.88636773125 0.6806026234375 0.8885281656249999 0.6806026234375 0.8916706171875 0.67850765625 0.8936346500000001 0.6779839140624999 0.8977591171875 0.6790313984374999 0.907186471875 0.6957911390625 0.90856129375 0.6950055265625 0.8985447296875 0.6957911390625 0.894616665625 0.698147978125 0.8916706171875 0.6986717203125 0.88793895625 0.6984098484375 0.882832471875 0.6986717203125 0.8785116015625001 0.6986717203125 0.8763511656249999 0.6991954609375 0.8720302953125 0.701028559375 0.8661381984375 0.7012904296875 0.8624065375000001 0.7012904296875 0.8547468125 0.7012904296875 0.8514079578124999 0.703385396875 0.843355425 0.7057422359375 0.8400165703125 0.688458753125 0.8388381515625 0.6837450765625 0.8537647968750001 0.6829594625000001 0.8578892640625 0.6834832046875 0.862995746875
9 0.7130746218749999 0.900705165625 0.71255088125 0.8971699078125001 0.712289009375 0.8940274562500001 0.7141221062499999 0.8912778109374999 0.7154314609375 0.8893137781249999 0.7154314609375 0.8859749234375001 0.7154314609375 0.882046859375 0.715169590625 0.8787080046875 0.7141221062499999 0.8763511656249999 0.71333649375 0.8737979250000001 0.7130746218749999 0.8712446828125 0.7141221062499999 0.866727409375 0.7149077203124999 0.8647633765625 0.7154314609375 0.8594604890624999 0.7154314609375 0.8580856671875001 0.7164789453125 0.8516043609375 0.7170026875 0.8457122640625 0.7201451390625 0.8425698125000001 0.703385396875 0.8404093765624999 0.701814171875 0.8529791828125 0.7007666875 0.8563180375 0.7015523015625 0.8624065375000001 0.699981075 0.86928065 0.6986717203125 0.875958359375 0.6984098484375 0.880082828125 0.6978861078125 0.88715334375 0.69710049375 0.88872456875 0.69710049375 0.8893137781249999 0.69710049375 0.8906886015625 0.69631488125 0.8948130687500001 0.695267396875 0.8973663109375 0.695267396875 0.8977591171875 0.6960530109375 0.9081684875 0.7007666875 0.9081684875 0.713598365625 0.9095433109375 0.713598365625 0.9075792781249999 0.713598365625 0.9036512140624999 0.7130746218749999 0.900705165625
9 0.852128103125 0.8948130687500001 0.8497712640625 0.9052224390625 0.8497712640625 0.913471375 0.8463669421875 0.9236843421875 0.8641741671875 0.925648375 0.8631266828124999 0.9232915359374999 0.8657453921875 0.92152390625 0.866269134375 0.912882165625 0.869149715625 0.906008053125 0.8696734562499999 0.8989375359375 0.8696734562499999 0.895009471875 0.8678403593749999 0.8847965046875 0.869935328125 0.875958359375 0.8694115859375 0.85513961875 0.8513424890625 0.8549432156250001 0.85265184375 0.87497634375 0.8516043609375 0.8842072953125 0.852128103125 0.8948130687500001
7 0.14931991718749998 0.395762253125 0.15155438593749998 0.43463098906250003 0.2211679453125 0.4396002125 0.2211679453125 0.40067462656249997 0.14931991718749998 0.395762253125
7 0.22079964218749998 0.43877200937499994 0.2580005265625 0.44070449375000004 0.2586861796875 0.4624591015625 0.297779703125 0.46472240937500003 0.2963063890625 0.4053677984375 0.2211679453125 0.40233103437500006 0.22079964218749998 0.43877200937499994