8 0.9984263640625001 0.9994328421875001 0.999565971875 0.7447938609375 0.80786649375 0.1932438125 0.7917628421875 0.1932438125 0.2710781265625 0.1892179 0.2616843296875 0.19123085625 0 0.7075541671875001 0.0013419703124999999 0.9996744796874999 0.9984263640625001 0.9994328421875001
6 0.29017857187499996 0.1960100453125 0.28459821406249997 0.206008184375 0.2926587296875 0.2055431546875 0.2966889890625 0.196475075 0.29017857187499996 0.1960100453125
6 0.30133928593750003 0.20670572968749998 0.3047495046875 0.196242559375 0.29730902812500004 0.1960100453125 0.29296875 0.2057756703125 0.30133928593750003 0.20670572968749998
6 0.3125 0.206008184375 0.3156001984375 0.19670758906250002 0.3066096234375 0.196242559375 0.303509425 0.20531064062499998 0.3125 0.206008184375
6 0.320560515625 0.2057756703125 0.32490079375 0.19670758906250002 0.3165302578125 0.19670758906250002 0.313430059375 0.205078125 0.320560515625 0.2057756703125
6 0.33017113125 0.2055431546875 0.334511409375 0.1969401046875 0.3270709328125 0.19717261875 0.322110615625 0.20484560937500002 0.33017113125 0.2055431546875
6 0.34071180624999997 0.20531064062499998 0.34474206406249996 0.1969401046875 0.33544146874999997 0.196475075 0.3314112109375 0.2055431546875 0.34071180624999997 0.20531064062499998
6 0.34815228125000003 0.20531064062499998 0.3515625 0.1985677078125 0.345362103125 0.198102678125 0.341021825 0.20531064062499998 0.34815228125000003 0.20531064062499998
6 0.35838293593750004 0.2055431546875 0.361483134375 0.1976376484375 0.35497271874999997 0.1978701640625 0.350632440625 0.2057756703125 0.35838293593750004 0.2055431546875
6 0.3723338296875 0.2055431546875 0.3757440484375 0.1976376484375 0.36768353125000003 0.19833519375 0.3633432546875 0.206008184375 0.3723338296875 0.2055431546875
6 0.381634425 0.206008184375 0.3853546625 0.1969401046875 0.3763640875 0.1976376484375 0.37388392812500004 0.205078125 0.381634425 0.206008184375
6 0.39248511875 0.2057756703125 0.3958953375 0.19670758906250002 0.38721478125000003 0.19670758906250002 0.38380456406249996 0.205078125 0.39248511875 0.2057756703125
6 0.401165675 0.205078125 0.4055059515625 0.19670758906250002 0.3958953375 0.196475075 0.3927951390625 0.20531064062499998 0.401165675 0.205078125
6 0.41046627031250005 0.205078125 0.41387648749999995 0.19717261875 0.4051959328125 0.1978701640625 0.4033358140625 0.20531064062499998 0.41046627031250005 0.205078125
6 0.4222470234375 0.20531064062499998 0.42410714218749995 0.197405134375 0.4154265875 0.19717261875 0.41201636875 0.20531064062499998 0.4222470234375 0.20531064062499998
6 0.430617559375 0.2057756703125 0.43402777812500004 0.19717261875 0.42596726250000005 0.1969401046875 0.4231770828125 0.2055431546875 0.430617559375 0.2057756703125
6 0.43960813437499996 0.20531064062499998 0.443018353125 0.196475075 0.435887896875 0.19670758906250002 0.4327876984375 0.20531064062499998 0.43960813437499996 0.20531064062499998
6 0.45262896875 0.2055431546875 0.45510912656249997 0.1978701640625 0.44952877031250005 0.1978701640625 0.44487847187499996 0.20484560937500002 0.45262896875 0.2055431546875
6 0.46285962343750003 0.2055431546875 0.466269840625 0.1969401046875 0.45758928593750003 0.1969401046875 0.4544890875 0.2055431546875 0.46285962343750003 0.2055431546875
6 0.47247023906249996 0.2057756703125 0.4755704359375 0.197405134375 0.4675099203125 0.1978701640625 0.46533978125 0.206008184375 0.47247023906249996 0.2057756703125
6 0.4830109125 0.2057756703125 0.4861111109375 0.1957775296875 0.477740575 0.196242559375 0.47464037656249997 0.205078125 0.4830109125 0.2057756703125
6 0.49169146875 0.2057756703125 0.49541170625 0.1969401046875 0.48797122968749995 0.1969401046875 0.4851810515625 0.2064732140625 0.49169146875 0.2057756703125
6 0.50068204375 0.206008184375 0.50440228125 0.19880022343749998 0.497271825 0.19880022343749998 0.49386160781250005 0.2057756703125 0.50068204375 0.206008184375
6 0.5115327390625 0.2062407 0.5137028765625 0.198102678125 0.5065724203124999 0.1978701640625 0.503472221875 0.206008184375 0.5115327390625 0.2062407
6 0.5148654515625 0.20650227812500002 0.5227322046875 0.206298828125 0.524359809375 0.19795735625 0.5162217874999999 0.1981608078125 0.5148654515625 0.20650227812500002
6 0.5281575515625 0.2069091796875 0.5354817703125 0.2069091796875 0.536566840625 0.19795735625 0.5289713546875 0.19795735625 0.5281575515625 0.2069091796875
6 0.544976128125 0.20650227812500002 0.5466037328125 0.1985677078125 0.539008246875 0.1983642578125 0.537109375 0.2069091796875 0.544976128125 0.20650227812500002
6 0.5544704859375 0.20670572968749998 0.5555555562500001 0.19755045625 0.5485026046875 0.19775390625 0.5471462671875 0.20650227812500002 0.5544704859375 0.20670572968749998
6 0.5655924484375 0.206298828125 0.56640625 0.1985677078125 0.5579969625000001 0.1985677078125 0.5579969625000001 0.2069091796875 0.5655924484375 0.206298828125
6 0.574273003125 0.2069091796875 0.5750868062500001 0.1985677078125 0.5677625875000001 0.1981608078125 0.5672200515625 0.20731608124999998 0.574273003125 0.2069091796875
6 0.5856662328125 0.20670572968749998 0.5862087671875 0.1985677078125 0.5783420140625 0.1983642578125 0.5775282125000001 0.20670572968749998 0.5856662328125 0.20670572968749998
6 0.588921440625 0.20609537812499998 0.5984157984375 0.206298828125 0.5978732640625 0.19755045625 0.590277778125 0.1971435546875 0.588921440625 0.20609537812499998
6 0.606011284375 0.20792643281249998 0.6062825515625 0.19795735625 0.5970594625000001 0.19795735625 0.5984157984375 0.20711262968750002 0.606011284375 0.20792643281249998
6 0.61767578125 0.20711262968750002 0.6190321187500001 0.19795735625 0.6130642359375 0.19755045625 0.6095377609375 0.20609537812499998 0.61767578125 0.20711262968750002
6 0.6290690109375 0.20711262968750002 0.6282552078125 0.19795735625 0.619574653125 0.19795735625 0.619574653125 0.20711262968750002 0.6290690109375 0.20711262968750002
6 0.6380208328125 0.20772298125000002 0.6363932296875 0.1985677078125 0.6290690109375 0.1981608078125 0.630425346875 0.2069091796875 0.6380208328125 0.20772298125000002
6 0.6494140625 0.20751953125 0.648871528125 0.1985677078125 0.6407335062499999 0.1981608078125 0.6410047750000001 0.2081298828125 0.6494140625 0.20751953125
6 0.6578233499999999 0.2069091796875 0.6575520828125 0.19795735625 0.6510416671875 0.1983642578125 0.6504991312499999 0.2069091796875 0.6578233499999999 0.2069091796875
6 0.6673177078125 0.20731608124999998 0.6656901046875 0.1985677078125 0.6589084203125 0.1985677078125 0.6594509546875 0.2081298828125 0.6673177078125 0.20731608124999998
6 0.6776258687500001 0.20751953125 0.6776258687500001 0.1985677078125 0.6692165796875 0.1983642578125 0.6703016500000001 0.20853678437499998 0.6776258687500001 0.20751953125
6 0.6876627609375 0.20792643281249998 0.685492621875 0.19775390625 0.6776258687500001 0.1985677078125 0.679253471875 0.20792643281249998 0.6876627609375 0.20792643281249998
6 0.6931785296874999 0.197618271875 0.6931785296874999 0.20846896718750002 0.7009548609375 0.208062065625 0.7000506375 0.1973470046875 0.6931785296874999 0.197618271875
6 0.7101779515625 0.1981608078125 0.7029441546874999 0.1981608078125 0.7018590859375 0.20846896718750002 0.71090133125 0.208740234375 0.7101779515625 0.1981608078125
6 0.713433159375 0.208740234375 0.7224754046874999 0.208740234375 0.71976273125 0.198838975 0.7121672453125 0.19870334218750002 0.713433159375 0.208740234375
6 0.725007234375 0.20846896718750002 0.732421875 0.2086046 0.7291666671875 0.19829644062500001 0.7215711812500001 0.1981608078125 0.725007234375 0.20846896718750002
6 0.7331452546875 0.20833333281250002 0.741283275 0.20846896718750002 0.7389322921875 0.1993815109375 0.7313368062500001 0.19924587656249998 0.7331452546875 0.20833333281250002
6 0.7434534140625 0.20846896718750002 0.7506872109375 0.2086046 0.7492404515625 0.198838975 0.7405598953125 0.19870334218750002 0.7434534140625 0.20846896718750002
6 0.7510489 0.20846896718750002 0.7606336812500001 0.208740234375 0.7564742484375 0.1993815109375 0.74996383125 0.19965277812499999 0.7510489 0.20846896718750002
6 0.7615379046874999 0.19992404531250002 0.76461226875 0.2086046 0.7727502890625 0.208740234375 0.7693142359375 0.200059678125 0.7615379046874999 0.19992404531250002
6 0.265118634375 0.26475694375000003 0.2575231484375 0.26475694375000003 0.251555265625 0.27520073749999996 0.2605975125 0.2750651046875 0.265118634375 0.26475694375000003
6 0.27542679375 0.26502821249999997 0.26656539375 0.26502821249999997 0.26276765 0.27520073749999996 0.2716290515625 0.2750651046875 0.27542679375 0.26502821249999997
6 0.2824797453125 0.27601454062499997 0.2879050921875 0.2652994796875 0.2786820015625 0.26502821249999997 0.274341725 0.2750651046875 0.2824797453125 0.27601454062499997
6 0.29188368124999997 0.2754720046875 0.29730902812500004 0.26502821249999997 0.2882667828125 0.26475694375000003 0.2830222796875 0.2754720046875 0.29188368124999997 0.2754720046875
6 0.3029152203125 0.27533637187500004 0.3079788765625 0.2646213109375 0.2987557875 0.26475694375000003 0.2942346640625 0.27533637187500004 0.3029152203125 0.27533637187500004
6 0.3123191546875 0.27601454062499997 0.31358506875000003 0.2756076390625 0.31846788125000003 0.26435004375000004 0.3085214125 0.26421440937499996 0.305266203125 0.2761501734375 0.3123191546875 0.27601454062499997
6 0.3244357640625 0.27642144062499996 0.3298611109375 0.264892578125 0.3200954859375 0.26475694375000003 0.3157552078125 0.27533637187500004 0.3244357640625 0.27642144062499996
6 0.33582899374999997 0.27601454062499997 0.340350115625 0.2644856765625 0.33148871562500004 0.2646213109375 0.3267867484375 0.2761501734375 0.33582899374999997 0.27601454062499997
6 0.3502965859375 0.27587890625 0.3555410875 0.26543511249999996 0.3457754625 0.26557074687500004 0.3416160296875 0.2754720046875 0.3502965859375 0.27587890625
6 0.3615089703125 0.2762858078125 0.3654875578125 0.2652994796875 0.3560836234375 0.2652994796875 0.3531901046875 0.27642144062499996 0.3615089703125 0.2762858078125
6 0.3723596640625 0.2761501734375 0.3759765625 0.26557074687500004 0.3674768515625 0.2658420140625 0.3640407984375 0.27696397500000003 0.3723596640625 0.2761501734375
6 0.38375289375 0.27574327187500003 0.387188946875 0.26543511249999996 0.3781467015625 0.2652994796875 0.3747106484375 0.27574327187500003 0.38375289375 0.27574327187500003
6 0.3947844328125 0.2762858078125 0.398039640625 0.26624891562499997 0.3888165515625 0.26597764687500003 0.3853804984375 0.27601454062499997 0.3947844328125 0.2762858078125
6 0.40635850625 0.27587890625 0.40816695625 0.2665201828125 0.3991247109375 0.26665581562499996 0.39659288125000003 0.27587890625 0.40635850625 0.27587890625
6 0.4186559609375 0.27601454062499997 0.4215494796875 0.26719835000000003 0.41250723437500003 0.26719835000000003 0.40925202499999996 0.2756076390625 0.4186559609375 0.27601454062499997
6 0.42733651562499997 0.2761501734375 0.4298683453125 0.267333984375 0.4206452546875 0.26719835000000003 0.4182942703125 0.27601454062499997 0.42733651562499997 0.2761501734375
6 0.43692129687500003 0.26624891562499997 0.4333043984375 0.2761501734375 0.44234664375 0.2761501734375 0.4450593171875 0.2665201828125 0.43692129687500003 0.26624891562499997
6 0.45446325156249995 0.267333984375 0.45446325156249995 0.26719835000000003 0.4456018515625 0.26719835000000003 0.4436125578125 0.27601454062499997 0.45229311406250006 0.27601454062499997 0.45446325156249995 0.267333984375
6 0.46567563593749994 0.2681477859375 0.46621817187500003 0.26719835000000003 0.4573567703125 0.267333984375 0.45518663125 0.27642144062499996 0.4638671875 0.27655707500000004 0.46567563593749994 0.2681477859375
6 0.47616464062499997 0.26787651874999996 0.46784577499999996 0.2677408859375 0.4660373265625 0.27642144062499996 0.4748987265625 0.27642144062499996 0.47616464062499997 0.26787651874999996
6 0.48773871562500004 0.2677408859375 0.47960069375 0.2677408859375 0.4777922453125 0.2761501734375 0.48629195625 0.27574327187500003 0.48773871562500004 0.2677408859375
6 0.499493634375 0.26787651874999996 0.4904513890625 0.2676052515625 0.48864293906249995 0.277099609375 0.4982277203125 0.27696397500000003 0.499493634375 0.26787651874999996
6 0.5090784140625 0.26787651874999996 0.5013020828125 0.26801215312500004 0.50003616875 0.2762858078125 0.5074508109375 0.2761501734375 0.5090784140625 0.26787651874999996
6 0.5211950234375 0.2681477859375 0.5126953125 0.26801215312500004 0.510163484375 0.27696397500000003 0.519024884375 0.27655707500000004 0.5211950234375 0.2681477859375
6 0.534758390625 0.26787651874999996 0.5260778359375 0.26801215312500004 0.5255353015625001 0.2768283421875 0.5338541671875 0.27696397500000003 0.534758390625 0.26787651874999996
6 0.545970775 0.2682834203125 0.5369285296874999 0.2682834203125 0.5363859953125 0.27723524374999997 0.5447048609375 0.277099609375 0.545970775 0.2682834203125
6 0.5559172453125 0.26801215312500004 0.5475983796875 0.2681477859375 0.5466941546874999 0.27696397500000003 0.5548321765625001 0.2768283421875 0.5559172453125 0.26801215312500004
6 0.5685763890625 0.2685546875 0.55953414375 0.26841905312500003 0.55862991875 0.27723524374999997 0.5676721640625 0.27723524374999997 0.5685763890625 0.2685546875
6 0.57906539375 0.2685546875 0.5709273734375 0.2688259546875 0.5703848375 0.2773708765625 0.5777994796875 0.2773708765625 0.57906539375 0.2685546875
6 0.5915436921875 0.2665201828125 0.5803313078125 0.2665201828125 0.5812355328125001 0.2775065109375 0.588469328125 0.27777777812500004 0.5915436921875 0.2665201828125
6 0.602032696875 0.26665581562499996 0.592267071875 0.26679145000000004 0.5917245375 0.2779134109375 0.6009476265625 0.27777777812500004 0.602032696875 0.26665581562499996
6 0.612883390625 0.26624891562499997 0.602936921875 0.2663845484375 0.60347945625 0.277099609375 0.6121600125 0.277099609375 0.612883390625 0.26624891562499997
6 0.617042825 0.267333984375 0.6174045140625 0.27818467812500003 0.6253616890625 0.2783203125 0.6262659140625 0.26665581562499996 0.617042825 0.267333984375
6 0.6380208328125 0.2670627171875 0.62789351875 0.26719835000000003 0.6286168984375 0.2787272140625 0.637116609375 0.27886284687499996 0.6380208328125 0.2670627171875
6 0.639105903125 0.27899848125000004 0.6485098375 0.2792697484375 0.6485098375 0.2677408859375 0.639105903125 0.26787651874999996 0.639105903125 0.27899848125000004
6 0.649956596875 0.26746961874999997 0.6503182875 0.2791341140625 0.6593605328125001 0.27940538125000003 0.6599030671875 0.2804904515625 0.6599030671875 0.26787651874999996 0.649956596875 0.26746961874999997
6 0.661711515625 0.2792697484375 0.6707537625 0.2791341140625 0.6705729171875 0.267333984375 0.6602647562499999 0.26746961874999997 0.661711515625 0.2792697484375
6 0.6734664359375 0.2792697484375 0.682146990625 0.27899848125000004 0.68160445625 0.2669270828125 0.671296296875 0.26719835000000003 0.6734664359375 0.2792697484375
6 0.685944734375 0.27886284687499996 0.695167825 0.27940538125000003 0.6944444437499999 0.26746961874999997 0.6852213546875 0.267333984375 0.685944734375 0.27886284687499996
6 0.696795428125 0.27899848125000004 0.70601851875 0.2787272140625 0.7047526046875 0.26746961874999997 0.69534866875 0.2676052515625 0.696795428125 0.27899848125000004
6 0.709454571875 0.2792697484375 0.7199435765625 0.2791341140625 0.718315971875 0.2677408859375 0.708550346875 0.2682834203125 0.709454571875 0.2792697484375
6 0.7204861109375 0.27967664999999997 0.730975115625 0.27967664999999997 0.7284432875 0.2677408859375 0.7190393515625 0.26801215312500004 0.7204861109375 0.27967664999999997
6 0.7320601859375 0.26841905312500003 0.7335069437499999 0.2799479171875 0.7421875 0.2799479171875 0.7400173609375 0.26787651874999996 0.7320601859375 0.26841905312500003
6 0.7429108796875 0.2792697484375 0.75285735 0.2792697484375 0.7506872109375 0.26801215312500004 0.7411024312500001 0.26801215312500004 0.7429108796875 0.2792697484375
6 0.7552083328125 0.27967664999999997 0.7638888890625 0.28008354999999996 0.7615379046874999 0.26841905312500003 0.7521339703125001 0.2685546875 0.7552083328125 0.27967664999999997
6 0.762261284375 0.26869032187499997 0.765154803125 0.2799479171875 0.7741970484375 0.28008354999999996 0.7751012734375 0.28076171875 0.7718460640625 0.2685546875 0.762261284375 0.26869032187499997
6 0.7756438078125 0.28008354999999996 0.7852285875 0.2803548171875 0.7823350687499999 0.2685546875 0.77347366875 0.26869032187499997 0.7756438078125 0.28008354999999996
6 0.78812210625 0.2799479171875 0.7975260421875 0.2804904515625 0.7966218171875 0.26869032187499997 0.7864945015625 0.2688259546875 0.78812210625 0.2799479171875
6 0.2380472421875 0.30389349375 0.2305949578125 0.3168285296875 0.242305690625 0.3168285296875 0.24720290625 0.3043725703125 0.2380472421875 0.30389349375
6 0.25742318124999997 0.30389349375 0.248906284375 0.30389349375 0.24209276875 0.316509146875 0.2521001203125 0.3166688390625 0.25742318124999997 0.30389349375
6 0.26806930156250003 0.30389349375 0.259126559375 0.303733803125 0.25231304374999997 0.3168285296875 0.2633850078125 0.31698822187500003 0.26806930156250003 0.30389349375
6 0.4369167640625 0.31778668125 0.447988728125 0.31778668125 0.4484103140625 0.3046089140625 0.441388134375 0.30453226093749997 0.4369167640625 0.31778668125
6 0.455010909375 0.3181827171875 0.4669345640625 0.3181827171875 0.4669345640625 0.3050879890625 0.457991821875 0.3050879890625 0.455010909375 0.3181827171875
9 0.27445697343750003 0.3960356625 0.27658619687499997 0.3898076828125 0.27530866249999997 0.3813440171875 0.2810575671875 0.3663329875 0.2670046890625 0.3668120640625 0.26040409375 0.38070525 0.26359793125 0.3890092234375 0.2606170171875 0.3958759703125 0.27445697343750003 0.3960356625
9 0.27445697343750003 0.3961953546875 0.28850985156250003 0.3961953546875 0.29191660937499997 0.3898076828125 0.29085199687499996 0.3813440171875 0.29532336875 0.3669717546875 0.28212217968750003 0.3664926796875 0.27573450625 0.3816634 0.2772249640625 0.3890092234375 0.27445697343750003 0.3961953546875
9 0.28936154062499997 0.3960356625 0.302988575 0.396355046875 0.30554364375 0.3902867578125 0.30447903125 0.3821424765625 0.3070341 0.367131446875 0.296600903125 0.3669717546875 0.29106492031250003 0.38230216875 0.2927682984375 0.389647990625 0.28936154062499997 0.3960356625
9 0.3036273421875 0.3958759703125 0.31661560781250003 0.3960356625 0.31917067656250003 0.389967375 0.31789314218750003 0.3829409359375 0.3223645125 0.368728365625 0.322151590625 0.367610521875 0.30852455624999997 0.36745083125 0.30554364375 0.381503709375 0.30596948749999997 0.3894882984375 0.3036273421875 0.3958759703125
9 0.33215894375 0.3821424765625 0.33620446875 0.3668120640625 0.32257743437499997 0.3668120640625 0.31746729687499997 0.3831006265625 0.3193835984375 0.38884953125 0.3168285296875 0.395237203125 0.3183189875 0.401465184375 0.33088140781250003 0.4009861078125 0.3304555640625 0.396355046875 0.3336494 0.389967375 0.33215894375 0.3821424765625
9 0.3457859765625 0.3813440171875 0.3498315015625 0.3664926796875 0.33620446875 0.3664926796875 0.3315201765625 0.3816634 0.333436478125 0.3898076828125 0.3306684859375 0.3958759703125 0.331307253125 0.4005070328125 0.343656753125 0.4008264171875 0.3434438296875 0.3957162796875 0.3468505890625 0.3894882984375 0.3457859765625 0.3813440171875
9 0.360051778125 0.3821424765625 0.364097303125 0.366652371875 0.35047026875 0.3668120640625 0.346211821875 0.38230216875 0.3472764328125 0.389168915625 0.3449342875 0.3958759703125 0.3455730546875 0.4011458 0.3598388546875 0.4008264171875 0.359413009375 0.3958759703125 0.3613293109375 0.389647990625 0.360051778125 0.3821424765625
9 0.378363103125 0.3669717546875 0.3647360703125 0.367131446875 0.360477621875 0.3818230921875 0.3619680796875 0.3893286078125 0.3598388546875 0.3960356625 0.360051778125 0.4005070328125 0.3749563453125 0.4009861078125 0.3745305 0.3958759703125 0.3760209578125 0.3902867578125 0.3745305 0.38230216875 0.378363103125 0.3669717546875
9 0.393267671875 0.3672911390625 0.3790018703125 0.3672911390625 0.3751692671875 0.382461859375 0.376659725 0.389647990625 0.3747434234375 0.3953968953125 0.3751692671875 0.4005070328125 0.3885833796875 0.4005070328125 0.3879446109375 0.3969938140625 0.38943506875 0.390127065625 0.3890092234375 0.3818230921875 0.393267671875 0.3672911390625
9 0.4081722390625 0.367610521875 0.393267671875 0.367610521875 0.3890092234375 0.3826215515625 0.3892221453125 0.3898076828125 0.3885833796875 0.3961953546875 0.3885833796875 0.4005070328125 0.403487946875 0.40066672499999995 0.403275025 0.3965147390625 0.40433963593750005 0.3902867578125 0.40284917968749995 0.3816634 0.4081722390625 0.367610521875
9 0.421373428125 0.3668120640625 0.4083851625 0.3672911390625 0.40263625625 0.3821424765625 0.40391379218749995 0.3906061421875 0.402423334375 0.3961953546875 0.40263625625 0.4008264171875 0.4158374453125 0.4009861078125 0.41455991093750005 0.3971535046875 0.41711498125 0.39044645 0.417327903125 0.3831006265625 0.421373428125 0.3668120640625
9 0.4362779953125 0.366652371875 0.42009589375 0.3669717546875 0.417327903125 0.3826215515625 0.41817959218749995 0.3898076828125 0.4158374453125 0.3965147390625 0.416263290625 0.4005070328125 0.43095493593749995 0.40066672499999995 0.4307420140625 0.3969938140625 0.433722928125 0.3898076828125 0.432658315625 0.381503709375 0.4362779953125 0.366652371875
9 0.43244539375 0.381982784375 0.433722928125 0.389647990625 0.43031616875 0.3979519640625 0.4318066265625 0.40210395156249995 0.44383261875 0.401492459375 0.4435173578125 0.3974728890625 0.44671119375 0.3894882984375 0.44628534843749995 0.3831006265625 0.4492662625 0.36745083125 0.43542630625 0.3672911390625 0.43244539375 0.381982784375
9 0.46204160625 0.367131446875 0.449479184375 0.367131446875 0.446498271875 0.382461859375 0.446924115625 0.3906061421875 0.443943203125 0.397313196875 0.44479489218749996 0.4022636421875 0.4573573140625 0.40178456718750005 0.45757023593749996 0.397792271875 0.46055115 0.389967375 0.4594865375 0.3818230921875 0.46204160625 0.367131446875
9 0.4737523390625 0.3838990859375 0.47822370937500003 0.36792990625 0.4624674515625 0.367131446875 0.46012530468749996 0.383579703125 0.460338228125 0.389967375 0.45757023593749996 0.39763258125 0.45799608125 0.40210395156249995 0.472048959375 0.4022636421875 0.473539415625 0.39763258125 0.474604028125 0.3918836765625 0.4737523390625 0.3838990859375
9 0.48823106093749996 0.3834200109375 0.49121197499999997 0.3682492890625 0.4767332515625 0.3680895984375 0.47332649375 0.3834200109375 0.474604028125 0.390127065625 0.47332649375 0.397313196875 0.4737523390625 0.401944259375 0.489934440625 0.401944259375 0.48844398437500003 0.3984310390625 0.48908275156250003 0.3914046 0.48823106093749996 0.3834200109375
9 0.5065423874999999 0.36745083125 0.4922765875 0.3677702140625 0.48865690624999997 0.383579703125 0.4888698296875 0.3902867578125 0.48865690624999997 0.39859073125 0.48865690624999997 0.40178456718750005 0.5029227078125 0.401944259375 0.5018580953125 0.3982713484375 0.5031356296875 0.3915642921875 0.5029227078125 0.3846975453125 0.5065423874999999 0.36745083125
9 0.5171885078125 0.38373939375 0.520169421875 0.3677702140625 0.5067553109375 0.36745083125 0.5031356296875 0.38373939375 0.5046260859375 0.391244909375 0.5020710171875 0.3992294984375 0.502709784375 0.4022636421875 0.5178272749999999 0.4025830265625 0.5154851296875 0.398910115625 0.517614353125 0.3914046 0.5171885078125 0.38373939375
9 0.25891363749999996 0.44330443593749996 0.2584877921875 0.436277996875 0.26508838749999997 0.41855220624999995 0.2508225859375 0.4182328234375 0.243796146875 0.4361183046875 0.24613829375 0.44298505156249995 0.2425186125 0.45176810156249997 0.243583225 0.45687823906249997 0.25763610312499996 0.45607977968749996 0.25742318124999997 0.45096964218749996 0.25891363749999996 0.44330443593749996
9 0.2748828171875 0.4357989203125 0.2799929546875 0.4187118984375 0.264236696875 0.4182328234375 0.2584877921875 0.43643768749999995 0.2593394828125 0.4434641265625 0.2572102578125 0.451129334375 0.25742318124999997 0.456718546875 0.27275359374999997 0.456718546875 0.2721148265625 0.4522471765625 0.27530866249999997 0.4442625859375 0.2748828171875 0.4357989203125
9 0.28936154062499997 0.4369167640625 0.29468459999999996 0.4182328234375 0.27956711093750003 0.4182328234375 0.2748828171875 0.437236146875 0.27552158437499996 0.4445819703125 0.2721148265625 0.452566559375 0.2721148265625 0.4570379296875 0.28723231718750003 0.45751700624999997 0.28680647187499997 0.45208748437499996 0.28957446249999996 0.44442227812499996 0.28936154062499997 0.4369167640625
9 0.30384026406250003 0.43643768749999995 0.31065378125 0.4182328234375 0.29468459999999996 0.417753746875 0.28914861875 0.4370764546875 0.28957446249999996 0.4434641265625 0.28680647187499997 0.4524068671875 0.287871084375 0.45687823906249997 0.30234980624999996 0.4573573140625 0.3019239625 0.45208748437499996 0.30447903125 0.4447416609375 0.30384026406250003 0.43643768749999995
9 0.3183189875 0.4365973796875 0.32385496874999997 0.41807313125 0.3100150140625 0.41807313125 0.30341441874999997 0.436277996875 0.3049048765625 0.4447416609375 0.301711040625 0.4519277921875 0.30213688437499997 0.4578363890625 0.31789314218750003 0.45751700624999997 0.3168285296875 0.4514487171875 0.3193835984375 0.4442625859375 0.3183189875 0.4365973796875
9 0.333436478125 0.43675707187499996 0.338546615625 0.4187118984375 0.323642046875 0.4187118984375 0.3181060640625 0.4369167640625 0.31980944375 0.44442227812499996 0.3168285296875 0.45208748437499996 0.317041453125 0.4573573140625 0.3325847875 0.45751700624999997 0.33215894375 0.45208748437499996 0.3345010890625 0.44410289531249997 0.333436478125 0.43675707187499996
9 0.3481281234375 0.4373958390625 0.354302871875 0.4183925140625 0.3383336921875 0.4183925140625 0.333436478125 0.4365973796875 0.33471401093750003 0.4442625859375 0.33215894375 0.45176810156249997 0.33215894375 0.45751700624999997 0.3479152 0.457676696875 0.3472764328125 0.45208748437499996 0.3489798125 0.44410289531249997 0.3481281234375 0.4373958390625
9 0.3636714578125 0.437236146875 0.368142828125 0.4195103578125 0.353877028125 0.419350665625 0.3494056578125 0.4369167640625 0.3511090359375 0.4442625859375 0.3485539671875 0.452566559375 0.3489798125 0.4578363890625 0.3632456140625 0.4573573140625 0.36281976875 0.452566559375 0.3647360703125 0.4447416609375 0.3636714578125 0.437236146875
9 0.379427715625 0.43787491406249995 0.384750775 0.41967004843750005 0.36899451875 0.4191909734375 0.3647360703125 0.43787491406249995 0.3653748375 0.4445819703125 0.363032690625 0.45208748437499996 0.3636714578125 0.45751700624999997 0.3777243359375 0.45751700624999997 0.377937259375 0.45288594375 0.3802794046875 0.4447416609375 0.379427715625 0.43787491406249995
9 0.3943322828125 0.4373958390625 0.398377809375 0.419829740625 0.3838990859375 0.41967004843750005 0.3802794046875 0.4373958390625 0.380918171875 0.444901353125 0.3785760265625 0.4527262515625 0.3785760265625 0.45719762187499996 0.39348059375 0.45751700624999997 0.3928418265625 0.45288594375 0.394758128125 0.445380428125 0.3943322828125 0.4373958390625
9 0.40944977343750005 0.43787491406249995 0.4132823765625 0.41998943281249995 0.397313196875 0.419829740625 0.3943322828125 0.43755553125 0.395822740625 0.445380428125 0.39348059375 0.45288594375 0.3943322828125 0.457676696875 0.40944977343750005 0.4581557734375 0.4083851625 0.45336501875 0.410088540625 0.4456998125 0.40944977343750005 0.43787491406249995
9 0.42414141875 0.43819429843749996 0.428612790625 0.4204685078125 0.4132823765625 0.420149125 0.40944977343750005 0.43787491406249995 0.41157899843749995 0.4456998125 0.4092368515625 0.45352471093749996 0.4103014640625 0.45799608125 0.423715575 0.457676696875 0.4235026515625 0.452566559375 0.42520603125 0.44554012031249995 0.42414141875 0.43819429843749996
9 0.438833065625 0.4383539890625 0.4430915125 0.4212669671875 0.42946447968749996 0.4209475828125 0.424993109375 0.4383539890625 0.42627064375 0.4452207375 0.42435434218749996 0.45336501875 0.423928496875 0.4578363890625 0.44053644375 0.4581557734375 0.439258909375 0.4540037859375 0.44053644375 0.4456998125 0.438833065625 0.4383539890625
9 0.4554410125 0.43803460625 0.45863484843749996 0.42110727499999995 0.444369046875 0.4209475828125 0.4398976765625 0.43899275624999995 0.441813978125 0.44554012031249995 0.4398976765625 0.45336501875 0.440323521875 0.45799608125 0.4543764 0.45799608125 0.4543764 0.45336501875 0.45607977968749996 0.4461788875 0.4554410125 0.43803460625
9 0.47034557968749996 0.43803460625 0.47439110468749995 0.42110727499999995 0.45906069374999997 0.4207878921875 0.455653934375 0.4383539890625 0.45607977968749996 0.44697734687499996 0.45352471093749996 0.45320532656249995 0.4543764 0.45895423125 0.47034557968749996 0.459273615625 0.46928096718749995 0.4540037859375 0.4716231140625 0.445380428125 0.47034557968749996 0.43803460625
9 0.48369525468749996 0.4386733734375 0.4875278578125 0.42110727499999995 0.47411374687499996 0.42110727499999995 0.47028114375 0.43819429843749996 0.4707069890625 0.4463385796875 0.46836484218749996 0.454163478125 0.4685777640625 0.459273615625 0.4834823328125 0.45943330624999995 0.4830564875 0.45432317031249997 0.48454694375 0.4463385796875 0.48369525468749996 0.4386733734375
1 0.24166692343750001 0.43675707187499996 0.2482675171875 0.41967004843750005 0.19290769375 0.419350665625 0.1843907984375 0.43643768749999995 0.185029565625 0.442346284375 0.181409884375 0.451129334375 0.18375203125 0.4581557734375 0.24166692343750001 0.4573573140625 0.2406023109375 0.45096964218749996 0.2431573796875 0.44362381875 0.24166692343750001 0.43675707187499996
1 0.257849025 0.381982784375 0.26551423125 0.367131446875 0.2118577875 0.3664926796875 0.2046184265625 0.3816634 0.2073864171875 0.3880510734375 0.202915046875 0.3950775125 0.2035538140625 0.4009861078125 0.2610428609375 0.3995488828125 0.25742318124999997 0.394758128125 0.25997824999999997 0.3882107640625 0.257849025 0.381982784375
7 0.2409689796875 0.7210533328125 0.22737585781249997 0.766003315625 0.309552459375 0.7692471296875001 0.3206741046875 0.721516734375 0.2409689796875 0.7210533328125
7 0.4022328359375 0.726150753125 0.3225277125 0.7229069406249999 0.31325967499999996 0.7687837265625 0.395436275 0.7724909421875 0.4022328359375 0.726150753125
7 0.40594005156249996 0.7256873515625 0.3966720140625 0.773417746875 0.48193796093749997 0.776661559375 0.4862630453125 0.7280043609375 0.40594005156249996 0.7256873515625
7 0.48502730625 0.7761981578125 0.570293253125 0.7775883625 0.5690575140624999 0.7303213703125 0.4881166515625 0.727540959375 0.48502730625 0.7761981578125
7 0.13160613593749998 0.838294009375 0.1180130140625 0.8800001796875 0.20760404375000002 0.8846341984375 0.2168720828125 0.8429280296874999 0.13160613593749998 0.838294009375
7 0.3083167203125 0.8484888515625 0.2168720828125 0.8424646265625 0.20760404375000002 0.8850975999999999 0.2984308140625 0.8901950218750001 0.3083167203125 0.8484888515625
7 0.39790775156249997 0.85265946875 0.308934590625 0.8484888515625 0.2984308140625 0.8901950218750001 0.391111190625 0.8943656375 0.39790775156249997 0.85265946875
7 0.4905881296875 0.854976478125 0.3972898828125 0.8512692625 0.3923469296875 0.8943656375 0.4868809140625 0.8971460499999999 0.4905881296875 0.854976478125
7 0.5820327671875 0.854976478125 0.4918238671875 0.85265946875 0.4881166515625 0.8976094515625 0.5820327671875 0.8994630593749999 0.5820327671875 0.854976478125
7 0.67347740625 0.858220290625 0.5826506375 0.856366684375 0.583886375 0.8999264609375001 0.6765667515625 0.901316665625 0.67347740625 0.858220290625
7 0.22312293749999998 0.7778108078125 0.23822922812499997 0.7196886874999999 0.1573191078125 0.720018165625 0.1460808484375 0.7536561546875 0.188882025 0.754410975 0.1798182484375 0.7744140609375 0.22312293749999998 0.7778108078125