8 0.1194464203125 0 0.0398554203125 0.999565971875 0.9978418515625 0.9930047734375 0.997118340625 0.0221318546875 0.8169532109375 0 0.1194464203125 0
7 0.521875 0.45234375 0.12109375 0.1421875
7 0.64140625 0.44921875 0.115625 0.1359375
7 0.75703125 0.45625 0.10859375 0.12421875
7 0.86328125 0.4578125 0.109375 0.1296875
7 0.421875 0.803125 0.13984375 0.121875
7 0.5515625 0.80546875 0.12890625 0.1109375
7 0.68046875 0.796875 0.13515625 0.10078125
7 0.8015625 0.7953125 0.1234375 0.109375
7 0.91875 0.790625 0.11484375 0.09609375
7 0.45951712499999997 0.5543282984375 0.46241136562499996 0.3798219140625 0.338903334375 0.3751929 0.33651284062500003 0.48394730625 0.39729143906250003 0.481054934375 0.3943971984375 0.5543282984375 0.45951712499999997 0.5543282984375