8 0.49765625 0.53984375 0.9015625 0.66953125
0 0.775 0.29140625 0.01953125 0.02265625
0 0.77421875 0.31640625 0.01875 0.02421875
0 0.77421875 0.33984375 0.01796875 0.02265625
0 0.77421875 0.36328125 0.01796875 0.02421875
0 0.7734375 0.3859375 0.0171875 0.021875
0 0.77265625 0.41015625 0.01953125 0.02265625
0 0.77265625 0.43125 0.02109375 0.015625
0 0.771875 0.44921875 0.0203125 0.01640625
0 0.771875 0.46796875 0.01953125 0.01640625
0 0.77109375 0.4875 0.01875 0.01875
0 0.771875 0.50546875 0.01875 0.0171875
0 0.77109375 0.52421875 0.01875 0.01875
0 0.77109375 0.54296875 0.01796875 0.0171875
0 0.77109375 0.56015625 0.01875 0.0171875
0 0.7703125 0.57890625 0.01875 0.01796875
0 0.7703125 0.5984375 0.01875 0.01875
7 0.65859375 0.3375 0.0171875 0.053125
7 0.6578125 0.3890625 0.015625 0.0515625
7 0.6578125 0.440625 0.01640625 0.0515625
7 0.6578125 0.48984375 0.015625 0.04921875
7 0.6578125 0.54140625 0.01484375 0.05234375
7 0.65625 0.59375 0.0171875 0.05546875
7 0.65625 0.64453125 0.01640625 0.0484375
7 0.6546875 0.6953125 0.01640625 0.05234375
7 0.65546875 0.746875 0.01796875 0.04921875
7 0.6546875 0.7984375 0.0171875 0.0515625
1 0.34296875 0.38359375 0.02109375 0.05078125
1 0.34140625 0.6109375 0.0203125 0.05078125
1 0.33984375 0.78828125 0.02109375 0.05
5 0.34375 0.3015625 0.02109375 0.0140625
5 0.34375 0.31484375 0.02109375 0.01328125
5 0.34375 0.328125 0.02109375 0.01171875
5 0.34375 0.33984375 0.02109375 0.01328125
5 0.34375 0.3515625 0.021875 0.01171875
5 0.3421875 0.465625 0.0203125 0.01328125
5 0.3421875 0.47890625 0.0203125 0.0125
5 0.3421875 0.49140625 0.0203125 0.0125
5 0.3421875 0.50390625 0.021875 0.01328125
5 0.3421875 0.51640625 0.02109375 0.01171875
5 0.3421875 0.52890625 0.0203125 0.0125
5 0.3421875 0.540625 0.02109375 0.01171875
5 0.3421875 0.55234375 0.021875 0.01171875
5 0.34140625 0.56484375 0.0203125 0.01328125
5 0.34140625 0.57734375 0.02109375 0.0125
5 0.340625 0.69375 0.021875 0.01328125
5 0.340625 0.70625 0.021875 0.0125
5 0.340625 0.71953125 0.021875 0.01328125
5 0.33984375 0.7328125 0.021875 0.0109375
5 0.33984375 0.74375 0.02109375 0.0125
5 0.33984375 0.75703125 0.021875 0.0125