8 0.999565971875 0.954109446875 0.999565971875 0.58717168125 0.8504791703125001 0.15109032656250002 0.2616554 0.1587339375 0 0.7328589515624999 0.0094282640625 0.9464358015625001 0.999565971875 0.954109446875
6 0.2949060609375 0.16493439999999998 0.291215575 0.1757511625 0.29984705625 0.1752377046875 0.3031352390625 0.163941790625 0.2949060609375 0.16493439999999998
6 0.310110228125 0.174950659375 0.3119037328125 0.1640444796875 0.3031352390625 0.163941790625 0.30025807968749996 0.1748269515625 0.310110228125 0.174950659375
6 0.3246980109375 0.1644721125 0.3157399515625 0.164763309375 0.3125887671875 0.1759565390625 0.32204229375 0.1759565390625 0.3246980109375 0.1644721125
6 0.3339437890625 0.16416391875 0.326426546875 0.1646606203125 0.32396040937500004 0.1747242578125 0.33218086874999997 0.1746215640625 0.3339437890625 0.16416391875
6 0.3446277984375 0.1632393421875 0.3367021203125 0.163531028125 0.3340989703125 0.174929634375 0.3428674640625 0.1747242578125 0.3446277984375 0.1632393421875
6 0.355106346875 0.1633934375 0.3464296578125 0.16332565000000002 0.34423753281249997 0.17431349375 0.35451310468749997 0.173800046875 0.355106346875 0.1633934375
6 0.3637357390625 0.1740260828125 0.36588474843749996 0.1636337203125 0.3582123109375 0.16312026875000002 0.3557461734375 0.1742108109375 0.3637357390625 0.1740260828125
6 0.374653228125 0.17410811718750002 0.375475275 0.1630175796875 0.368255896875 0.1633934375 0.3682138734375 0.1634283390625 0.3643776546875 0.173800046875 0.374653228125 0.17410811718750002
6 0.3905461234375 0.1628121984375 0.382188653125 0.16260681562499998 0.378813484375 0.172928228125 0.38876502031250004 0.173800046875 0.3905461234375 0.1628121984375
6 0.397807525 0.1727731421875 0.40027366249999996 0.1630175796875 0.3924642265625 0.16260681562499998 0.389724078125 0.17328659375 0.397807525 0.1727731421875
6 0.4091427796875 0.1729474078125 0.4108232453125 0.16250412812499998 0.40191776562500003 0.1622987453125 0.3993146046875 0.1730812125 0.4091427796875 0.1729474078125
6 0.4202377140625 0.17310150468750002 0.4215098421875 0.16250412812499998 0.4123303390625 0.1629148875 0.4108232453125 0.17359466875000001 0.4202377140625 0.17310150468750002
6 0.4311271859375 0.16169837812500001 0.42287993593750006 0.1616826046875 0.42137284218750004 0.1727731421875 0.43096336874999996 0.172875834375 0.4311271859375 0.16169837812500001
6 0.44222211875 0.16200657031250001 0.43356653125 0.1618879859375 0.43233346250000004 0.172670453125 0.44082792031249995 0.172465071875 0.44222211875 0.16200657031250001
6 0.45315860781249995 0.161990675 0.4442767359375 0.1615442828125 0.4426090359375 0.1723623828125 0.4523365609375 0.172157 0.45315860781249995 0.161990675
6 0.4625628296875 0.160927896875 0.45466569999999995 0.16086108593749998 0.45343263125 0.172157 0.4623381359375 0.1720543125 0.4625628296875 0.160927896875
6 0.47265625 0.1671875 0.00859375 0.01171875
6 0.48203125 0.16640625 0.00859375 0.0109375
6 0.49375 0.1671875 0.009375 0.0109375
6 0.50390625 0.16640625 0.01015625 0.01015625
6 0.51484375 0.16640625 0.0078125 0.01015625
6 0.52578125 0.16640625 0.009375 0.01015625
6 0.5359375 0.16640625 0.009375 0.0109375
6 0.5453125 0.16640625 0.009375 0.0109375
6 0.5609375 0.165625 0.009375 0.0109375
6 0.57109375 0.165625 0.00859375 0.0109375
6 0.58203125 0.165625 0.0078125 0.0109375
6 0.59140625 0.165625 0.00859375 0.0109375
6 0.6015625 0.165625 0.0078125 0.0109375
6 0.6125 0.165625 0.00859375 0.01015625
6 0.6234375 0.165625 0.009375 0.0109375
6 0.634375 0.165625 0.00859375 0.0109375
6 0.6484375 0.165625 0.01015625 0.01171875
6 0.65859375 0.16484375 0.0078125 0.0109375
6 0.66875 0.165625 0.00859375 0.0125
6 0.67890625 0.165625 0.00859375 0.01171875
6 0.68984375 0.16484375 0.01015625 0.0109375
6 0.7 0.16484375 0.00859375 0.01171875
6 0.71171875 0.16484375 0.00859375 0.01171875
6 0.72265625 0.165625 0.01015625 0.0109375
6 0.7359375 0.165625 0.01015625 0.0109375
6 0.7453125 0.1640625 0.00703125 0.0078125
6 0.75703125 0.16484375 0.01015625 0.0109375
6 0.76875 0.16484375 0.009375 0.01015625
6 0.7765625 0.1640625 0.00625 0.009375
6 0.7890625 0.165625 0.009375 0.0109375
6 0.7984375 0.16484375 0.0078125 0.0109375
6 0.8078125 0.1640625 0.00703125 0.0078125
6 0.27167559375 0.2425512375 0.2603644609375 0.24229037656250002 0.257319159375 0.254289915625 0.26741216562500003 0.2541594828125 0.27167559375 0.2425512375
6 0.26897832187500004 0.254289915625 0.278462271875 0.2541594828125 0.2822036484375 0.242486021875 0.2726326859375 0.2425512375 0.26897832187500004 0.254289915625
6 0.2837698046875 0.24268166562500001 0.2804481390625 0.2540800140625 0.290121434375 0.25402905468750003 0.29412383750000004 0.24274688281249998 0.2837698046875 0.24268166562500001
6 0.3055005796875 0.2419452390625 0.2950809296875 0.24229037656250002 0.29247066875 0.25376819375 0.30169359375 0.2539638375 0.3055005796875 0.2419452390625
6 0.304456728125 0.253590709375 0.3137878046875 0.2535725484375 0.3175291734375 0.24150779843749998 0.3066530890625 0.241768659375 0.304456728125 0.253590709375
6 0.3159390953125 0.2534928484375 0.3247509 0.2535073375 0.329275346875 0.24170344375 0.31813824375 0.24150779843749998 0.3159390953125 0.2534928484375
6 0.3274214640625 0.2530035421875 0.3370191265625 0.25318125937499997 0.341282546875 0.24092086406250002 0.330841503125 0.241116509375 0.3274214640625 0.2530035421875
6 0.3398172015625 0.2531992640625 0.3485912765625 0.25298561406250003 0.3520716359375 0.241573015625 0.34215264375 0.2413773703125 0.3398172015625 0.2531992640625
6 0.3571712359375 0.24116235000000003 0.35540595625 0.25246389687500004 0.36454186875 0.25246389687500004 0.36741315625 0.241116509375 0.3571712359375 0.24116235000000003
6 0.3797445265625 0.2408687671875 0.368631275 0.241116509375 0.3671521296875 0.25233347031250003 0.3761140203125 0.2525291140625 0.3797445265625 0.2408687671875
6 0.388617265625 0.251829209375 0.3913405515625 0.240529575 0.3814215609375 0.2404643578125 0.3791593296875 0.25239868125 0.388617265625 0.251829209375
6 0.3995777078125 0.2524163765625 0.402042621875 0.24033393125 0.3918626046875 0.2402687140625 0.39020942812500004 0.25233347031250003 0.3995777078125 0.2524163765625
6 0.4024483 0.25202493125 0.41169199531249995 0.25194218125 0.4144762625 0.2407904359375 0.40412223125 0.24033393125 0.4024483 0.25202493125
6 0.42282537031249995 0.2517465359375 0.4257836765625 0.2402687140625 0.4160386921875 0.24020350000000001 0.4142985203125 0.251550890625 0.42282537031249995 0.2517465359375
6 0.4271758109375 0.2398122109375 0.42619592500000003 0.25143776562500003 0.43518061562500004 0.2512248125 0.43866095781250003 0.2396817796875 0.4271758109375 0.2398122109375
6 0.437808775 0.2510463203125 0.4469267890625 0.2511596015625 0.45023310937499994 0.23974699687499998 0.439618059375 0.23987742500000003 0.437808775 0.2510463203125
6 0.45542377187499994 0.23930298906249997 0.4550505 0.2506378796875 0.4639253859375 0.2507030953125 0.46610060625000005 0.23916006250000002 0.45542377187499994 0.23930298906249997
6 0.4669061390625 0.25065487656249996 0.4759325859375 0.25057266875 0.4774117390625 0.23929049062500002 0.46688368437500005 0.2390948453125 0.4669061390625 0.25065487656249996
6 0.47864947031250005 0.250557015625 0.48846183749999994 0.25057266875 0.4893319359375 0.23902963281249998 0.4789778953125 0.23916006250000002 0.47864947031250005 0.250557015625
6 0.49848265156249993 0.250557015625 0.499685959375 0.23896441875000002 0.4895059421875 0.23902963281249998 0.48924491718749996 0.2507030953125 0.49848265156249993 0.250557015625
6 0.5018751703125 0.23871582343750003 0.5020726718749999 0.250442234375 0.5110345609375 0.2506378796875 0.5123396921875 0.23902963281249998 0.5018751703125 0.23871582343750003
6 0.51796875 0.24453125 0.00859375 0.0109375
6 0.53046875 0.24453125 0.009375 0.01171875
6 0.5421875 0.24453125 0.0109375 0.0109375
6 0.55703125 0.24453125 0.009375 0.01171875
6 0.56953125 0.24453125 0.01015625 0.0125
6 0.58515625 0.24375 0.01015625 0.0125
6 0.59453125 0.24453125 0.009375 0.0125
6 0.60625 0.24375 0.0109375 0.0125
6 0.61796875 0.24375 0.0109375 0.0125
6 0.62890625 0.24375 0.0109375 0.0125
6 0.63984375 0.24375 0.01015625 0.0125
6 0.24311148437500002 0.2873324140625 0.23876939687499998 0.2984377234375 0.2488013171875 0.2983755796875 0.2521176546875 0.28806006875 0.24311148437500002 0.2873324140625
6 0.254550075 0.2874256625 0.2504594828125 0.29781630468750003 0.260242675 0.2980648734375 0.2633102890625 0.28824649375 0.254550075 0.2874256625
6 0.265988665625 0.287891909375 0.2626470171875 0.2983755796875 0.2717669453125 0.29831343593750004 0.2751661875 0.2883086375 0.265988665625 0.287891909375
6 0.279416575 0.2873324140625 0.2754149125 0.2975055984375 0.2853639203125 0.2975677375 0.2880169875 0.28818435625 0.279416575 0.2873324140625
6 0.29147682812500003 0.287052665625 0.2876024546875 0.2973813125 0.296888190625 0.2973813125 0.3007019734375 0.28781150625 0.29147682812500003 0.287052665625
1 0.208066209375 0.3967610828125 0.2657788921875 0.39814028437500004 0.2639387828125 0.3912442671875 0.267451728125 0.3844736234375 0.2651097703125 0.377953740625 0.2714665234375 0.3588956359375 0.213317996875 0.35904906875 0.2070625109375 0.3769506859375 0.20923719687500003 0.3834705578125 0.20589153906250002 0.3924980828125 0.208066209375 0.3967610828125
1 0.17895894375000002 0.44913375625 0.1756132859375 0.45728361250000005 0.1777879640625 0.4645557765625 0.23934816093750003 0.4628004296875 0.2380099015625 0.45753437343750003 0.242024696875 0.447127646875 0.23951545 0.44173620468749997 0.2460394921875 0.42330500937500004 0.2482141625 0.42067198125000005 0.18923505625 0.4205734578125 0.188326809375 0.42317962343750004 0.1836428765625 0.42317962343750004 0.17695154531249999 0.44261388437500004 0.17895894375000002 0.44913375625
1 0.672511678125 0.44531511406249996 0.6734255953125 0.455042015625 0.672146121875 0.4602479546875 0.7388612953125 0.459836959375 0.7395924421875 0.4544940171875 0.7359368046875 0.44504112031250004 0.7372162640625 0.43915018124999994 0.7335606593749999 0.4187374078125 0.731550053125 0.41695642343749995 0.6680867515625 0.41698317031250004 0.6694044015625 0.424217353125 0.671049434375 0.41928540625000005 0.6723289078125 0.438054196875 0.672511678125 0.44531511406249996
0 0.14649062968749998 0.5225485828124999 0.1420250375 0.534205590625 0.150956228125 0.554057109375 0.18313931875 0.552441290625 0.17467007968749998 0.533166846875 0.17821176875 0.5211635921875 0.1762099453125 0.5140078124999999 0.18344728593749998 0.49357920625 0.18421722499999998 0.4921942171875 0.189298765625 0.492655878125 0.19114659843749998 0.4885009078125 0.158259365625 0.48828711562500005 0.1568077 0.49242504531250003 0.1512642015625 0.492078796875 0.143256921875 0.5152773828125 0.14649062968749998 0.5225485828124999
0 0.2102408625 0.5141232312499999 0.21701625937500002 0.49311753906250005 0.2219438078125 0.4912708875 0.22394563125000003 0.48838549374999995 0.1916085578125 0.4885009078125 0.19053065 0.492078796875 0.18452519375 0.49254046406249996 0.1777498109375 0.5145848875000001 0.1797516203125 0.522202334375 0.17651791249999998 0.5332822562499999 0.1862010734375 0.55236830625 0.2168622671875 0.55267211875 0.20916296874999998 0.533397675 0.21332059218750002 0.5218560875 0.2102408625 0.5141232312499999
0 0.211472759375 0.5140078124999999 0.213936528125 0.5213944296874999 0.21008688593749997 0.5338593421875 0.2165543 0.5533646140624999 0.24904535156250002 0.5534800328125 0.24334787656249998 0.5338593421875 0.24673556093750001 0.522086925 0.24427179375 0.5145848875000001 0.2505852171875 0.492078796875 0.25289500781249996 0.4976187578125 0.25570895781249997 0.48794073125 0.22363765 0.48861632187500004 0.22332968281249999 0.492078796875 0.21963401718750003 0.4927712921875 0.211472759375 0.5140078124999999
5 0.267332596875 0.3974540859375 0.279526759375 0.3973513984375 0.2791157203125 0.3925247609375 0.2822670296875 0.3842065265625 0.2811709171875 0.3772233203125 0.2869254671875 0.3594572125 0.272316146875 0.3586477671875 0.266784540625 0.3774287046875 0.268428696875 0.3848226921875 0.26582545625 0.3924220734375 0.267332596875 0.3974540859375
5 0.29610535 0.377531403125 0.30048976562499996 0.3591491296875 0.28761054218750004 0.35904643593749996 0.281855990625 0.3772233203125 0.283089109375 0.38307689218749996 0.2803488390625 0.39231937656250004 0.28053494375 0.39748158437500003 0.295831328125 0.3975567828125 0.294735215625 0.392216678125 0.2966534078125 0.384514609375 0.29610535 0.377531403125
5 0.3152871828125 0.358738353125 0.3007638015625 0.3591491296875 0.2963793734375 0.37681254062499997 0.2974754859375 0.3841038390625 0.2951462546875 0.3925247609375 0.29624236875 0.3972487 0.310328084375 0.3977897890625 0.309806665625 0.3929355421875 0.3117248453125 0.384514609375 0.3111767890625 0.3778394859375 0.3152871828125 0.358738353125
5 0.3295365546875 0.35822488125 0.315698221875 0.3583275734375 0.3117248453125 0.37650445625 0.312272903125 0.3841038390625 0.3103547109375 0.3924220734375 0.31131380625 0.397146003125 0.32512191874999996 0.3971733796875 0.324467065625 0.39283284375 0.32665927968749997 0.384411921875 0.3258372 0.376709846875 0.3295365546875 0.35822488125
5 0.344470975 0.359251821875 0.3295365546875 0.3591491296875 0.3265222625 0.3772233203125 0.32720732343750003 0.3835903609375 0.32515212656250003 0.39273015624999996 0.326248240625 0.3972487 0.3411485734375 0.39732748125 0.33981253749999996 0.39273015624999996 0.34186773593750003 0.38389844375000004 0.3411826609375 0.3772233203125 0.344470975 0.359251821875
5 0.3406346171875 0.39149782499999997 0.342278775 0.397146003125 0.35680215625 0.397146003125 0.3554320328125 0.391395128125 0.357076190625 0.3841038390625 0.3562541125 0.3770179296875 0.3596408671875 0.3586477671875 0.3452930546875 0.3589437390625 0.34186773593750003 0.37681254062499997 0.3426898140625 0.38379575625 0.3406346171875 0.39149782499999997
5 0.37091452343750003 0.37609368125 0.3744768484375 0.35884104687499996 0.35967943125 0.3589437390625 0.35680215625 0.37763409531250003 0.358035275 0.383179590625 0.35584307187499997 0.3917032109375 0.35902445781250003 0.3971733796875 0.369955415625 0.39694061718749996 0.369955415625 0.3924220734375 0.37242165156249996 0.3835903609375 0.37091452343750003 0.37609368125
5 0.370906653125 0.3925247609375 0.37159171406249997 0.39652983750000004 0.385978090625 0.39601636875 0.3855670515625 0.3917032109375 0.3873482390625 0.38389844375000004 0.3858410859375 0.376196375 0.388612128125 0.35880186875 0.3747430234375 0.35884104687499996 0.370906653125 0.37650445625 0.373098865625 0.3842065265625 0.370906653125 0.3925247609375
5 0.386526159375 0.3911897421875 0.38721120937500003 0.39652983750000004 0.40104954218750005 0.3962217546875 0.4009125375 0.392113990625 0.40255669374999997 0.3836930578125 0.4018716203125 0.3766071546875 0.404844253125 0.3583395625 0.390088484375 0.3584302703125 0.38693719843749996 0.37681254062499997 0.387759278125 0.3836930578125 0.386526159375 0.3911897421875
5 0.401734615625 0.3919085953125 0.40228265937499996 0.39652983750000004 0.41625799687500004 0.3961190671875 0.4163950015625 0.3918059078125 0.41762812031249996 0.381947259375 0.4163950015625 0.375477515625 0.419021678125 0.3580313578125 0.40543397031249995 0.3585329640625 0.4024196640625 0.376299071875 0.4031047375 0.384001140625 0.401734615625 0.3919085953125
5 0.417491115625 0.3906762640625 0.4179021546875 0.39529750625000004 0.43228853125000005 0.3948867359375 0.4313294484375 0.3910870453125 0.433247615625 0.382768809375 0.4324255359375 0.37568290625 0.4344319234375 0.35772315312499997 0.4189982671875 0.358019490625 0.41776515 0.37609368125 0.41831319375 0.3828715078125 0.417491115625 0.3906762640625
5 0.44375 0.37578125 0.0140625 0.03828125
5 0.459375 0.37578125 0.015625 0.0375
5 0.475 0.37578125 0.015625 0.03828125
5 0.490625 0.375 0.01484375 0.03671875
5 0.50546875 0.375 0.015625 0.03828125
5 0.52109375 0.37421875 0.01484375 0.03828125
5 0.53671875 0.37421875 0.015625 0.03828125
5 0.55234375 0.37421875 0.015625 0.03828125
5 0.56875 0.37421875 0.015625 0.03828125
5 0.58359375 0.3734375 0.01640625 0.0375
5 0.59921875 0.37421875 0.01640625 0.0375
5 0.6140625 0.37421875 0.01640625 0.0375
5 0.6296875 0.37421875 0.01640625 0.03828125
5 0.64453125 0.3734375 0.0171875 0.03984375
5 0.66015625 0.37265625 0.01640625 0.03828125
5 0.67578125 0.37265625 0.01484375 0.0390625
5 0.690625 0.37265625 0.01640625 0.0390625
5 0.70625 0.37265625 0.015625 0.03828125
5 0.721875 0.37265625 0.01640625 0.0375
5 0.7375 0.37265625 0.015625 0.03671875
5 0.753125 0.37265625 0.0171875 0.03828125
5 0.7618667796875 0.3873895625 0.7621408140625 0.39149733593749997 0.7755680828125 0.3920108046875 0.7763901609375 0.3864653140625 0.7747460046875 0.38040635625 0.7761161515625 0.3695207625 0.7728409015625 0.35402469375 0.75940054375 0.3540139265625 0.761455740625 0.3703423125 0.7613187359375 0.3802009625 0.7618667796875 0.3873895625
5 0.7912388328125 0.37075309375 0.787128440625 0.3539112328125 0.7735641421875 0.3539112328125 0.776578421875 0.3695207625 0.7752082984374999 0.38009827343749997 0.7772634953125 0.3861572328125 0.7771557703124999 0.39177979375 0.790553759375 0.391600025 0.7919239078125 0.3873895625 0.78904663125 0.3802009625 0.7912388328125 0.37075309375
5 0.8032959796875 0.3539112328125 0.78795051875 0.35360315 0.791786878125 0.36993153749999996 0.790553759375 0.3792767140625 0.7926089562499999 0.38605453437500004 0.7913758375 0.3908811703125 0.8071543812499999 0.3914715890625 0.808639490625 0.38584915 0.8052141703125001 0.37968749375 0.8069953328125001 0.37075309375 0.8032959796875 0.3539112328125
5 0.8183674296874999 0.3541166234375 0.803981053125 0.3541166234375 0.807543403125 0.37003423125 0.8063102843750001 0.379584796875 0.8093245640625 0.385541065625 0.8076804078125001 0.391702721875 0.8223591546875 0.3919338953125 0.8228888624999999 0.3862599296875 0.8205596312500001 0.37968749375 0.8219297796875 0.37044501093750004 0.8183674296874999 0.3541166234375
5 0.8345349687500001 0.35421931562500003 0.819189509375 0.35421931562500003 0.8224778234375 0.37003423125 0.8212447046875001 0.379174025 0.8232999015625 0.3857464515625 0.8232999015625 0.391600025 0.8377694 0.39177979375 0.8386453625 0.3863626171875 0.8361791265624999 0.37979019062499997 0.8385083578125 0.3702396203125 0.8345349687500001 0.35421931562500003
5 0.8390564015624999 0.3863626171875 0.8387823921875001 0.39149733593749997 0.8533057734374999 0.391702721875 0.8544018875000001 0.38605453437500004 0.8520726562500001 0.3794821078125 0.85385381875 0.370136928125 0.8494811859375 0.3543328984375 0.834260959375 0.354322009375 0.8386453625 0.37075309375 0.83741224375 0.3805090453125 0.8390564015624999 0.3863626171875
5 0.2617302703125 0.44836614375000006 0.25890687031250004 0.4403614125 0.26479916875 0.42011955937499995 0.2493318859375 0.42048759531249996 0.24294856875 0.43944132500000005 0.24540369062499998 0.44855015781249996 0.2422120328125 0.45673890312500004 0.243796209375 0.4629857609375 0.260257196875 0.46271945625 0.2585386015625 0.45609485000000005 0.2617302703125 0.44836614375000006
5 0.258784121875 0.45673890312500004 0.260625465625 0.4629034703125 0.2767065265625 0.4626274453125 0.27535621093749996 0.45673890312500004 0.27744306406249997 0.448458146875 0.2752334515625 0.4399013640625 0.27950962343749997 0.42073715937499995 0.2650446890625 0.42057959843750004 0.25866136093750003 0.44026940000000003 0.2609937328125 0.44836614375000006 0.258784121875 0.45673890312500004
5 0.277688571875 0.44855015781249996 0.275847228125 0.45646287812499997 0.2764610171875 0.46198338281250007 0.2927875875 0.46179936875000005 0.29094624375 0.457382965625 0.29364688437500003 0.44891819374999997 0.291475459375 0.4400665859375 0.2968385421875 0.4196595203125 0.281248509375 0.41993554531250005 0.2759699890625 0.43925731093750003 0.277688571875 0.44855015781249996
5 0.2915600328125 0.4565548890625 0.29229656875 0.4613393296875 0.30837763125 0.4617073578125 0.30727282499999997 0.456186853125 0.30972794531250003 0.44818212187500006 0.30788660156250003 0.43962533906249995 0.312829871875 0.4197706890625 0.2965930328125 0.4202115703125 0.29168278124999997 0.4391653 0.293278615625 0.44781409375000003 0.2915600328125 0.4565548890625
5 0.3104644828125 0.4476300703125 0.307763853125 0.45646287812499997 0.3086231390625 0.46207539375 0.32494973125 0.46161535468750003 0.32421319375 0.455818825 0.3258090171875 0.4476300703125 0.3251638859375 0.4391001140625 0.3298599734375 0.41938349375 0.3135333921875 0.4195675078125 0.308132121875 0.43824521250000004 0.3104644828125 0.4476300703125
5 0.32421319375 0.45545078906249997 0.32494973125 0.4617073578125 0.34164456875 0.46152334375 0.34029424375 0.45572681406250004 0.34324039375000004 0.44744605625 0.34103078125 0.4395333359375 0.3454137609375 0.41921841875 0.3297372234375 0.419199471875 0.3250724796875 0.43842923593750005 0.325931765625 0.44753806875 0.32421319375 0.45545078906249997
5 0.3406625125 0.4555428 0.34164456875 0.46097129375 0.3583394078125 0.46097129375 0.3572346015625 0.45499075 0.3584621796875 0.44735404531249995 0.3576028703125 0.43925731093750003 0.3619818390625 0.41894228437500003 0.34532725625 0.419199471875 0.3409080328125 0.4387052609375 0.34238110625 0.44735404531249995 0.3406625125 0.4555428
5 0.3568663328125 0.45535877812500003 0.3587076765625 0.4605112546875 0.3747887484375 0.46060325625000004 0.374174959375 0.455818825 0.37491149687499997 0.44799810781250005 0.3736839421875 0.43861325000000007 0.378365828125 0.41894228437500003 0.3623903640625 0.41873943281250003 0.357480121875 0.4391653 0.358953196875 0.4482741328125 0.3568663328125 0.45535877812500003
5 0.3739294625 0.455266775 0.3747887484375 0.4617073578125 0.3900105125 0.46097129375 0.38964224375 0.45609485000000005 0.3916063578125 0.44781409375000003 0.3902560328125 0.4393493140625 0.3932771 0.41894228437500003 0.378594184375 0.41846340781249997 0.374174959375 0.43824521250000004 0.3751570171875 0.4470780203125 0.3739294625 0.455266775
5 0.3903639859375 0.45627886406249996 0.39048675781250003 0.46179936875000005 0.4065678078125 0.46087928125 0.4065678078125 0.45609485000000005 0.40767261406250005 0.4482741328125 0.40619953906250006 0.43879726406249997 0.40929290937499996 0.417699678125 0.39343290625 0.41855541875 0.3897502203125 0.4395333359375 0.39183706093750004 0.44901019687500004 0.3903639859375 0.45627886406249996
5 0.40619953906250006 0.45572681406250004 0.406690578125 0.46060325625000004 0.4226488796875 0.460235228125 0.4226488796875 0.45545078906249997 0.424244703125 0.44818212187500006 0.423139896875 0.43842923593750005 0.42586098906250003 0.4197706890625 0.4097594765625 0.41975152187500003 0.406690578125 0.4385212390625 0.40804088125 0.44919421875000004 0.40619953906250006 0.45572681406250004
5 0.42331614375 0.4555428 0.42356166406250007 0.46014321718750006 0.4395199640625 0.4605112546875 0.43988823281249995 0.4548987390625 0.44087029062500005 0.44680199531250003 0.440502021875 0.438889275 0.4424290671875 0.4194945546875 0.42687608125 0.4195675078125 0.42331614375 0.4376931625 0.42429820156250003 0.4470780203125 0.42331614375 0.4555428
5 0.43964273593750003 0.45545078906249997 0.440133753125 0.46060325625000004 0.4571968609375 0.460235228125 0.4557237859375 0.45572681406250004 0.457933396875 0.44744605625 0.45609205468749997 0.43842923593750005 0.4586289671875 0.41990875625 0.44295715312499995 0.419843534375 0.4395199640625 0.437877184375 0.44062477031249997 0.44726204375 0.43964273593750003 0.45545078906249997
5 0.456214825 0.45453070156250003 0.45707411093749994 0.4610633046875 0.47229587500000003 0.46087928125 0.47278691562499997 0.45545078906249997 0.47364620156250004 0.44670999218749996 0.47229587500000003 0.43760115937500005 0.47519704531249995 0.42018489062500003 0.4589154546875 0.419843534375 0.45658309375000006 0.43760115937500005 0.457565128125 0.448458146875 0.456214825 0.45453070156250003
5 0.4730324125 0.455634803125 0.47327793281249997 0.45995920312500005 0.489850021875 0.460235228125 0.48948175312500003 0.455266775 0.490218290625 0.4464339671875 0.48948175312500003 0.43861325000000007 0.49158103437499995 0.42018489062500003 0.4763468296875 0.41993554531250005 0.4740144703125 0.4385212390625 0.4746282578125 0.44698601718750003 0.4730324125 0.455634803125
5 0.7392191203125 0.4603139546875 0.75496375 0.4603139546875 0.755593540625 0.45523954531250005 0.7522871656250001 0.445444765625 0.753704184375 0.4380101703125 0.7499254703125 0.41771254375 0.7346245109375 0.41762388437500003 0.7382744406249999 0.4388362296875 0.7373297625 0.4448547109375 0.7392191203125 0.45441347656250003 0.7392191203125 0.4603139546875
5 0.76992116875 0.4380101703125 0.7658275515625 0.4184206 0.750082921875 0.418066571875 0.753704184375 0.4386002140625 0.75307439375 0.445444765625 0.7563807671875 0.45417746093750005 0.7572913046874999 0.46012412343750003 0.7710232828125 0.4601959421875 0.771180734375 0.45441347656250003 0.7688190374999999 0.44568078125 0.76992116875 0.4380101703125
5 0.786295603125 0.4375381296875 0.7814147453125 0.4175945296875 0.7655126640625001 0.41771254375 0.77023605625 0.43777414531250003 0.7686615875 0.4450907375 0.7719679609375001 0.45417746093750005 0.7731108390625 0.46030120781250006 0.787082815625 0.4601959421875 0.787082815625 0.45417746093750005 0.7845636828125 0.4440286515625 0.786295603125 0.4375381296875
5 0.8010955546874999 0.45936987343749996 0.802827475 0.4542954734375 0.8010955546874999 0.4450907375 0.8029849125 0.4388362296875 0.7979463765625 0.41763084531250005 0.7814147453125 0.4179485578125 0.7866104765624999 0.4371841015625 0.785036021875 0.44497272499999996 0.7878700578125 0.4551215328125 0.78724028125 0.4594878859375 0.8010955546874999 0.45936987343749996
5 0.8034572515624999 0.4380101703125 0.8020402328125 0.4448547109375 0.8036146875 0.454059446875 0.8025125718749999 0.45925187031250003 0.81904444375 0.458661815625 0.8196742203125 0.4529973625 0.8179423296874999 0.44520873906249997 0.8188870078124999 0.43919025781250004 0.8127777296875 0.417269715625 0.8114870171874999 0.418066571875 0.79841895625 0.41818458437499995 0.8034572515624999 0.4380101703125
5 0.8146359546875 0.41724050156250003 0.8185721046875001 0.4375381296875 0.8177848640625 0.44461869531250003 0.8199891234375001 0.45370541875 0.819359346875 0.45995992656249995 0.8344742015625 0.45889784218749996 0.8356806359375 0.45481159375 0.8330571843750001 0.44497272499999996 0.8341592984374999 0.43765614218750004 0.8299082468750001 0.41771254375 0.8146359546875 0.41724050156250003
5 0.844078421875 0.4168864734375 0.8291210046874999 0.41712249999999995 0.8343167359375 0.43765614218750004 0.8338443968749999 0.445444765625 0.835733753125 0.4529973625 0.8355763171874999 0.4583077875 0.8505557203125 0.46012412343750003 0.852580528125 0.45453148906249996 0.85021883125 0.44497272499999996 0.8516358500000001 0.4378921578125 0.844078421875 0.4168864734375
5 0.8524230906250001 0.45441347656250003 0.8524230906250001 0.4568916734375 0.8659634625000001 0.457481728125 0.868167721875 0.4550035296875 0.8647039109374999 0.4441466546875 0.8664358015625 0.43765614218750004 0.8604724421875 0.416915546875 0.8437635203125 0.41712249999999995 0.8510060734374999 0.4370660875 0.85021883125 0.4440286515625 0.8524230906250001 0.45441347656250003
5 0.87304855 0.45158125 0.8700570781250001 0.4584258015625 0.8883208703125 0.45771774374999996 0.889580421875 0.45146324687500006 0.8854868343750001 0.444736709375 0.8873761921875 0.4338798328125 0.8815506546874999 0.41617841718750004 0.8663752546874999 0.416207209375 0.87084431875 0.436004003125 0.8702145140624999 0.444736709375 0.87304855 0.45158125
7 0.31640625 0.79375 0.09140625 0.0609375
7 0.403125 0.7890625 0.09140625 0.0546875
7 0.496875 0.78828125 0.09140625 0.05234375
7 0.58828125 0.7875 0.09609375 0.05234375
7 0.6828125 0.7875 0.10078125 0.053125
7 0.7734375 0.778125 0.09609375 0.04296875
7 0.86484375 0.778125 0.09453125 0.0421875
7 0.09520155625 0.7616994796875 0.0834387078125 0.7969574734375 0.1758830703125 0.797999396875 0.1842239140625 0.7636153765625 0.09520155625 0.7616994796875
7 0.269717553125 0.7594476328125 0.1849189421875 0.7594476328125 0.177273190625 0.80008329375 0.21819921406249998 0.8023512484375 0.2134168640625 0.8256107921875 0.2592915 0.8256107921875 0.269717553125 0.7594476328125