8 0 0.712231640625 0.0200953421875 0.946237071875 0.99887386875 0.9445289499999999 0.999565971875 0.5183658765625 0.8678383859375 0.0922027234375 0.24150269375 0.0798838609375 0 0.6481790671875001 0 0.712231640625
1 0.157473590625 0.4221068265625 0.22194377968749998 0.42178252499999996 0.21913131562500002 0.41675575781249996 0.2236745171875 0.40718869843750005 0.22216012968749999 0.3989188640625 0.22843406718749998 0.3771902671875 0.162974915625 0.376994409375 0.156608221875 0.3979459421875 0.15812261875 0.407675159375 0.15444479687499998 0.41399915 0.157473590625 0.4221068265625
6 0.20859375 0.36796875 0.0078125 0.0015625
6 0.24609375 0.1953125 0.00859375 0.028125
6 0.25859375 0.19609375 0.01015625 0.028125
6 0.2703125 0.19609375 0.009375 0.02734375
6 0.2828125 0.196875 0.01171875 0.0296875
6 0.2953125 0.19765625 0.0125 0.03046875
6 0.3078125 0.196875 0.01328125 0.0296875
6 0.31953125 0.1953125 0.01171875 0.02734375
6 0.33359375 0.1953125 0.0125 0.0296875
6 0.3484375 0.196875 0.01171875 0.03125
6 0.36171875 0.19765625 0.01328125 0.03203125
6 0.3734375 0.196875 0.0125 0.03203125
6 0.38671875 0.1984375 0.01015625 0.03125
6 0.39765625 0.19765625 0.01328125 0.03359375
6 0.4109375 0.19765625 0.01171875 0.03125
6 0.42421875 0.1984375 0.0125 0.03203125
6 0.4375 0.19921875 0.01328125 0.0328125
6 0.4515625 0.196875 0.01171875 0.03203125
6 0.465625 0.196875 0.00859375 0.03515625
6 0.47890625 0.19765625 0.01015625 0.03515625
6 0.490625 0.1984375 0.01015625 0.03359375
6 0.50234375 0.1984375 0.0125 0.03046875
6 0.51328125 0.19765625 0.0125 0.03046875
6 0.52734375 0.1984375 0.01328125 0.0328125
6 0.5375 0.1984375 0.01171875 0.03359375
6 0.55234375 0.20078125 0.01171875 0.03671875
6 0.56796875 0.2 0.0109375 0.0359375
6 0.58203125 0.2 0.0109375 0.03515625
6 0.59296875 0.19921875 0.0125 0.03125
6 0.6046875 0.20078125 0.01015625 0.0328125
6 0.61640625 0.20078125 0.01171875 0.034375
6 0.62890625 0.2 0.01171875 0.03359375
6 0.6421875 0.20078125 0.009375 0.03359375
6 0.228125 0.240625 0.0125 0.01875
6 0.23984375 0.2390625 0.01328125 0.01484375
6 0.253125 0.23984375 0.0140625 0.01640625
6 0.2671875 0.23984375 0.0140625 0.01328125
5 0.2796875 0.2390625 0.01484375 0.01484375
1 0.1865234296875 0.34968452499999997 0.248254528125 0.3498429703125 0.245717634375 0.3452477890625 0.24973437031249998 0.3360574125 0.247408890625 0.32924386875 0.25248267812499997 0.3100708453125 0.1929639703125 0.3092264125 0.18588920625 0.327183953125 0.1882146859375 0.337325059375 0.182506675 0.3425540640625 0.1865234296875 0.34968452499999997
5 0.251535884375 0.3514688359375 0.265488803125 0.351310390625 0.2627405140625 0.346398290625 0.26527740781250003 0.3397431921875 0.2640089609375 0.33023591093750004 0.2707740046875 0.3104290703125 0.2559529375 0.3113283953125 0.2517472984375 0.3291267234375 0.25301574531250004 0.340060096875 0.24942181875 0.3476659234375 0.251535884375 0.3514688359375
5 0.2798645484375 0.33134509843750004 0.287898040625 0.3113797984375 0.2703511953125 0.3115382515625 0.2644317703125 0.3291267234375 0.26591163125 0.3386340046875 0.2629519078125 0.3460813859375 0.2676832328125 0.3519881375 0.279653134375 0.35210265937499996 0.2785961015625 0.346398290625 0.2811329953125 0.3386340046875 0.2798645484375 0.33134509843750004
5 0.3050220765625 0.30995370625 0.2881094546875 0.310112159375 0.279653134375 0.330869734375 0.2817672203125 0.3386340046875 0.2785961015625 0.3462398296875 0.280498771875 0.35241956406249997 0.2978015609375 0.35341479374999996 0.29424027656249996 0.34734901875 0.29656575625000003 0.3386340046875 0.2963543609375 0.3311866390625 0.3050220765625 0.30995370625
5 0.317706546875 0.3118551625 0.302696596875 0.3123305265625 0.29698858437500003 0.3294436421875 0.298679840625 0.33657410312499997 0.2959315328125 0.3470321140625 0.2988912546875 0.352894928125 0.31428738125 0.352701465625 0.3100958640625 0.347190559375 0.3141126203125 0.3368910078125 0.311575725 0.3311866390625 0.317706546875 0.3118551625
5 0.3331393265625 0.3115382515625 0.3174951328125 0.312013615625 0.313478396875 0.3310281796875 0.31580387656250003 0.33910936875000003 0.3117871203125 0.347190559375 0.3145354296875 0.35241956406249997 0.3295050640625 0.3519881375 0.32658567656250004 0.347507478125 0.3286997625 0.3389509234375 0.3272199 0.33071127499999997 0.3331393265625 0.3115382515625
5 0.3506861703125 0.3107459828125 0.33250510312500003 0.312013615625 0.3278541234375 0.33039437031249996 0.328488346875 0.33910936875000003 0.3272199 0.347190559375 0.3306024328125 0.3525780234375 0.34535681406249996 0.352701465625 0.34222985 0.34734901875 0.3456123828125 0.3389509234375 0.3434982984375 0.32991900625000004 0.3506861703125 0.3107459828125
5 0.36421627968750003 0.3116967109375 0.34962913906250004 0.3115382515625 0.34476674531249996 0.3311866390625 0.345823796875 0.3395847328125 0.342441265625 0.34655675 0.34540096875000004 0.3525780234375 0.36089153125 0.3529392421875 0.35702840625 0.34734901875 0.359776715625 0.3397431921875 0.359142490625 0.33023591093750004 0.36421627968750003 0.3116967109375
5 0.37859200625 0.3107459828125 0.364004865625 0.310904434375 0.3593538859375 0.33182046249999997 0.359776715625 0.3389509234375 0.35660559687500004 0.3467151953125 0.3608337484375 0.35241956406249997 0.3776943875 0.3529392421875 0.3745752515625 0.34734901875 0.37690075 0.3389509234375 0.3760551125 0.3319789078125 0.37859200625 0.3107459828125
5 0.391038165625 0.331662003125 0.3942092828125 0.3116967109375 0.37919933281249996 0.312172075 0.376873853125 0.3322958265625 0.3783536953125 0.3394262875 0.3758168 0.34734901875 0.37983355625000004 0.352894928125 0.3923066125 0.3525780234375 0.3908267703125 0.347507478125 0.3918838234375 0.3394262875 0.391038165625 0.331662003125
5 0.403125 0.33125 0.0140625 0.0421875
5 0.41875 0.33046875 0.0171875 0.0421875
5 0.43671875 0.33125 0.01796875 0.04140625
5 0.453125 0.33125 0.01484375 0.0421875
5 0.46875 0.33125 0.01484375 0.04140625
5 0.48515625 0.33125 0.01640625 0.04140625
5 0.5015625 0.33046875 0.015625 0.04140625
5 0.51796875 0.33046875 0.01640625 0.0421875
5 0.53359375 0.33046875 0.015625 0.0421875
5 0.54921875 0.33046875 0.01640625 0.0421875
5 0.56640625 0.33046875 0.01640625 0.0421875
5 0.58203125 0.33046875 0.015625 0.04296875
5 0.59765625 0.33203125 0.01328125 0.04140625
5 0.61328125 0.33125 0.01640625 0.04140625
5 0.63046875 0.33203125 0.01640625 0.04140625
5 0.64609375 0.33125 0.01484375 0.03984375
5 0.66171875 0.33203125 0.015625 0.040625
5 0.67734375 0.33203125 0.01484375 0.040625
5 0.6921875 0.3328125 0.01796875 0.040625
5 0.71015625 0.3328125 0.015625 0.03984375
5 0.7265625 0.3328125 0.015625 0.04140625
5 0.74140625 0.33203125 0.01640625 0.03984375
5 0.7578125 0.33359375 0.015625 0.04140625
5 0.7734375 0.3328125 0.01640625 0.04140625
5 0.790625 0.3328125 0.01875 0.0421875
5 0.7993325015625 0.344496834375 0.8006009484375 0.34956737968749996 0.8003895140624999 0.3543210203125 0.8166679312499999 0.3543210203125 0.8166679312499999 0.3506765671875 0.8124397609375 0.343070740625 0.814553865625 0.3322958265625 0.8111713140625 0.3124889796875 0.8001781187500001 0.3124889796875 0.8001781187500001 0.33292963593749997 0.7993325015625 0.344496834375
5 0.8168793265625001 0.35115193125 0.817090759375 0.35463793906249996 0.8318892968749999 0.3554302078125 0.8318892968749999 0.3497258390625 0.8272383359375001 0.34291228125 0.8312550734374999 0.3322958265625 0.825664878125 0.312992828125 0.8113827484374999 0.312805890625 0.8141310374999999 0.33292963593749997 0.8128625890625001 0.34386300937500003 0.8168793265625001 0.35115193125
5 0.8316779015625 0.348299746875 0.8316779015625 0.35447947968750004 0.8490133328124999 0.35495484374999997 0.8485905031250001 0.35004274375 0.8445737671875 0.343070740625 0.8479562796875 0.332454271875 0.8409798203125 0.313122803125 0.8259698890625 0.313122803125 0.8310436781250001 0.3322958265625 0.8285067828124999 0.343070740625 0.8316779015625 0.348299746875
5 0.8488019375 0.35004274375 0.8483791078125 0.35416257500000003 0.86212063125 0.35384565625 0.86212063125 0.34956737968749996 0.8595837375000001 0.3432292015625 0.8644460921875 0.3341972828125 0.8572582375 0.3132812546875 0.8437358734375 0.312992828125 0.8477448843750001 0.33182046249999997 0.8443623718750001 0.342278471875 0.8488019375 0.35004274375
5 0.22670333125000003 0.42194466875 0.2474722484375 0.42162036562500005 0.2450924640625 0.41675575781249996 0.24617419218749997 0.40945884374999997 0.24379440625 0.3981080859375 0.2492029859375 0.3763795046875 0.23175530625000001 0.3772377359375 0.22562160312500001 0.3981080859375 0.228866746875 0.408810225 0.22518892343750002 0.41659359843750005 0.22670333125000003 0.42194466875
5 0.2665104109375 0.3778388875 0.24855395625 0.3771902671875 0.24401075625000002 0.3981080859375 0.2466068703125 0.409621003125 0.2457414921875 0.41659359843750005 0.2483376078125 0.4224311296875 0.26549663125 0.422009878125 0.262399909375 0.41724221874999995 0.26304893749999997 0.40945884374999997 0.2602364734375 0.399405325 0.2665104109375 0.3778388875
5 0.2615345296875 0.416917915625 0.263481615625 0.4214582078125 0.2799236828125 0.42162036562500005 0.277976596875 0.41659359843750005 0.27905830468750004 0.409621003125 0.2781929265625 0.3979459421875 0.2849627796875 0.3779677171875 0.266726759375 0.3781631890625 0.26131818125 0.39956746718749997 0.2639142953125 0.4101074640625 0.2615345296875 0.416917915625
5 0.27884195625 0.41610713749999995 0.2807890421875 0.4212960640625 0.2961494 0.42113390468749995 0.2933369359375 0.416917915625 0.29485134375 0.40945884374999997 0.2933369359375 0.3987567046875 0.3000435734375 0.37702812343750003 0.28360150625 0.37702812343750003 0.2775438984375 0.3981080859375 0.279707334375 0.409783146875 0.27884195625 0.41610713749999995
5 0.29463499375 0.41675575781249996 0.29679842968750003 0.42194466875 0.312591446875 0.4221068265625 0.3106443609375 0.41772867968750005 0.3132404765625 0.4109182265625 0.312807796875 0.3987567046875 0.3167574890625 0.37748106406250004 0.2989618453125 0.377676728125 0.29463499375 0.39908100625 0.2957167015625 0.4092966859375 0.29463499375 0.41675575781249996
5 0.3115097390625 0.41659359843750005 0.312591446875 0.42178252499999996 0.331845978125 0.42178252499999996 0.32946619374999997 0.41708005937500003 0.33033159218749997 0.41059392499999997 0.3296825625 0.3979459421875 0.33330371406250003 0.3779677171875 0.31691831875 0.3780010453125 0.313024146875 0.398594546875 0.313024146875 0.409783146875 0.3115097390625 0.41659359843750005
5 0.33984375 0.4 0.01796875 0.04609375
5 0.3578125 0.40078125 0.01953125 0.0453125
5 0.375 0.40078125 0.0171875 0.04375
5 0.3921875 0.40078125 0.01640625 0.0453125
5 0.409375 0.40078125 0.0171875 0.04453125
5 0.4265625 0.4015625 0.01875 0.04375
5 0.44375 0.4015625 0.015625 0.04296875
5 0.4609375 0.40234375 0.01640625 0.04296875
5 0.478125 0.4015625 0.01875 0.04296875
5 0.74921875 0.40546875 0.01640625 0.0453125
5 0.76640625 0.40546875 0.01640625 0.04375
5 0.784375 0.40546875 0.0171875 0.04375
5 0.8015625 0.40546875 0.015625 0.04296875
5 0.81640625 0.40625 0.01640625 0.04296875
5 0.83359375 0.40703125 0.0171875 0.04375
5 0.85 0.40625 0.0171875 0.04375
5 0.86796875 0.40625 0.01796875 0.04453125
5 0.8979199843749999 0.4054049984375 0.8922950953125 0.3838385765625 0.8741222921875 0.3838385765625 0.8806125781249999 0.40329701093750003 0.87780009375 0.4136748328125 0.8806125781249999 0.42340405 0.8809513609374999 0.42882302968749997 0.8972709546875001 0.4287551203125 0.8981363531250001 0.4232419078125 0.8935931531250001 0.41383699218750003 0.8979199843749999 0.4054049984375
1 0.677250228125 0.42713359375 0.7412877390625 0.4287551203125 0.7415040687500001 0.42259328749999997 0.738258925 0.41464775468750004 0.7412877390625 0.40313485312499997 0.73393209375 0.3818927328125 0.671365828125 0.38210427343750003 0.6755194921875 0.40297269375000005 0.6742214343749999 0.41253976718749996 0.67681755 0.4221068265625 0.677250228125 0.42713359375
0 0.1264704890625 0.485875571875 0.12220590312499999 0.4970630046875 0.130202034375 0.51863878125 0.16218655937499998 0.51843901875 0.1552565625 0.49906076875 0.15898810624999998 0.48747377187499996 0.1576554015625 0.4794827546875 0.1645853984375 0.4553098875 0.16751730468749998 0.44891707187499996 0.13683398125 0.449473675 0.13633239218749998 0.45371168749999996 0.1294024203125 0.45371168749999996 0.1227389703125 0.4768856640625 0.1264704890625 0.485875571875
0 0.192838378125 0.47888342812499995 0.2037664421875 0.4493166171875 0.1688499859375 0.449116834375 0.15818849375 0.4794827546875 0.1616534671875 0.48607535312500005 0.1563227203125 0.5002594234375 0.16325269375 0.51863878125 0.197589871875 0.5199225281250001 0.193104925 0.4996600953125 0.194970696875 0.48667468124999996 0.192838378125 0.47888342812499995
0 0.19816915 0.4870742265625 0.195770309375 0.4996600953125 0.20136760156250003 0.5202370000000001 0.2354844203125 0.5206365453124999 0.24635446718749998 0.47135778593750005 0.2386828734375 0.4505152703125 0.20429950937500002 0.4497161625 0.194171084375 0.47828410000000005 0.19816915 0.4870742265625
7 0.3396759453125 0.849880015625 0.3472937921875 0.82168809375 0.3449132203125 0.8009902015625 0.3496744078125 0.748888646875 0.2608490765625 0.7461331203125 0.254450934375 0.802774490625 0.260164340625 0.8156214515625001 0.2554031765625 0.8473820171875 0.3396759453125 0.849880015625
7 0.39921875 0.8015625 0.09453125 0.10703125
7 0.49609375 0.803125 0.08828125 0.10703125
7 0.5875 0.803125 0.0890625 0.10234375
7 0.63962979375 0.852021175 0.73723379375 0.849880015625 0.7315203875 0.8213312234375 0.734853265625 0.8074136812500001 0.729615946875 0.7485317765625 0.6364146484375001 0.747204125 0.6410581453125 0.8024176531249999 0.6358208265624999 0.8191900625 0.63962979375 0.852021175
7 0.741995025 0.849880015625 0.8296005624999999 0.853805496875 0.8186498375 0.8113391312499999 0.8286483 0.7917118515625 0.8199134156250001 0.75148814375 0.7305682109375 0.7503160656250001 0.7358054421875 0.790998109375 0.734377090625 0.8038450703125 0.741995025 0.849880015625
7 0.8272199484374999 0.8509505953125001 0.91577775 0.8495231765625 0.9091121671875 0.8066999718750001 0.92053898125 0.789570690625 0.915589815625 0.747204125 0.8200781890625001 0.7481749062499999 0.8281722109375 0.7902844 0.821506540625 0.8088411328125 0.8272199484374999 0.8509505953125001
7 0.0696398875 0.7853384765625 0.1598889921875 0.7869024671875 0.16767669062499999 0.7465264234375 0.16980076093750002 0.7427190578125 0.07694326875 0.7388090078125 0.0696398875 0.7853384765625
7 0.171365775 0.741546046875 0.16197569375 0.788075478125 0.20522792812500001 0.785837875 0.20162272187500002 0.814272740625 0.25065978437499997 0.8150547359375 0.2621365671875 0.7454560953125 0.171365775 0.741546046875