6 0.049142759375 0.1807854875 0.0101747484375 0.180136203125 0 0.24311772031249998 0.01942966875 0.2554542984375 0.049142759375 0.1807854875
6 0.093468903125 0.1788376046875 0.051091175 0.17948688906250002 0.029658775 0.2424684359375 0.0700880875 0.2437670046875 0.093468903125 0.1788376046875
6 0.1300014265625 0.1866291328125 0.094530925 0.1854885453125 0.072036503125 0.238572671875 0.1110045140625 0.239871240625 0.1300014265625 0.1866291328125
6 0.1811469609375 0.1729939578125 0.1456945796875 0.173793996875 0.12902724062499998 0.2424684359375 0.1675081375 0.24311772031249998 0.1811469609375 0.1729939578125
6 0.2220633875 0.17688972187500002 0.1880873203125 0.1767176328125 0.16799525312500002 0.2424684359375 0.2040406609375 0.24311772031249998 0.2220633875 0.17688972187500002
6 0.356280509375 0.1781883203125 0.32218347187499996 0.1788376046875 0.308544646875 0.24441631875 0.345077171875 0.24441631875 0.356280509375 0.1781883203125
6 0.5005134421874999 0.17688972187500002 0.466563778125 0.1757430875 0.45423892656250003 0.2463642 0.49223275156249996 0.2457148875 0.5005134421874999 0.17688972187500002
6 0.6315837953125001 0.174941840625 0.5937420015625 0.1757430875 0.5911544828124999 0.2424684359375 0.628174121875 0.2437670046875 0.6315837953125001 0.174941840625
6 0.7667968453125 0.18078790625000002 0.7296911390624999 0.1776921796875 0.7322127375 0.24441873749999998 0.7702065625000001 0.2424708546875 0.7667968453125 0.18078790625000002
6 0.8174553078125 0.1749442578125 0.7793929734375 0.1747685421875 0.7867679875 0.24117225625 0.8237875828125001 0.238575090625 0.8174553078125 0.1749442578125
6 0.8612943375000001 0.1723470921875 0.8269020796875 0.1757430875 0.831581246875 0.23987365781249997 0.8686008421875 0.23597789374999997 0.8612943375000001 0.1723470921875