8 0.989608321875 0.0982643171875 0.3393769796875 0.277340353125 0.33298215781249996 0.7155587859375 0.99951171875 0.976603734375 0.989608321875 0.0982643171875
6 0.4234375 0.30234375 0.01328125 0.00703125
6 0.4234375 0.2953125 0.0125 0.00703125
6 0.4234375 0.3109375 0.01328125 0.00625
6 0.4234375 0.31953125 0.0125 0.0078125
6 0.42265625 0.32890625 0.0125 0.00703125
6 0.42265625 0.33671875 0.0125 0.00625
6 0.42265625 0.34453125 0.01328125 0.00859375
6 0.42265625 0.35390625 0.0125 0.00703125
6 0.42265625 0.365625 0.01171875 0.009375
6 0.42265625 0.375 0.01328125 0.00703125
6 0.41796875 0.71875 0.0125 0.0109375
6 0.41796875 0.70859375 0.01171875 0.01015625
6 0.41796875 0.69921875 0.0125 0.009375
6 0.41796875 0.690625 0.01171875 0.00859375
6 0.41796875 0.68203125 0.01328125 0.00859375
6 0.41796875 0.67265625 0.01328125 0.00859375
6 0.41875 0.6640625 0.0125 0.00859375
6 0.41875 0.65546875 0.01328125 0.00859375
6 0.41875 0.64609375 0.0125 0.01015625
6 0.41875 0.6359375 0.0125 0.00859375
6 0.41875 0.62734375 0.01328125 0.0078125
6 0.41875 0.61875 0.01328125 0.00859375
6 0.41953125 0.61015625 0.01328125 0.00859375
6 0.41953125 0.6015625 0.01328125 0.00859375
6 0.41953125 0.5921875 0.01328125 0.009375
6 0.41953125 0.58359375 0.01328125 0.00859375
6 0.41953125 0.5734375 0.01328125 0.01171875
6 0.41953125 0.56328125 0.01328125 0.00859375
6 0.4203125 0.5546875 0.0125 0.0078125
6 0.4203125 0.54609375 0.01328125 0.00859375
6 0.4203125 0.5375 0.01328125 0.00859375
6 0.4203125 0.52890625 0.0140625 0.0078125
6 0.4203125 0.5203125 0.01328125 0.00859375
6 0.42109375 0.51171875 0.01328125 0.0078125
6 0.42109375 0.5 0.01328125 0.009375
6 0.42109375 0.490625 0.01328125 0.00859375
6 0.421875 0.3828125 0.01328125 0.009375
6 0.421875 0.3921875 0.01328125 0.00859375
6 0.421875 0.4015625 0.01328125 0.00859375
6 0.421875 0.409375 0.0140625 0.00859375
6 0.421875 0.41796875 0.0140625 0.0078125
6 0.421875 0.4265625 0.01328125 0.01015625
6 0.42109375 0.43828125 0.01328125 0.00859375
6 0.42109375 0.44765625 0.01328125 0.00859375
6 0.42109375 0.45625 0.0140625 0.0078125
6 0.42109375 0.48203125 0.01328125 0.0078125
6 0.42109375 0.4734375 0.01328125 0.00859375
6 0.42109375 0.46484375 0.01328125 0.009375
0 0.45859375 0.628125 0.00625 0.053125
0 0.4578125 0.7 0.00546875 0.053125
5 0.50078125 0.30859375 0.015625 0.04140625
5 0.5 0.28125 0.01484375 0.01015625
5 0.5 0.35078125 0.0171875 0.0453125
5 0.4984375 0.4421875 0.01640625 0.0109375
5 0.4984375 0.453125 0.01640625 0.01015625
5 0.4984375 0.4640625 0.015625 0.0109375
5 0.4984375 0.475 0.0171875 0.01171875
5 0.4984375 0.4859375 0.0171875 0.01015625
5 0.49765625 0.496875 0.0171875 0.01171875
5 0.49765625 0.5296875 0.015625 0.0109375
5 0.49765625 0.51875 0.015625 0.01015625
5 0.49765625 0.5078125 0.0171875 0.0109375
5 0.49609375 0.6828125 0.01484375 0.0109375
5 0.496875 0.6734375 0.01484375 0.0109375
5 0.49609375 0.70390625 0.0140625 0.0109375
5 0.49609375 0.69375 0.01484375 0.01328125
5 0.540625 0.715625 0.01484375 0.0109375
5 0.540625 0.7046875 0.01484375 0.01015625
5 0.54140625 0.69296875 0.0140625 0.01015625
5 0.54140625 0.6828125 0.015625 0.0109375
5 0.496875 0.540625 0.015625 0.01015625
5 0.54296875 0.47265625 0.01875 0.01171875
5 0.5421875 0.4609375 0.0171875 0.01171875
5 0.54296875 0.45 0.0171875 0.01015625
5 0.540625 0.6703125 0.01953125 0.01328125
5 0.540625 0.65859375 0.01953125 0.0109375
5 0.540625 0.646875 0.01796875 0.0109375
5 0.54140625 0.63515625 0.0171875 0.0125
5 0.54140625 0.62265625 0.01796875 0.01171875
5 0.54140625 0.61171875 0.01796875 0.0109375
5 0.5421875 0.58828125 0.015625 0.0109375
5 0.5421875 0.57734375 0.015625 0.01015625
5 0.54140625 0.6 0.0171875 0.01171875
5 0.54140625 0.565625 0.0171875 0.0125
5 0.5421875 0.55390625 0.01640625 0.0109375
5 0.5421875 0.54296875 0.0171875 0.0125
5 0.5421875 0.484375 0.01875 0.0125
5 0.5421875 0.496875 0.0171875 0.0125
5 0.54140625 0.53046875 0.01796875 0.0109375
5 0.5421875 0.51953125 0.01796875 0.0109375
5 0.5421875 0.50859375 0.01640625 0.0109375