8 0.1117496125 0 0.028190693750000002 0.654355790625 0.9826839765625 0.6191114 0.987971946875 0.0040986921875 0.1117496125 0
6 0.17109375 0.25546875 0.04375 0.15234375
6 0.21484375 0.25625 0.04296875 0.15078125
6 0.2625 0.2546875 0.0453125 0.15625
6 0.39296875 0.25 0.040625 0.15859375
6 0.515625 0.24375 0.0421875 0.1515625
6 0.653125 0.2421875 0.04453125 0.14609375
6 0.784375 0.2375 0.04140625 0.14765625
6 0.9768753218749999 0.30104620625 0.9849444546875 0.198375221875 0.9622040859375 0.1563290234375 0.9271808609375001 0.154591296875 0.9475329171875 0.1944639609375 0.9409308796875001 0.29909059843749997 0.9768753218749999 0.30104620625
6 0.990625 0.2265625 0.01875 0.1375
6 0.9291939046875 0.300068403125 0.9409308796875001 0.1954417640625 0.9196576750000001 0.1592624796875 0.8886553390625 0.157526575 0.9057200203125 0.1993530703125 0.90058508125 0.300068403125 0.9291939046875 0.300068403125
6 0.888114590625 0.3049575125 0.9020522453125001 0.2022865265625 0.8829796515625 0.1592624796875 0.8479283593750001 0.1589942140625 0.8639071250000001 0.19348615625 0.8573050890625 0.29909059843749997 0.888114590625 0.3049575125
6 0.8441010171875 0.303001859375 0.851436634375 0.198375221875 0.8345647203125001 0.1592624796875 0.8049999218749999 0.16339713125 0.816959290625 0.204242134375 0.8118244171875 0.303001859375 0.8441010171875 0.303001859375
6 0.7140625 0.20625 0.0734375 0.1203125
6 0.57578125 0.2140625 0.06796875 0.125
6 0.45703125 0.22265625 0.07265625 0.12734375
6 0.33203125 0.2171875 0.0859375 0.14296875
6 0.4578125 0.375 0.08828125 0.18515625
6 0.3296875 0.384375 0.08828125 0.18359375
6 0.5890625 0.3734375 0.08984375 0.17734375
6 0.72734375 0.3796875 0.0828125 0.1828125