8 0.5 0.50078125 1 0.9984375
5 0.12734375 0.59296875 0.02421875 0.09921875
5 0.15078125 0.5921875 0.02109375 0.0984375
5 0.1734375 0.5921875 0.02109375 0.09921875
5 0.19453125 0.5921875 0.01796875 0.1
5 0.215625 0.5921875 0.021875 0.1
5 0.23984375 0.590625 0.0234375 0.09453125
5 0.26328125 0.59453125 0.02109375 0.1015625
5 0.2859375 0.5921875 0.02421875 0.096875
5 0.309375 0.5921875 0.021875 0.09921875
5 0.33203125 0.59140625 0.02265625 0.0984375
5 0.35546875 0.5921875 0.02265625 0.1
5 0.37890625 0.59296875 0.02265625 0.1015625
5 0.4015625 0.5921875 0.021875 0.10078125
5 0.4234375 0.5921875 0.02265625 0.1
5 0.44609375 0.59296875 0.02265625 0.10234375
5 0.46953125 0.5921875 0.02265625 0.10078125
5 0.4921875 0.59296875 0.021875 0.103125
5 0.51484375 0.5921875 0.02109375 0.1015625
5 0.5375 0.59296875 0.021875 0.103125
5 0.56171875 0.5921875 0.0265625 0.09921875
6 0.05625 0.18828125 0.015625 0.046875
6 0.07421875 0.1890625 0.01953125 0.04921875
6 0.09375 0.18984375 0.01640625 0.0484375
6 0.13125 0.1921875 0.01484375 0.0484375
6 0.14921875 0.190625 0.0171875 0.046875
6 0.16875 0.1921875 0.0171875 0.0484375
6 0.18671875 0.1921875 0.01640625 0.04921875
6 0.20546875 0.19296875 0.01640625 0.05078125
6 0.225 0.1921875 0.01640625 0.04921875
6 0.24453125 0.1921875 0.0171875 0.04921875
6 0.2625 0.19296875 0.0140625 0.0515625
6 0.30078125 0.19140625 0.015625 0.04921875
6 0.3203125 0.190625 0.01640625 0.04765625
6 0.33984375 0.1921875 0.01640625 0.04921875
6 0.35859375 0.19140625 0.015625 0.0484375
6 0.37734375 0.190625 0.01640625 0.04921875
6 0.39765625 0.1921875 0.01640625 0.05078125
6 0.41640625 0.190625 0.01796875 0.04921875
6 0.4359375 0.19140625 0.015625 0.0515625
6 0.47578125 0.18984375 0.01796875 0.05390625
6 0.49609375 0.18828125 0.0171875 0.0546875
6 0.5140625 0.18984375 0.01796875 0.05546875
6 0.5328125 0.1890625 0.0171875 0.0546875
6 0.553125 0.1890625 0.01640625 0.053125
6 0.5734375 0.1890625 0.01640625 0.05078125
6 0.59296875 0.18984375 0.01484375 0.05390625
6 0.6109375 0.190625 0.0140625 0.05234375
6 0.65 0.18828125 0.01953125 0.05
6 0.6703125 0.1890625 0.01796875 0.05234375
6 0.690625 0.18671875 0.01640625 0.0484375
6 0.70859375 0.18828125 0.015625 0.053125
6 0.72734375 0.1890625 0.015625 0.0515625
6 0.7484375 0.18828125 0.01640625 0.053125
6 0.7671875 0.18828125 0.01640625 0.05390625
6 0.78671875 0.18828125 0.01640625 0.053125
6 0.821875 0.18671875 0.01953125 0.05
6 0.84296875 0.1859375 0.01640625 0.0515625
6 0.8625 0.18515625 0.01640625 0.05234375
6 0.88203125 0.18515625 0.0171875 0.05625
6 0.90234375 0.184375 0.01796875 0.053125
6 0.92109375 0.18515625 0.01796875 0.0515625
6 0.03359375 0.8484375 0.01640625 0.04921875
6 0.05 0.85078125 0.01484375 0.05078125
6 0.0703125 0.85078125 0.01953125 0.0484375
6 0.1078125 0.85546875 0.015625 0.046875
6 0.125 0.85546875 0.01796875 0.04921875
6 0.14609375 0.85625 0.01796875 0.04921875
6 0.16640625 0.85859375 0.01796875 0.05234375
6 0.18671875 0.8578125 0.01640625 0.05078125
6 0.20546875 0.859375 0.01953125 0.04765625
6 0.24921875 0.8609375 0.01640625 0.05390625
6 0.26796875 0.86171875 0.01796875 0.0515625
6 0.2890625 0.8609375 0.01953125 0.04921875
6 0.30859375 0.86171875 0.0171875 0.05
6 0.328125 0.86328125 0.01875 0.0546875
6 0.3484375 0.8640625 0.01796875 0.05390625
6 0.36875 0.8640625 0.01953125 0.05546875
6 0.38828125 0.86328125 0.01796875 0.05078125
6 0.40859375 0.8640625 0.01796875 0.053125
6 0.428125 0.86484375 0.0171875 0.0546875
6 0.44921875 0.86484375 0.01875 0.053125
6 0.4921875 0.86171875 0.01640625 0.05546875
6 0.5125 0.86171875 0.01796875 0.05703125
6 0.5328125 0.8609375 0.01796875 0.0546875
6 0.55234375 0.8609375 0.0171875 0.05625
6 0.57265625 0.8609375 0.01796875 0.0546875
6 0.59453125 0.86171875 0.0171875 0.05546875
6 0.61484375 0.86171875 0.01796875 0.05625
6 0.634375 0.86015625 0.0171875 0.053125
6 0.65390625 0.8609375 0.01640625 0.05625
6 0.67421875 0.859375 0.01875 0.05625
6 0.69453125 0.859375 0.0203125 0.05625
6 0.715625 0.8578125 0.02109375 0.0546875
6 0.73671875 0.85859375 0.0171875 0.05625
6 0.75703125 0.85859375 0.01953125 0.053125
6 0.77734375 0.85546875 0.01875 0.053125
6 0.79765625 0.85703125 0.01875 0.05546875
6 0.81875 0.85625 0.01953125 0.0546875
6 0.8390625 0.85625 0.01875 0.05390625
6 0.859375 0.85546875 0.01953125 0.0515625
6 0.8796875 0.85546875 0.01640625 0.05078125
6 0.9 0.8546875 0.0203125 0.0484375
6 0.92109375 0.85703125 0.01796875 0.05390625
6 0.9421875 0.85546875 0.01796875 0.04765625
6 0.96171875 0.85390625 0.01875 0.04921875
6 0.9828125 0.85234375 0.01953125 0.04765625