8 0.847572953125 0.036933307812499996 0.18055548125 0.037377453125 0.187551671875 0.907289871875 0.76915455 0.9269036203125 0.847572953125 0.036933307812499996
6 0.225 0.11875 0.009375 0.0171875
6 0.23515625 0.11875 0.0109375 0.01796875
6 0.24609375 0.11953125 0.01171875 0.01875
6 0.26875 0.1203125 0.0078125 0.01875
6 0.27890625 0.1203125 0.01015625 0.0171875
6 0.28984375 0.12109375 0.009375 0.01953125
6 0.30078125 0.1203125 0.0078125 0.01875
6 0.3109375 0.12109375 0.0109375 0.01875
6 0.32109375 0.1203125 0.00859375 0.01875
6 0.33125 0.121875 0.009375 0.0203125
6 0.34296875 0.12109375 0.01171875 0.01953125
6 0.3640625 0.12109375 0.00859375 0.0203125
6 0.375 0.12109375 0.01015625 0.02109375
6 0.38515625 0.1203125 0.00859375 0.02109375
6 0.3953125 0.121875 0.01015625 0.021875
6 0.40625 0.12109375 0.00859375 0.01953125
6 0.4171875 0.12109375 0.009375 0.0203125
6 0.42734375 0.121875 0.00859375 0.01953125
6 0.43828125 0.121875 0.0078125 0.02109375
6 0.46015625 0.121875 0.01015625 0.02109375
6 0.47109375 0.121875 0.00859375 0.0203125
6 0.48125 0.12265625 0.00859375 0.0203125
6 0.49140625 0.12265625 0.00859375 0.0203125
6 0.50234375 0.12265625 0.00859375 0.0203125
6 0.5125 0.12265625 0.00859375 0.0203125
6 0.52265625 0.12265625 0.0078125 0.0203125
6 0.5328125 0.1234375 0.009375 0.021875
6 0.5546875 0.1234375 0.01015625 0.02109375
6 0.565625 0.1234375 0.00859375 0.021875
6 0.5765625 0.12421875 0.009375 0.02421875
6 0.58671875 0.12421875 0.00859375 0.021875
6 0.596875 0.1234375 0.0078125 0.0203125
6 0.60859375 0.12421875 0.0078125 0.02109375
6 0.61875 0.12421875 0.00703125 0.0203125
6 0.62890625 0.1234375 0.01015625 0.02109375
6 0.6484375 0.1234375 0.00859375 0.02109375
6 0.659375 0.1234375 0.01015625 0.0203125
6 0.67109375 0.1234375 0.00859375 0.02109375
6 0.68046875 0.1234375 0.009375 0.02109375
6 0.69140625 0.12421875 0.01015625 0.02109375
6 0.7015625 0.1234375 0.009375 0.01953125
6 0.23359375 0.325 0.0078125 0.01484375
6 0.24296875 0.32578125 0.009375 0.015625
6 0.25390625 0.32578125 0.01015625 0.01640625
6 0.271875 0.32578125 0.00859375 0.01640625
6 0.28203125 0.32578125 0.01015625 0.01484375
6 0.29296875 0.3265625 0.00859375 0.01640625
6 0.303125 0.3265625 0.009375 0.015625
6 0.31328125 0.3265625 0.01015625 0.01640625
6 0.32421875 0.3265625 0.009375 0.01640625
6 0.34453125 0.32734375 0.00859375 0.01484375
6 0.3546875 0.32734375 0.009375 0.015625
6 0.36484375 0.32734375 0.009375 0.01640625
6 0.37578125 0.328125 0.01015625 0.015625
6 0.3859375 0.32734375 0.009375 0.015625
6 0.39609375 0.32734375 0.009375 0.015625
6 0.40625 0.328125 0.00859375 0.01640625
6 0.41640625 0.32734375 0.01015625 0.01484375
6 0.42734375 0.328125 0.009375 0.01484375
6 0.43671875 0.328125 0.00859375 0.015625
6 0.446875 0.328125 0.009375 0.015625
6 0.46796875 0.32890625 0.009375 0.01328125
6 0.478125 0.32890625 0.00859375 0.0140625
6 0.48828125 0.32890625 0.01015625 0.01484375
6 0.4984375 0.32890625 0.00859375 0.0140625
6 0.50859375 0.3296875 0.01015625 0.0140625
6 0.51875 0.32890625 0.00859375 0.0140625
6 0.52890625 0.32890625 0.01015625 0.0140625
6 0.5390625 0.32890625 0.009375 0.01328125
6 0.54765625 0.32890625 0.0078125 0.0140625
6 0.55859375 0.32890625 0.00859375 0.0140625
6 0.56953125 0.32890625 0.009375 0.01328125
6 0.5796875 0.32890625 0.00859375 0.01328125
6 0.58984375 0.32890625 0.00859375 0.01328125
6 0.6 0.32890625 0.0078125 0.01328125
6 0.61015625 0.32890625 0.00859375 0.0140625
6 0.6203125 0.32890625 0.00859375 0.01328125
6 0.6296875 0.3296875 0.009375 0.0140625
6 0.640625 0.32890625 0.00859375 0.0140625
6 0.65 0.328125 0.01015625 0.01328125
6 0.6609375 0.3296875 0.00859375 0.0140625
6 0.67109375 0.32890625 0.00859375 0.0140625
6 0.68046875 0.32890625 0.009375 0.01484375
6 0.69140625 0.32890625 0.009375 0.01484375
6 0.70078125 0.32890625 0.0078125 0.0140625
6 0.7109375 0.32890625 0.009375 0.0140625
6 0.7203125 0.328125 0.00859375 0.0140625
6 0.73046875 0.328125 0.009375 0.0140625
6 0.24140625 0.51484375 0.00859375 0.0140625
6 0.25 0.515625 0.0078125 0.0140625
6 0.259375 0.51484375 0.00859375 0.0140625
6 0.2796875 0.515625 0.00859375 0.01328125
6 0.2890625 0.515625 0.009375 0.0140625
6 0.29921875 0.515625 0.00859375 0.0140625
6 0.309375 0.515625 0.009375 0.0140625
6 0.31953125 0.515625 0.009375 0.0140625
6 0.32890625 0.515625 0.00859375 0.0140625
6 0.33828125 0.515625 0.00859375 0.0140625
6 0.3484375 0.51640625 0.0078125 0.01484375
6 0.3578125 0.515625 0.00859375 0.0140625
6 0.36796875 0.51640625 0.0078125 0.0140625
6 0.37734375 0.515625 0.009375 0.0140625
6 0.396875 0.51640625 0.00859375 0.01328125
6 0.40625 0.51640625 0.00859375 0.0140625
6 0.41640625 0.51640625 0.00859375 0.0140625
6 0.42578125 0.51640625 0.009375 0.01328125
6 0.43671875 0.5171875 0.009375 0.01484375
6 0.44609375 0.51640625 0.009375 0.0140625
6 0.45625 0.5171875 0.00859375 0.01484375
6 0.46640625 0.5171875 0.009375 0.01484375
6 0.47578125 0.5171875 0.00859375 0.01484375
6 0.48515625 0.5171875 0.01015625 0.01484375
6 0.4953125 0.5171875 0.009375 0.01484375
6 0.5046875 0.51640625 0.009375 0.0140625
6 0.51484375 0.5171875 0.00859375 0.01484375
6 0.52421875 0.5171875 0.009375 0.01484375
6 0.53359375 0.5171875 0.0078125 0.0140625
6 0.54375 0.5171875 0.00859375 0.01484375
6 0.55390625 0.51796875 0.00859375 0.01484375
6 0.56328125 0.51796875 0.00859375 0.01484375
6 0.57265625 0.51796875 0.00859375 0.015625
6 0.5828125 0.51796875 0.00859375 0.01484375
6 0.59296875 0.5171875 0.0078125 0.01328125
6 0.60234375 0.51796875 0.00859375 0.015625
6 0.61171875 0.51796875 0.00859375 0.01484375
6 0.62109375 0.51796875 0.00859375 0.01328125
6 0.63125 0.51796875 0.00859375 0.01328125
6 0.64140625 0.51796875 0.00859375 0.0140625
6 0.65078125 0.51796875 0.00859375 0.0140625
6 0.66015625 0.51796875 0.00859375 0.0140625
6 0.6703125 0.51796875 0.009375 0.0140625
6 0.68046875 0.51796875 0.009375 0.0140625
6 0.68984375 0.51796875 0.009375 0.0140625
6 0.7 0.51796875 0.009375 0.01328125
6 0.709375 0.51875 0.00859375 0.01328125
6 0.71875 0.51875 0.00859375 0.0140625
5 0.28359375 0.4453125 0.0140625 0.02890625
5 0.296875 0.4453125 0.01171875 0.0296875
5 0.3078125 0.4453125 0.0109375 0.0296875
5 0.31953125 0.4453125 0.01171875 0.0296875
5 0.33125 0.4453125 0.01171875 0.02890625
5 0.3421875 0.4453125 0.0109375 0.0296875
5 0.35390625 0.4453125 0.01171875 0.028125
5 0.365625 0.4453125 0.01171875 0.02890625
5 0.3765625 0.4453125 0.0125 0.0296875
5 0.38828125 0.4453125 0.01015625 0.02890625
5 0.39921875 0.4453125 0.01171875 0.0296875
5 0.4109375 0.4453125 0.01171875 0.02890625
5 0.42265625 0.44609375 0.01171875 0.0296875
5 0.434375 0.44609375 0.0125 0.03125
5 0.4640625 0.446875 0.04453125 0.03203125
5 0.278125 0.24921875 0.01328125 0.02890625
5 0.290625 0.24921875 0.01171875 0.0296875
5 0.30234375 0.24921875 0.0125 0.0296875
5 0.3140625 0.25 0.01171875 0.0296875
5 0.3265625 0.24921875 0.0125 0.02890625
5 0.33828125 0.24921875 0.0109375 0.0296875
5 0.34921875 0.24921875 0.0125 0.0296875
5 0.36171875 0.25 0.0125 0.03046875
5 0.3734375 0.25 0.01171875 0.03046875
5 0.3859375 0.24921875 0.01171875 0.0296875
5 0.39765625 0.24921875 0.0125 0.03046875
5 0.409375 0.24921875 0.01171875 0.03046875
5 0.42109375 0.24921875 0.01171875 0.0296875
5 0.4328125 0.24921875 0.01171875 0.03046875
5 0.4453125 0.24921875 0.01171875 0.0296875
5 0.45703125 0.25 0.0125 0.03046875
5 0.46953125 0.24921875 0.01171875 0.0296875
5 0.48125 0.24921875 0.01171875 0.02890625
5 0.4921875 0.25 0.01171875 0.03125
5 0.5046875 0.25 0.0125 0.03125
5 0.2921875 0.6328125 0.0109375 0.034375
5 0.30234375 0.63203125 0.009375 0.0328125
5 0.3140625 0.6328125 0.0109375 0.03359375
5 0.325 0.6328125 0.0109375 0.0328125
5 0.3359375 0.63359375 0.0109375 0.03515625
5 0.346875 0.6328125 0.009375 0.03515625
5 0.3578125 0.63359375 0.0109375 0.03515625
5 0.36875 0.63359375 0.0109375 0.03515625
5 0.38046875 0.63359375 0.0109375 0.03515625
5 0.390625 0.63359375 0.01015625 0.03515625
5 0.4015625 0.634375 0.01015625 0.0359375
5 0.4296875 0.634375 0.0421875 0.03515625
7 0.6921875 0.69140625 0.04921875 0.05
7 0.646875 0.690625 0.04453125 0.0484375
7 0.60390625 0.6921875 0.04609375 0.05078125
7 0.559375 0.690625 0.04609375 0.0484375
7 0.5140625 0.68984375 0.04296875 0.04453125
7 0.4703125 0.6890625 0.0453125 0.04375
7 0.425 0.68828125 0.0453125 0.04296875
7 0.38046875 0.6890625 0.04375 0.04453125
7 0.3375 0.69140625 0.04296875 0.046875
7 0.2921875 0.68984375 0.0453125 0.046875