11 0.44921875 0.45703125 0.65234375 0.04375
1 0.75859375 0.7921875 0.08984375 0.0671875
11 0.16328125 0.384375 0.1609375 0.04296875
11 0.3484375 0.38515625 0.0546875 0.0359375
11 0.49140625 0.3859375 0.0546875 0.0375
11 0.59296875 0.38515625 0.0546875 0.034375
11 0.70234375 0.384375 0.103125 0.03515625
1 0.67265625 0.7953125 0.09140625 0.0734375
6 0.06796875 0.08359375 0.02578125 0.0453125
6 0.1203125 0.0859375 0.03125 0.04609375
6 0.19296875 0.0859375 0.02265625 0.046875
6 0.21796875 0.08515625 0.02109375 0.046875
6 0.24296875 0.08515625 0.021875 0.0453125
6 0.29140625 0.0875 0.01953125 0.03984375
6 0.31796875 0.0890625 0.021875 0.04453125
6 0.41015625 0.090625 0.01953125 0.04375
6 0.43359375 0.08984375 0.01796875 0.04296875
6 0.45703125 0.08984375 0.015625 0.0453125
6 0.48046875 0.08984375 0.01875 0.0421875
6 0.503125 0.0921875 0.01953125 0.04140625
6 0.52890625 0.0921875 0.01640625 0.0421875
6 0.55078125 0.090625 0.0171875 0.040625
6 0.596875 0.09296875 0.01796875 0.03984375
6 0.62109375 0.09140625 0.01796875 0.0375
6 0.69375 0.09296875 0.01796875 0.040625
6 0.71640625 0.09375 0.01640625 0.0421875
6 0.73984375 0.09375 0.01953125 0.04140625
6 0.76171875 0.09453125 0.01640625 0.040625
6 0.7859375 0.09375 0.015625 0.040625
6 0.80703125 0.0921875 0.01640625 0.03828125
6 0.853125 0.09453125 0.01484375 0.0375
6 0.053125 0.25703125 0.0203125 0.03203125
6 0.07421875 0.259375 0.01796875 0.03203125
6 0.096875 0.25859375 0.02265625 0.03125
6 0.12265625 0.2609375 0.02109375 0.03359375
6 0.1703125 0.2609375 0.02421875 0.03359375
6 0.2390625 0.2625 0.02109375 0.034375
6 0.26328125 0.26328125 0.02265625 0.034375
6 0.28828125 0.26171875 0.0203125 0.03125
6 0.31015625 0.2625 0.01796875 0.03203125
6 0.33359375 0.26171875 0.0171875 0.03203125
6 0.35703125 0.26171875 0.01796875 0.03125
6 0.3796875 0.2625 0.01875 0.03203125
6 0.403125 0.26328125 0.01796875 0.03125
6 0.4234375 0.2625 0.01484375 0.03125
6 0.4484375 0.26328125 0.015625 0.0328125
6 0.47109375 0.2640625 0.01796875 0.03203125
6 0.4921875 0.2640625 0.01875 0.0328125
6 0.515625 0.26328125 0.01640625 0.03125
6 0.53671875 0.26328125 0.0171875 0.03125
6 0.55859375 0.2640625 0.0203125 0.0328125
6 0.58046875 0.2640625 0.0171875 0.03046875
6 0.60390625 0.26484375 0.01796875 0.03125
6 0.62578125 0.26328125 0.015625 0.03125
6 0.6484375 0.26328125 0.0171875 0.03203125
6 0.66875 0.26328125 0.01640625 0.03125
6 0.75390625 0.26328125 0.021875 0.03203125
6 0.77890625 0.2625 0.01484375 0.0328125
6 0.80078125 0.2625 0.01796875 0.03046875
6 0.82265625 0.26328125 0.0171875 0.03203125
6 0.84453125 0.2625 0.01640625 0.0328125
9 0.1 0.56328125 0.02265625 0.0859375
9 0.12890625 0.56484375 0.03125 0.0859375
9 0.17109375 0.565625 0.03125 0.0875
9 0.2 0.5640625 0.025 0.08359375
9 0.22734375 0.5625 0.028125 0.0875
9 0.36015625 0.55703125 0.02734375 0.0859375
9 0.3859375 0.55703125 0.025 0.08515625
9 0.41015625 0.5578125 0.02265625 0.0859375
9 0.43359375 0.55625 0.0234375 0.08515625
9 0.45625 0.55625 0.021875 0.08515625
9 0.478125 0.55625 0.0234375 0.0859375
9 0.621875 0.55078125 0.02890625 0.08828125
9 0.64921875 0.55 0.0234375 0.0875
9 0.671875 0.55 0.02109375 0.08515625
9 0.69375 0.55078125 0.021875 0.08671875
9 0.71875 0.55234375 0.02265625 0.08515625
9 0.74453125 0.5515625 0.028125 0.0859375
2 0.51328125 0.5625 0.0265625 0.0890625
9 0.13046875 0.69375 0.02421875 0.07890625
9 0.15390625 0.69296875 0.02265625 0.07890625
9 0.17734375 0.69375 0.021875 0.0796875
9 0.19765625 0.69375 0.02109375 0.08046875
9 0.2203125 0.690625 0.021875 0.0734375
9 0.2421875 0.6921875 0.01953125 0.075
9 0.265625 0.69140625 0.025 0.07265625
9 0.2921875 0.690625 0.028125 0.0703125
10 0.50546875 0.68515625 0.08671875 0.06875
10 0.5921875 0.6828125 0.0875 0.06640625
10 0.67734375 0.68046875 0.08515625 0.06796875
10 0.7625 0.6796875 0.08671875 0.0671875