8 0.41953125 0.496875 0.61875 0.9375
0 0.3515625 0.0859375 0.0234375 0.021875
0 0.3734375 0.0859375 0.02265625 0.021875
0 0.39765625 0.0859375 0.02109375 0.021875
0 0.4203125 0.08515625 0.025 0.02109375
0 0.44375 0.0859375 0.02109375 0.021875
0 0.46875 0.08671875 0.025 0.0234375
0 0.49140625 0.08671875 0.02265625 0.02265625
0 0.5140625 0.0859375 0.02421875 0.02421875
7 0.23203125 0.221875 0.05234375 0.02890625
7 0.33046875 0.221875 0.0515625 0.02578125
7 0.38203125 0.22109375 0.04765625 0.025
7 0.43125 0.22109375 0.05 0.02421875
7 0.4828125 0.22109375 0.04921875 0.02265625
7 0.53125 0.2203125 0.0515625 0.02421875
7 0.58125 0.22109375 0.05390625 0.02265625
7 0.63203125 0.21953125 0.0484375 0.02421875
7 0.68203125 0.21875 0.05546875 0.02578125
7 0.46171875 0.3859375 0.05 0.025
7 0.51015625 0.38515625 0.046875 0.0234375
7 0.56015625 0.38515625 0.04609375 0.02421875
7 0.609375 0.384375 0.0515625 0.0265625
3 0.33515625 0.2546875 0.053125 0.02890625
3 0.38359375 0.253125 0.04296875 0.02734375
3 0.428125 0.25078125 0.04140625 0.0234375
3 0.478125 0.25 0.05078125 0.02265625
3 0.53359375 0.2484375 0.05078125 0.02109375
3 0.58203125 0.2484375 0.05078125 0.0203125
3 0.62734375 0.24921875 0.04140625 0.021875
3 0.675 0.2484375 0.04921875 0.02265625
3 0.4640625 0.3609375 0.04140625 0.01875
3 0.5125 0.36015625 0.04453125 0.01953125
3 0.55859375 0.35859375 0.04140625 0.02265625
3 0.60859375 0.359375 0.04140625 0.02109375
1 0.19765625 0.4375 0.053125 0.02421875
1 0.5140625 0.43515625 0.053125 0.02421875
1 0.196875 0.51171875 0.0453125 0.021875
5 0.23125 0.4375 0.01328125 0.021875
5 0.24296875 0.4375 0.0125 0.0234375
5 0.2546875 0.43671875 0.0125 0.025
5 0.2671875 0.4375 0.01328125 0.021875
5 0.27890625 0.43671875 0.01328125 0.02265625
5 0.29140625 0.4375 0.0140625 0.0234375
5 0.303125 0.4359375 0.01015625 0.021875
5 0.3140625 0.4359375 0.0125 0.02265625
5 0.325 0.4359375 0.01171875 0.02265625
5 0.33828125 0.43515625 0.01328125 0.02109375
5 0.35078125 0.43671875 0.0125 0.02109375
5 0.3640625 0.4375 0.01328125 0.021875
5 0.37578125 0.43671875 0.0109375 0.02265625
5 0.3859375 0.43515625 0.01171875 0.0234375
5 0.396875 0.4375 0.01171875 0.0234375
5 0.409375 0.43671875 0.0125 0.021875
5 0.54609375 0.43515625 0.01328125 0.0234375
5 0.55859375 0.43515625 0.01171875 0.02421875
5 0.56953125 0.43515625 0.01328125 0.0234375
5 0.58203125 0.43515625 0.01015625 0.02265625
5 0.59296875 0.4359375 0.0109375 0.0234375
5 0.60546875 0.4359375 0.015625 0.0234375
5 0.22734375 0.51328125 0.01015625 0.0234375
5 0.2390625 0.5125 0.0109375 0.02265625
5 0.25078125 0.51171875 0.0109375 0.021875
5 0.2625 0.51171875 0.01171875 0.021875
5 0.27421875 0.51171875 0.01015625 0.021875
5 0.2875 0.5125 0.01484375 0.02109375
5 0.3 0.51171875 0.0109375 0.021875
5 0.309375 0.51171875 0.009375 0.0234375
5 0.321875 0.51171875 0.01171875 0.0234375
5 0.334375 0.5109375 0.0109375 0.02265625
5 0.3453125 0.5109375 0.0140625 0.02265625
5 0.3578125 0.51015625 0.01015625 0.021875
5 0.36953125 0.5109375 0.01328125 0.02109375
5 0.38203125 0.51171875 0.0109375 0.021875
5 0.39140625 0.51171875 0.0125 0.021875
5 0.4046875 0.51171875 0.01484375 0.02109375
5 0.42734375 0.5109375 0.0125 0.02109375
5 0.440625 0.51015625 0.01328125 0.02109375
5 0.45078125 0.51015625 0.0109375 0.0203125
5 0.46328125 0.5109375 0.0125 0.021875
0 0.4390625 0.17109375 0.06875 0.04453125
0 0.48046875 0.1734375 0.01171875 0.03828125
7 0.2569100984375 0.23390637656250002 0.2818307125 0.23353279374999997 0.2830767359375 0.2499699046875 0.305452690625 0.2498309078125 0.306003709375 0.210744996875 0.2579069296875 0.20999785 0.2569100984375 0.23390637656250002
7 0.6851109578125001 0.3732892796875 0.6594427031250001 0.372915715625 0.6594427031250001 0.3572257515625 0.6376885578125 0.356901296875 0.6342729203124999 0.39757137187499997 0.684114103125 0.3968242234375 0.6851109578125001 0.3732892796875
0 0.42109375 0.4359375 0.0078125 0.0234375
0 0.43203125 0.4359375 0.0109375 0.021875