8 0.459375 0.509375 0.65234375 0.96484375
0 0.37265625 0.06328125 0.0234375 0.02578125
0 0.3953125 0.0625 0.0234375 0.02421875
0 0.41953125 0.06328125 0.025 0.02578125
0 0.44375 0.0625 0.0234375 0.02421875
0 0.4671875 0.0625 0.02265625 0.02421875
0 0.490625 0.0625 0.0234375 0.02421875
0 0.5140625 0.0625 0.02265625 0.025
0 0.5375 0.06328125 0.025 0.02578125
7 0.35390625 0.2 0.0515625 0.02421875
7 0.2515625 0.2015625 0.0515625 0.025
7 0.40390625 0.1984375 0.04921875 0.02421875
7 0.453125 0.19921875 0.05 0.025
7 0.503125 0.1984375 0.05 0.02421875
7 0.55390625 0.19765625 0.05078125 0.02421875
7 0.60390625 0.19765625 0.05078125 0.02578125
7 0.653125 0.19765625 0.05078125 0.02421875
7 0.703125 0.19765625 0.05 0.025
7 0.48125 0.3640625 0.05390625 0.02578125
7 0.5328125 0.36328125 0.05 0.0234375
7 0.5828125 0.3640625 0.0515625 0.0265625
7 0.63359375 0.3640625 0.05 0.02578125
1 0.22109375 0.415625 0.05078125 0.025
1 0.21875 0.49140625 0.04921875 0.0234375
1 0.5375 0.41328125 0.0484375 0.0234375
5 0.2515625 0.415625 0.01171875 0.02265625
5 0.2640625 0.415625 0.01171875 0.02265625
5 0.275 0.415625 0.01171875 0.02265625
5 0.28828125 0.41484375 0.01328125 0.0234375
5 0.30078125 0.41484375 0.01015625 0.02421875
5 0.31171875 0.41484375 0.01171875 0.02421875
5 0.32421875 0.41484375 0.01171875 0.02421875
5 0.3359375 0.41484375 0.0109375 0.0234375
5 0.3484375 0.41484375 0.0109375 0.0234375
5 0.359375 0.4140625 0.01171875 0.0234375
5 0.37109375 0.4140625 0.0125 0.0234375
5 0.384375 0.41328125 0.01171875 0.02265625
5 0.39609375 0.41328125 0.0125 0.021875
5 0.40703125 0.4140625 0.01171875 0.0234375
5 0.4203125 0.4140625 0.0140625 0.0234375
5 0.43125 0.4140625 0.01171875 0.02265625
5 0.56875 0.41328125 0.01171875 0.02265625
5 0.58046875 0.41328125 0.01328125 0.02109375
5 0.5921875 0.41328125 0.01171875 0.021875
5 0.6046875 0.41328125 0.01171875 0.021875
5 0.61640625 0.41328125 0.0109375 0.021875
5 0.6296875 0.41328125 0.01484375 0.021875
5 0.24765625 0.490625 0.0109375 0.02109375
5 0.259375 0.490625 0.01171875 0.02265625
5 0.2703125 0.490625 0.01171875 0.0234375
5 0.2828125 0.490625 0.01328125 0.0234375
5 0.2953125 0.490625 0.01015625 0.02265625
5 0.30703125 0.490625 0.01328125 0.021875
5 0.3203125 0.490625 0.0109375 0.0234375
5 0.33046875 0.48984375 0.0109375 0.0234375
5 0.34375 0.48984375 0.00859375 0.02109375
5 0.35390625 0.48984375 0.0125 0.021875
5 0.36640625 0.48984375 0.01171875 0.02265625
5 0.37890625 0.48984375 0.01171875 0.02109375
5 0.39140625 0.4890625 0.01171875 0.021875
5 0.403125 0.48828125 0.01328125 0.021875
5 0.415625 0.4890625 0.0140625 0.021875
5 0.42734375 0.4890625 0.0125 0.021875
5 0.4515625 0.4890625 0.0125 0.0234375
5 0.4640625 0.4890625 0.0109375 0.021875
5 0.475 0.4890625 0.01171875 0.021875
5 0.4859375 0.4890625 0.009375 0.02109375
7 0.2770474703125 0.1888446140625 0.2770474703125 0.2120168609375 0.30246151875 0.2122132234375 0.3046327390625 0.22464373124999998 0.326303540625 0.227726846875 0.3286615453125 0.1874699828125 0.2770474703125 0.1888446140625
7 0.6803637734375 0.34932214687499996 0.6817378734374999 0.3344915234375 0.6583010828125 0.335778890625 0.6597525328125 0.3760996671875 0.7108684109375 0.37486378125 0.7094943109375 0.3499400890625 0.6803637734375 0.34932214687499996
0 0.46015625 0.14921875 0.07109375 0.04375
0 0.503125 0.14609375 0.009375 0.0296875