1 0.735204 0.941376 0.0997301 0.117019
9 0.258566 0.693496 0.064427 0.146717
9 0.210101 0.69124 0.066821 0.14665
9 0.309768 0.693934 0.060255 0.144266
9 0.163081 0.690262 0.0632044 0.145006
1 0.824866 0.940934 0.103066 0.118132
10 0.806791 0.706613 0.0576615 0.138173
9 0.507292 0.441336 0.0320661 0.152452
10 0.577111 0.700735 0.0591006 0.141711
9 0.765009 0.448988 0.0407934 0.155278
10 0.533015 0.700244 0.052808 0.142008
9 0.691635 0.446316 0.038234 0.153284
9 0.790475 0.448656 0.0416651 0.157241
8 0.5 0.505332 1 0.989336
9 0.716814 0.447268 0.0401625 0.153253
9 0.482755 0.441351 0.0303167 0.149955
9 0.533432 0.441056 0.0350304 0.155692
9 0.237615 0.429875 0.0349942 0.156168
10 0.761375 0.705867 0.0565783 0.138553
9 0.410426 0.437057 0.0287874 0.154355
9 0.458906 0.439222 0.0298336 0.151662
9 0.740838 0.448303 0.0388765 0.15418
9 0.166751 0.426002 0.0439511 0.159342
9 0.212903 0.429211 0.0374504 0.156674
10 0.625517 0.701545 0.0558741 0.140802
9 0.265671 0.429063 0.0420374 0.157568
9 0.435241 0.438086 0.0286566 0.153144
10 0.716484 0.704595 0.0564476 0.139311
10 0.670479 0.702025 0.053673 0.13862
9 0.13744 0.425729 0.0395105 0.158891
9 0.570017 0.441448 0.0560854 0.157318
9 0.813894 0.448276 0.0472263 0.15717
10 0.851593 0.706006 0.0633984 0.14146
11 0.273645 0.245083 0.179633 0.083961
10 0.7311 0.703715 0.0865883 0.140538
9 0.239981 0.121622 0.4677 0.243063
9 0.2927 0.693772 0.0939711 0.145733
9 0.261002 0.17555 0.514374 0.351099
1 0.735204 0.941376 0.0997301 0.117019
9 0.258566 0.693496 0.064427 0.146717
9 0.210101 0.69124 0.066821 0.14665
9 0.309768 0.693934 0.060255 0.144266
9 0.163081 0.690262 0.0632044 0.145006
1 0.824866 0.940934 0.103066 0.118132
10 0.806791 0.706613 0.0576615 0.138173
9 0.507292 0.441336 0.0320661 0.152452
10 0.577111 0.700735 0.0591006 0.141711
9 0.765009 0.448988 0.0407934 0.155278
10 0.533015 0.700244 0.052808 0.142008
9 0.691635 0.446316 0.038234 0.153284
9 0.790475 0.448656 0.0416651 0.157241
8 0.5 0.505332 1 0.989336
9 0.716814 0.447268 0.0401625 0.153253
9 0.482755 0.441351 0.0303167 0.149955
9 0.533432 0.441056 0.0350304 0.155692
9 0.237615 0.429875 0.0349942 0.156168
10 0.761375 0.705867 0.0565783 0.138553
9 0.410426 0.437057 0.0287874 0.154355
9 0.458906 0.439222 0.0298336 0.151662
9 0.740838 0.448303 0.0388765 0.15418
9 0.166751 0.426002 0.0439511 0.159342
9 0.212903 0.429211 0.0374504 0.156674
10 0.625517 0.701545 0.0558741 0.140802
9 0.265671 0.429063 0.0420374 0.157568
9 0.435241 0.438086 0.0286566 0.153144
10 0.716484 0.704595 0.0564476 0.139311
10 0.670479 0.702025 0.053673 0.13862
9 0.13744 0.425729 0.0395105 0.158891
9 0.570017 0.441448 0.0560854 0.157318
9 0.813894 0.448276 0.0472263 0.15717
10 0.851593 0.706006 0.0633984 0.14146
11 0.273645 0.245083 0.179633 0.083961
10 0.7311 0.703715 0.0865883 0.140538
9 0.239981 0.121622 0.4677 0.243063
9 0.2927 0.693772 0.0939711 0.145733
9 0.261002 0.17555 0.514374 0.351099
