6 0.243152 0.293093 0.485595 0.571967
6 0.252886 0.194284 0.503577 0.388186
0 0.906178 0.231918 0.0970911 0.124365
0 0.841682 0.233246 0.0959227 0.124622
9 0.787707 0.902217 0.0382093 0.084306
9 0.173228 0.913425 0.039377 0.0888697
9 0.700998 0.904255 0.0364565 0.0857567
6 0.362324 0.19273 0.724648 0.385405
9 0.142428 0.916933 0.0391714 0.0892929
6 0.360184 0.286134 0.720368 0.561495
0 0.778039 0.233466 0.0908533 0.124529
9 0.757928 0.902063 0.0382132 0.0865271
9 0.200762 0.91096 0.0422784 0.0932734
0 0.959994 0.230765 0.0800121 0.120997
9 0.727791 0.903217 0.037971 0.0884832
0 0.714815 0.233656 0.0858817 0.121153
9 0.0571953 0.915844 0.0449804 0.0893032
9 0.0883509 0.914366 0.0385646 0.0881523
0 0.651701 0.233998 0.0785779 0.120323
9 0.815134 0.902652 0.0411839 0.0873524
6 0.125915 0.191163 0.246185 0.382326
9 0.845013 0.90109 0.046677 0.0881765
11 0.20386 0.781477 0.204025 0.065016
6 0.134235 0.29221 0.266631 0.58442
6 0.530773 0.282016 0.925367 0.563063
0 0.589824 0.234842 0.0680348 0.119021
2 0.555466 0.907154 0.0646677 0.0959908
9 0.202601 0.514962 0.404331 0.784514
6 0.0914643 0.215871 0.182929 0.431743
6 0.66271 0.283732 0.647788 0.567465
6 0.177731 0.193822 0.348906 0.382003
6 0.0697914 0.241988 0.138354 0.483976
11 0.708993 0.780194 0.324117 0.0575788
9 0.0697467 0.913966 0.0324531 0.086927
0 0.939719 0.231987 0.0531483 0.123871
6 0.0583568 0.302837 0.116112 0.605673
6 0.0518715 0.20137 0.103384 0.40274
11 0.664219 0.779562 0.443746 0.060433
6 0.30349 0.354587 0.606981 0.697175
9 0.151663 0.554218 0.301859 0.688959
0 0.243434 0.155317 0.476889 0.254454
11 0.359208 0.695065 0.0671528 0.0571102
6 0.0172005 0.192365 0.0344011 0.364729
6 0.0147281 0.253281 0.0294563 0.358617
6 0.243152 0.293093 0.485595 0.571967
6 0.252886 0.194284 0.503577 0.388186
0 0.906178 0.231918 0.0970911 0.124365
0 0.841682 0.233246 0.0959227 0.124622
9 0.787707 0.902217 0.0382093 0.084306
9 0.173228 0.913425 0.039377 0.0888697
9 0.700998 0.904255 0.0364565 0.0857567
6 0.362324 0.19273 0.724648 0.385405
9 0.142428 0.916933 0.0391714 0.0892929
6 0.360184 0.286134 0.720368 0.561495
0 0.778039 0.233466 0.0908533 0.124529
9 0.757928 0.902063 0.0382132 0.0865271
9 0.200762 0.91096 0.0422784 0.0932734
0 0.959994 0.230765 0.0800121 0.120997
9 0.727791 0.903217 0.037971 0.0884832
0 0.714815 0.233656 0.0858817 0.121153
9 0.0571953 0.915844 0.0449804 0.0893032
9 0.0883509 0.914366 0.0385646 0.0881523
0 0.651701 0.233998 0.0785779 0.120323
9 0.815134 0.902652 0.0411839 0.0873524
6 0.125915 0.191163 0.246185 0.382326
9 0.845013 0.90109 0.046677 0.0881765
11 0.20386 0.781477 0.204025 0.065016
6 0.134235 0.29221 0.266631 0.58442
6 0.530773 0.282016 0.925367 0.563063
0 0.589824 0.234842 0.0680348 0.119021
2 0.555466 0.907154 0.0646677 0.0959908
9 0.202601 0.514962 0.404331 0.784514
6 0.0914643 0.215871 0.182929 0.431743
6 0.66271 0.283732 0.647788 0.567465
6 0.177731 0.193822 0.348906 0.382003
6 0.0697914 0.241988 0.138354 0.483976
11 0.708993 0.780194 0.324117 0.0575788
9 0.0697467 0.913966 0.0324531 0.086927
0 0.939719 0.231987 0.0531483 0.123871
6 0.0583568 0.302837 0.116112 0.605673
6 0.0518715 0.20137 0.103384 0.40274
11 0.664219 0.779562 0.443746 0.060433
6 0.30349 0.354587 0.606981 0.697175
9 0.151663 0.554218 0.301859 0.688959
0 0.243434 0.155317 0.476889 0.254454
11 0.359208 0.695065 0.0671528 0.0571102
6 0.0172005 0.192365 0.0344011 0.364729
6 0.0147281 0.253281 0.0294563 0.358617
