6 0.254271 0.415532 0.508542 0.737261
6 0.284599 0.323039 0.569198 0.646078
0 0.77251 0.516693 0.0614771 0.0840445
6 0.40408 0.322357 0.80816 0.644714
0 0.682616 0.517959 0.0608926 0.0828035
0 0.727072 0.517365 0.060684 0.0836505
0 0.592933 0.520492 0.0576351 0.0844784
0 0.815267 0.516005 0.0645857 0.0847332
0 0.638147 0.519109 0.0581981 0.0836983
7 0.236198 0.243875 0.366245 0.231392
0 0.550506 0.521295 0.0517597 0.0840048
6 0.136176 0.418982 0.272352 0.484693
0 0.204595 0.333596 0.391586 0.464152
6 0.188631 0.452397 0.376922 0.670619
6 0.124155 0.503185 0.248142 0.603181
11 0.721701 0.848517 0.0669643 0.0443382
9 0.205075 0.584463 0.404095 0.743459
11 0.256967 0.938594 0.160825 0.0539417
11 0.609721 0.850916 0.061338 0.0482063
8 0.558534 0.576264 0.872231 0.847472
6 0.092756 0.4627 0.185512 0.608931
6 0.116617 0.385181 0.231691 0.678659
6 0.366145 0.43514 0.732291 0.760685
7 0.311376 0.242879 0.479908 0.236153
0 0.247314 0.339333 0.48598 0.352645
11 0.667157 0.848956 0.0378846 0.0483162
6 0.0751012 0.408024 0.149596 0.667218
6 0.0535163 0.38201 0.106808 0.68879
11 0.511973 0.858244 0.0575254 0.0448225
9 0.735979 0.990673 0.0281422 0.0185791
9 0.755038 0.988906 0.0330338 0.0220827
9 0.712573 0.990699 0.0272157 0.018601
0 0.320272 0.254512 0.63389 0.506331
0 0.169876 0.356349 0.338597 0.575431
6 0.555495 0.362011 0.820024 0.724023
6 0.254271 0.415532 0.508542 0.737261
6 0.284599 0.323039 0.569198 0.646078
0 0.77251 0.516693 0.0614771 0.0840445
6 0.40408 0.322357 0.80816 0.644714
0 0.682616 0.517959 0.0608926 0.0828035
0 0.727072 0.517365 0.060684 0.0836505
0 0.592933 0.520492 0.0576351 0.0844784
0 0.815267 0.516005 0.0645857 0.0847332
0 0.638147 0.519109 0.0581981 0.0836983
7 0.236198 0.243875 0.366245 0.231392
0 0.550506 0.521295 0.0517597 0.0840048
6 0.136176 0.418982 0.272352 0.484693
0 0.204595 0.333596 0.391586 0.464152
6 0.188631 0.452397 0.376922 0.670619
6 0.124155 0.503185 0.248142 0.603181
11 0.721701 0.848517 0.0669643 0.0443382
9 0.205075 0.584463 0.404095 0.743459
11 0.256967 0.938594 0.160825 0.0539417
11 0.609721 0.850916 0.061338 0.0482063
8 0.558534 0.576264 0.872231 0.847472
6 0.092756 0.4627 0.185512 0.608931
6 0.116617 0.385181 0.231691 0.678659
6 0.366145 0.43514 0.732291 0.760685
7 0.311376 0.242879 0.479908 0.236153
0 0.247314 0.339333 0.48598 0.352645
11 0.667157 0.848956 0.0378846 0.0483162
6 0.0751012 0.408024 0.149596 0.667218
6 0.0535163 0.38201 0.106808 0.68879
11 0.511973 0.858244 0.0575254 0.0448225
9 0.735979 0.990673 0.0281422 0.0185791
9 0.755038 0.988906 0.0330338 0.0220827
9 0.712573 0.990699 0.0272157 0.018601
0 0.320272 0.254512 0.63389 0.506331
0 0.169876 0.356349 0.338597 0.575431
6 0.555495 0.362011 0.820024 0.724023
