8 0.649406 0.536975 0.701188 0.926049
3 0.0881227 0.890447 0.0867355 0.184175
3 0.25439 0.904245 0.0850582 0.189045
3 0.25468 0.71671 0.0782756 0.185538
3 0.867283 0.811802 0.0789406 0.0893124
8 0.228639 0.503441 0.453221 0.992684
7 0.97373 0.142986 0.0525401 0.10341
3 0.0916385 0.708249 0.0832875 0.183287
8 0.649406 0.536975 0.701188 0.926049
3 0.0881227 0.890447 0.0867355 0.184175
3 0.25439 0.904245 0.0850582 0.189045
3 0.25468 0.71671 0.0782756 0.185538
3 0.867283 0.811802 0.0789406 0.0893124
8 0.228639 0.503441 0.453221 0.992684
7 0.97373 0.142986 0.0525401 0.10341
3 0.0916385 0.708249 0.0832875 0.183287
