0 0.446875 0.478125 0.446875 0.564062 0.473437 0.564062 0.473437 0.557813 0.471875 0.55625 0.471875 0.551562 0.473437 0.55 0.473437 0.546875 0.475 0.545313 0.475 0.523438 0.476562 0.521875 0.476562 0.50625 0.475 0.504687 0.475 0.498437 0.476562 0.496875 0.476562 0.478125
7 0.171875 0.334375 0.171875 0.3875 0.217187 0.3875 0.21875 0.385938 0.2375 0.385938 0.239063 0.3875 0.25625 0.3875 0.257812 0.385938 0.259375 0.385938 0.260938 0.3875 0.271875 0.3875 0.273438 0.385938 0.278125 0.385938 0.279687 0.384375 0.28125 0.384375 0.28125 0.379687 0.279687 0.378125 0.279687 0.360938 0.278125 0.359375 0.278125 0.346875 0.276563 0.345313 0.276563 0.334375
10 0.184375 0.915625 0.184375 0.920313 0.182812 0.921875 0.178125 0.921875 0.178125 0.970312 0.245312 0.970312 0.245312 0.965625 0.246875 0.964063 0.257812 0.964063 0.259375 0.9625 0.282813 0.9625 0.284375 0.960938 0.332812 0.960938 0.334375 0.959375 0.339063 0.959375 0.339063 0.915625
7 0.703125 0.121875 0.703125 0.195312 0.801562 0.195312 0.801562 0.171875 0.8 0.170312 0.8 0.1625 0.801562 0.160938 0.801562 0.13125 0.8 0.129688 0.8 0.121875
7 0.165625 0.115625 0.165625 0.170312 0.201562 0.170312 0.203125 0.171875 0.203125 0.176563 0.282813 0.176563 0.282813 0.115625
7 0.053125 0.109375 0.053125 0.16875 0.0796875 0.16875 0.08125 0.170312 0.1375 0.170312 0.139062 0.171875 0.139062 0.176563 0.154687 0.176563 0.154687 0.171875 0.15625 0.170312 0.164062 0.170312 0.165625 0.16875 0.170312 0.16875 0.170312 0.1375 0.165625 0.1375 0.164062 0.135937 0.164062 0.126563 0.1625 0.125 0.1625 0.11875 0.164062 0.117188 0.164062 0.109375
10 0.578125 0.828125 0.578125 0.871875 0.584375 0.871875 0.585938 0.873438 0.5875 0.873438 0.589063 0.875 0.632812 0.875 0.634375 0.873438 0.635938 0.873438 0.6375 0.871875 0.6375 0.842188 0.635938 0.840625 0.635938 0.835938 0.634375 0.834375 0.634375 0.828125
10 0.359375 0.840625 0.359375 0.8875 0.401563 0.8875 0.404687 0.884375 0.404687 0.876562 0.40625 0.875 0.40625 0.840625
7 0.384375 0.115625 0.384375 0.195312 0.49375 0.195312 0.49375 0.129688 0.492188 0.128125 0.492188 0.126563 0.49375 0.125 0.49375 0.115625
7 0.490625 0.328125 0.490625 0.389062 0.595312 0.389062 0.595312 0.328125
7 0.053125 0.328125 0.053125 0.38125 0.0578125 0.38125 0.0640625 0.3875 0.0765625 0.3875 0.078125 0.385938 0.151562 0.385938 0.153125 0.3875 0.167187 0.3875 0.16875 0.385938 0.170312 0.385938 0.171875 0.384375 0.176563 0.384375 0.176563 0.348437 0.171875 0.348437 0.170312 0.346875 0.170312 0.340625 0.16875 0.339063 0.16875 0.328125
7 0.596875 0.121875 0.596875 0.195312 0.7 0.195312 0.7 0.121875
0 0.340625 0.478125 0.340625 0.4875 0.345313 0.4875 0.346875 0.489062 0.35 0.489062 0.354688 0.49375 0.354688 0.514063 0.353125 0.515625 0.353125 0.517187 0.348437 0.521875 0.348437 0.523438 0.346875 0.525 0.346875 0.526563 0.345313 0.528125 0.340625 0.528125 0.340625 0.570312 0.382812 0.570312 0.382812 0.564062 0.384375 0.5625 0.384375 0.560938 0.385938 0.559375 0.385938 0.557813 0.3875 0.55625 0.3875 0.510938 0.389062 0.509375 0.389062 0.489062 0.390625 0.4875 0.395312 0.4875 0.395312 0.478125
0 0.778125 0.471875 0.778125 0.48125 0.782812 0.48125 0.792188 0.490625 0.792188 0.492188 0.798437 0.498437 0.8 0.498437 0.803125 0.501562 0.803125 0.5125 0.804688 0.514063 0.804688 0.515625 0.803125 0.517187 0.803125 0.525 0.804688 0.526563 0.804688 0.535937 0.803125 0.5375 0.803125 0.539062 0.8 0.542188 0.798437 0.542188 0.796875 0.54375 0.79375 0.54375 0.792188 0.545313 0.7875 0.545313 0.785937 0.546875 0.778125 0.546875 0.778125 0.564062 0.803125 0.564062 0.803125 0.559375 0.804688 0.557813 0.807813 0.557813 0.809375 0.55625 0.820312 0.55625 0.821875 0.554688 0.825 0.554688 0.826563 0.553125 0.828125 0.553125 0.829687 0.551562 0.829687 0.55 0.83125 0.548437 0.83125 0.546875 0.834375 0.54375 0.835938 0.54375 0.8375 0.542188 0.840625 0.542188 0.842188 0.540625 0.84375 0.540625 0.845312 0.539062 0.851562 0.539062 0.851562 0.5 0.846875 0.5 0.832812 0.485938 0.83125 0.485938 0.828125 0.482812 0.828125 0.48125 0.826563 0.479688 0.826563 0.478125 0.825 0.476562 0.825 0.471875
7 0.278125 0.115625 0.278125 0.189063 0.29375 0.189063 0.295312 0.1875 0.296875 0.1875 0.298438 0.189063 0.323438 0.189063 0.325 0.190625 0.325 0.195312 0.385938 0.195312 0.385938 0.189063 0.3875 0.1875 0.3875 0.170312 0.385938 0.16875 0.385938 0.132812 0.384375 0.13125 0.384375 0.121875 0.385938 0.120312 0.385938 0.115625
6 0.178125 0.634375 0.178125 0.676562 0.184375 0.676562 0.184375 0.671875 0.185937 0.670313 0.192188 0.670313 0.19375 0.66875 0.195312 0.66875 0.196875 0.667188 0.198437 0.667188 0.2 0.665625 0.2 0.6625 0.201562 0.660937 0.201562 0.659375 0.203125 0.657812 0.207813 0.657812 0.207813 0.640625 0.203125 0.640625 0.201562 0.639063 0.201562 0.634375
0 0.478125 0.478125 0.478125 0.5625 0.514063 0.5625 0.515625 0.560938 0.521875 0.560938 0.525 0.557813 0.525 0.55625 0.528125 0.553125 0.532812 0.553125 0.532812 0.5 0.528125 0.5 0.526563 0.498437 0.526563 0.495313 0.525 0.49375 0.525 0.484375 0.523438 0.482812 0.523438 0.478125
0 0.653125 0.478125 0.653125 0.496875 0.659375 0.496875 0.6625 0.5 0.6625 0.501562 0.665625 0.504687 0.665625 0.50625 0.667188 0.507812 0.667188 0.539062 0.665625 0.540625 0.665625 0.54375 0.664062 0.545313 0.6625 0.545313 0.659375 0.548437 0.653125 0.548437 0.653125 0.564062 0.696875 0.564062 0.696875 0.554688 0.698438 0.553125 0.698438 0.551562 0.7 0.55 0.7 0.548437 0.703125 0.545313 0.704687 0.545313 0.709375 0.540625 0.709375 0.515625 0.710938 0.514063 0.710938 0.507812 0.709375 0.50625 0.709375 0.501562 0.701563 0.49375 0.701563 0.492188 0.7 0.490625 0.7 0.4875 0.698438 0.485938 0.698438 0.478125
7 0.278125 0.328125 0.278125 0.389062 0.3875 0.389062 0.3875 0.382812 0.385938 0.38125 0.385938 0.370313 0.384375 0.36875 0.384375 0.35 0.382812 0.348437 0.382812 0.34375 0.384375 0.342187 0.384375 0.335938 0.382812 0.334375 0.382812 0.328125
10 0.434375 0.896875 0.434375 0.951563 0.603125 0.951563 0.603125 0.946875 0.604688 0.945312 0.609375 0.945312 0.610937 0.94375 0.640625 0.94375 0.642187 0.942187 0.692187 0.942187 0.69375 0.940625 0.703125 0.940625 0.704687 0.939062 0.714063 0.939062 0.715625 0.9375 0.75625 0.9375 0.757812 0.935938 0.770312 0.935938 0.773438 0.932813 0.773438 0.929688 0.775 0.928125 0.775 0.904688 0.773438 0.903125 0.773438 0.896875
10 0.140625 0.846875 0.140625 0.851562 0.1375 0.854688 0.135937 0.854688 0.134375 0.85625 0.128125 0.85625 0.128125 0.901563 0.276563 0.901563 0.276563 0.896875 0.28125 0.892187 0.28125 0.889063 0.282813 0.8875 0.282813 0.884375 0.284375 0.882812 0.289062 0.882812 0.289062 0.846875
7 0.384375 0.328125 0.384375 0.389062 0.495313 0.389062 0.495313 0.365625 0.490625 0.365625 0.489062 0.364062 0.489062 0.340625 0.4875 0.339063 0.4875 0.328125
0 0.565625 0.478125 0.565625 0.5 0.570312 0.5 0.571875 0.501562 0.571875 0.503125 0.573438 0.504687 0.573438 0.507812 0.575 0.509375 0.575 0.542188 0.573438 0.54375 0.573438 0.546875 0.570312 0.55 0.565625 0.55 0.565625 0.564062 0.609375 0.564062 0.609375 0.557813 0.610937 0.55625 0.610937 0.554688 0.6125 0.553125 0.6125 0.551562 0.615625 0.548437 0.615625 0.546875 0.617188 0.545313 0.617188 0.542188 0.61875 0.540625 0.61875 0.528125 0.620313 0.526563 0.620313 0.507812 0.61875 0.50625 0.61875 0.503125 0.617188 0.501562 0.617188 0.5 0.615625 0.498437 0.615625 0.496875 0.6125 0.49375 0.6125 0.490625 0.610937 0.489062 0.610937 0.478125
6 0.621875 0.753125 0.621875 0.795313 0.645312 0.795313 0.645312 0.753125
7 0.803125 0.128125 0.803125 0.182812 0.898438 0.182812 0.898438 0.178125 0.903125 0.173438 0.907812 0.173438 0.907812 0.128125
0 0.609375 0.478125 0.609375 0.496875 0.614062 0.496875 0.61875 0.501562 0.61875 0.504687 0.620313 0.50625 0.620313 0.542188 0.614062 0.548437 0.609375 0.548437 0.609375 0.564062 0.659375 0.564062 0.659375 0.557813 0.660937 0.55625 0.660937 0.554688 0.664062 0.551562 0.670313 0.551562 0.670313 0.535937 0.665625 0.535937 0.664062 0.534375 0.664062 0.528125 0.6625 0.526563 0.664062 0.525 0.664062 0.520312 0.665625 0.51875 0.670313 0.51875 0.670313 0.49375 0.6625 0.49375 0.657812 0.489062 0.657812 0.4875 0.65625 0.485938 0.65625 0.478125
7 0.490625 0.115625 0.490625 0.175 0.495313 0.175 0.496875 0.176563 0.496875 0.178125 0.495313 0.179688 0.490625 0.179688 0.490625 0.185937 0.495313 0.185937 0.496875 0.1875 0.496875 0.189063 0.498437 0.190625 0.498437 0.195312 0.6 0.195312 0.6 0.1875 0.598437 0.185937 0.598437 0.140625 0.596875 0.139062 0.596875 0.115625
10 0.484375 0.834375 0.484375 0.882812 0.545313 0.882812 0.545313 0.834375
6 0.171875 0.771875 0.171875 0.814062 0.185937 0.814062 0.185937 0.809375 0.190625 0.804688 0.195312 0.804688 0.195312 0.771875
0 0.696875 0.471875 0.696875 0.492188 0.701563 0.492188 0.703125 0.49375 0.704687 0.49375 0.707812 0.496875 0.707812 0.498437 0.709375 0.5 0.709375 0.501562 0.710938 0.503125 0.710938 0.525 0.7125 0.526563 0.7125 0.540625 0.707812 0.545313 0.70625 0.545313 0.704687 0.546875 0.703125 0.546875 0.701563 0.548437 0.696875 0.548437 0.696875 0.564062 0.734375 0.564062 0.734375 0.559375 0.739062 0.554688 0.739062 0.553125 0.748438 0.54375 0.75 0.54375 0.754687 0.539062 0.754687 0.535937 0.75625 0.534375 0.75625 0.503125 0.746875 0.49375 0.746875 0.492188 0.742188 0.4875 0.742188 0.485938 0.740625 0.484375 0.740625 0.471875
0 0.521875 0.478125 0.521875 0.498437 0.526563 0.498437 0.528125 0.5 0.528125 0.504687 0.529688 0.50625 0.529688 0.546875 0.528125 0.548437 0.528125 0.55 0.526563 0.551562 0.521875 0.551562 0.521875 0.560938 0.53125 0.560938 0.532812 0.5625 0.551562 0.5625 0.553125 0.560938 0.560938 0.560938 0.5625 0.559375 0.564062 0.559375 0.565625 0.557813 0.565625 0.55625 0.567187 0.554688 0.567187 0.553125 0.570312 0.55 0.570312 0.548437 0.571875 0.546875 0.571875 0.54375 0.573438 0.542188 0.573438 0.507812 0.571875 0.50625 0.571875 0.503125 0.570312 0.501562 0.570312 0.496875 0.56875 0.495313 0.56875 0.490625 0.567187 0.489062 0.567187 0.478125
6 0.671875 0.621875 0.671875 0.657812 0.6875 0.657812 0.6875 0.653125 0.689062 0.651563 0.695312 0.651563 0.695312 0.621875
6 0.128125 0.634375 0.128125 0.676562 0.148438 0.676562 0.148438 0.671875 0.153125 0.667188 0.157813 0.667188 0.157813 0.634375
6 0.321875 0.765625 0.321875 0.807813 0.332812 0.807813 0.332812 0.803125 0.3375 0.798437 0.3375 0.779688 0.339063 0.778125 0.339063 0.765625
6 0.590625 0.621875 0.590625 0.657812 0.610937 0.657812 0.610937 0.621875
6 0.421875 0.759375 0.421875 0.801562 0.445312 0.801562 0.445312 0.759375
0 0.390625 0.478125 0.390625 0.570312 0.435937 0.570312 0.435937 0.564062 0.4375 0.5625 0.4375 0.545313 0.435937 0.54375 0.435937 0.503125 0.432813 0.5 0.428125 0.5 0.426562 0.498437 0.425 0.498437 0.420312 0.49375 0.420312 0.492188 0.41875 0.490625 0.41875 0.478125
6 0.434375 0.628125 0.434375 0.664062 0.45 0.664062 0.45 0.628125
6 0.609375 0.621875 0.609375 0.657812 0.629687 0.657812 0.629687 0.621875
6 0.446875 0.759375 0.446875 0.801562 0.464063 0.801562 0.464063 0.759375
6 0.584375 0.753125 0.584375 0.795313 0.6 0.795313 0.6 0.790625 0.603125 0.7875 0.607813 0.7875 0.607813 0.7625 0.603125 0.7625 0.601562 0.760938 0.601562 0.753125
6 0.521875 0.759375 0.521875 0.79375 0.545313 0.79375 0.545313 0.759375
6 0.659375 0.753125 0.659375 0.784375 0.665625 0.784375 0.670313 0.789062 0.673437 0.789062 0.675 0.7875 0.678125 0.7875 0.68125 0.784375 0.68125 0.764063 0.679688 0.7625 0.679688 0.753125
6 0.603125 0.753125 0.603125 0.795313 0.626562 0.795313 0.626562 0.759375 0.621875 0.759375 0.620313 0.757812 0.620313 0.753125
6 0.759375 0.746875 0.759375 0.78125 0.775 0.78125 0.776563 0.779688 0.782812 0.779688 0.782812 0.759375 0.778125 0.759375 0.776563 0.757812 0.776563 0.75625 0.775 0.754687 0.775 0.746875
6 0.215625 0.771875 0.215625 0.814062 0.228125 0.814062 0.228125 0.809375 0.23125 0.80625 0.23125 0.804688 0.232812 0.803125 0.239063 0.803125 0.239063 0.771875
6 0.146875 0.771875 0.146875 0.814062 0.167187 0.814062 0.167187 0.795313 0.16875 0.79375 0.16875 0.78125 0.170312 0.779688 0.170312 0.771875
6 0.265625 0.634375 0.265625 0.670313 0.28125 0.670313 0.28125 0.664062 0.282813 0.6625 0.282813 0.660937 0.284375 0.659375 0.289062 0.659375 0.289062 0.634375
6 0.484375 0.759375 0.484375 0.801562 0.496875 0.801562 0.496875 0.796875 0.501562 0.792188 0.507812 0.792188 0.507812 0.773438 0.503125 0.773438 0.501562 0.771875 0.501562 0.76875 0.5 0.767187 0.5 0.759375
6 0.640625 0.753125 0.640625 0.7875 0.648438 0.7875 0.65 0.789062 0.657812 0.789062 0.6625 0.784375 0.6625 0.776563 0.660937 0.775 0.660937 0.765625 0.659375 0.764063 0.659375 0.759375 0.657812 0.757812 0.657812 0.753125
6 0.471875 0.621875 0.471875 0.664062 0.4875 0.664062 0.4875 0.659375 0.490625 0.65625 0.495313 0.65625 0.495313 0.621875
6 0.503125 0.759375 0.503125 0.79375 0.507812 0.79375 0.509375 0.795313 0.51875 0.795313 0.520312 0.79375 0.526563 0.79375 0.526563 0.759375
6 0.128125 0.771875 0.128125 0.814062 0.151562 0.814062 0.151562 0.771875
8 0.659375 0.984375 0.659375 0.998438 0.679688 0.998438 0.679688 0.984375
6 0.753125 0.621875 0.753125 0.651563 0.776563 0.651563 0.776563 0.628125 0.771875 0.628125 0.770312 0.626562 0.770312 0.621875
0 0.740625 0.471875 0.740625 0.489062 0.745313 0.489062 0.75 0.49375 0.75 0.495313 0.753125 0.498437 0.754687 0.498437 0.75625 0.5 0.75625 0.501562 0.757812 0.503125 0.757812 0.53125 0.759375 0.532812 0.759375 0.534375 0.757812 0.535937 0.757812 0.540625 0.753125 0.545313 0.751562 0.545313 0.75 0.546875 0.746875 0.546875 0.745313 0.548437 0.740625 0.548437 0.740625 0.564062 0.764063 0.564062 0.764063 0.559375 0.765625 0.557813 0.770312 0.557813 0.771875 0.55625 0.773438 0.55625 0.784375 0.545313 0.785937 0.545313 0.7875 0.54375 0.790625 0.54375 0.792188 0.542188 0.79375 0.542188 0.795313 0.540625 0.796875 0.540625 0.798437 0.539062 0.8 0.539062 0.8 0.5375 0.803125 0.534375 0.807813 0.534375 0.807813 0.501562 0.801562 0.501562 0.798437 0.498437 0.796875 0.498437 0.785937 0.4875 0.785937 0.485938 0.782812 0.482812 0.782812 0.479688 0.78125 0.478125 0.78125 0.471875
6 0.359375 0.765625 0.359375 0.801562 0.371875 0.801562 0.373437 0.8 0.378125 0.8 0.379687 0.798437 0.379687 0.765625
6 0.384375 0.759375 0.384375 0.801562 0.401563 0.801562 0.401563 0.759375
6 0.465625 0.759375 0.465625 0.801562 0.476562 0.801562 0.476562 0.796875 0.479688 0.79375 0.479688 0.792188 0.48125 0.790625 0.48125 0.759375
6 0.403125 0.759375 0.403125 0.801562 0.426562 0.801562 0.426562 0.759375
6 0.340625 0.765625 0.340625 0.801562 0.353125 0.801562 0.35625 0.798437 0.357812 0.798437 0.359375 0.796875 0.364062 0.796875 0.364062 0.765625
6 0.546875 0.753125 0.546875 0.795313 0.560938 0.795313 0.560938 0.790625 0.5625 0.789062 0.5625 0.76875 0.560938 0.767187 0.560938 0.753125
6 0.709375 0.621875 0.709375 0.648438 0.715625 0.648438 0.717188 0.65 0.71875 0.65 0.720312 0.651563 0.726562 0.651563 0.73125 0.646875 0.73125 0.621875
6 0.453125 0.628125 0.453125 0.664062 0.46875 0.664062 0.46875 0.657812 0.470313 0.65625 0.470313 0.628125
6 0.278125 0.765625 0.278125 0.807813 0.295312 0.807813 0.295312 0.798437 0.296875 0.796875 0.301562 0.796875 0.301562 0.765625
6 0.690625 0.621875 0.690625 0.65 0.696875 0.65 0.698438 0.651563 0.707812 0.651563 0.710938 0.648438 0.710938 0.621875
6 0.240625 0.634375 0.240625 0.670313 0.260938 0.670313 0.260938 0.645312 0.2625 0.64375 0.2625 0.634375
6 0.534375 0.621875 0.534375 0.664062 0.545313 0.664062 0.545313 0.659375 0.553125 0.651563 0.557813 0.651563 0.557813 0.635938 0.553125 0.635938 0.551562 0.634375 0.551562 0.621875
6 0.353125 0.628125 0.353125 0.670313 0.365625 0.670313 0.365625 0.664062 0.36875 0.660937 0.36875 0.651563 0.370313 0.65 0.370313 0.639063 0.371875 0.6375 0.376563 0.6375 0.376563 0.628125
6 0.803125 0.615625 0.803125 0.651563 0.829687 0.651563 0.829687 0.629687 0.828125 0.628125 0.828125 0.625 0.826563 0.623438 0.826563 0.621875 0.825 0.620313 0.825 0.615625
6 0.284375 0.634375 0.284375 0.670313 0.307813 0.670313 0.307813 0.634375
6 0.565625 0.753125 0.565625 0.795313 0.579687 0.795313 0.579687 0.790625 0.58125 0.789062 0.58125 0.785937 0.582812 0.784375 0.582812 0.765625 0.58125 0.764063 0.58125 0.753125
6 0.728125 0.621875 0.728125 0.646875 0.732813 0.646875 0.735937 0.65 0.739062 0.65 0.740625 0.651563 0.745313 0.651563 0.746875 0.65 0.748438 0.65 0.753125 0.645312 0.757812 0.645312 0.757812 0.6375 0.753125 0.6375 0.751562 0.635938 0.751562 0.629687 0.75 0.628125 0.75 0.621875
10 0.684375 0.821875 0.684375 0.832812 0.689062 0.832812 0.690625 0.834375 0.690625 0.835938 0.692187 0.8375 0.692187 0.842188 0.69375 0.84375 0.69375 0.859375 0.692187 0.860937 0.692187 0.865625 0.69375 0.867188 0.69375 0.86875 0.695312 0.870313 0.720312 0.870313 0.721875 0.86875 0.740625 0.86875 0.742188 0.867188 0.75 0.867188 0.751562 0.865625 0.757812 0.865625 0.757812 0.832812 0.753125 0.832812 0.748438 0.828125 0.748438 0.821875
6 0.771875 0.746875 0.771875 0.75625 0.776563 0.75625 0.778125 0.757812 0.778125 0.776563 0.78125 0.779688 0.782812 0.779688 0.784375 0.78125 0.79375 0.78125 0.795313 0.779688 0.796875 0.779688 0.798437 0.778125 0.798437 0.7625 0.796875 0.760938 0.796875 0.757812 0.795313 0.75625 0.795313 0.754687 0.79375 0.753125 0.79375 0.746875
6 0.734375 0.746875 0.734375 0.782812 0.740625 0.782812 0.742188 0.784375 0.742188 0.789062 0.754687 0.789062 0.754687 0.784375 0.757812 0.78125 0.764063 0.78125 0.764063 0.760938 0.759375 0.760938 0.757812 0.759375 0.757812 0.757812 0.75625 0.75625 0.75625 0.753125 0.754687 0.751562 0.754687 0.746875
6 0.328125 0.628125 0.328125 0.670313 0.351562 0.670313 0.351562 0.628125
6 0.303125 0.765625 0.303125 0.807813 0.320312 0.807813 0.320312 0.765625
6 0.515625 0.621875 0.515625 0.664062 0.526563 0.664062 0.526563 0.659375 0.528125 0.657812 0.528125 0.65625 0.53125 0.653125 0.53125 0.632812 0.529688 0.63125 0.529688 0.621875
8 0.696875 0.978125 0.696875 0.998438 0.726562 0.998438 0.726562 0.978125
6 0.553125 0.621875 0.553125 0.657812 0.564062 0.657812 0.570312 0.651563 0.570312 0.648438 0.571875 0.646875 0.576563 0.646875 0.576563 0.642187 0.571875 0.642187 0.570312 0.640625 0.570312 0.629687 0.56875 0.628125 0.56875 0.621875
8 0.721875 0.978125 0.721875 0.998438 0.751562 0.998438 0.751562 0.990625 0.746875 0.990625 0.745313 0.989062 0.745313 0.9875 0.74375 0.985937 0.74375 0.984375 0.742188 0.982813 0.742188 0.978125
10 0.646875 0.821875 0.646875 0.842188 0.651563 0.842188 0.653125 0.84375 0.653125 0.845312 0.654688 0.846875 0.654688 0.854688 0.653125 0.85625 0.653125 0.865625 0.654688 0.867188 0.654688 0.876562 0.675 0.876562 0.675 0.870313 0.676562 0.86875 0.676562 0.867188 0.678125 0.865625 0.682813 0.865625 0.682813 0.8375 0.678125 0.8375 0.676562 0.835938 0.676562 0.832812 0.675 0.83125 0.675 0.828125 0.673437 0.826563 0.673437 0.821875
6 0.771875 0.621875 0.771875 0.651563 0.795313 0.651563 0.795313 0.621875
8 0.678125 0.978125 0.678125 0.998438 0.707812 0.998438 0.707812 0.99375 0.703125 0.99375 0.701563 0.992188 0.701563 0.989062 0.7 0.9875 0.7 0.978125
8 0.740625 0.978125 0.740625 0.9875 0.745313 0.9875 0.746875 0.989062 0.746875 0.99375 0.748438 0.995313 0.748438 0.998438 0.776563 0.998438 0.776563 0.99375 0.771875 0.99375 0.76875 0.990625 0.76875 0.989062 0.767187 0.9875 0.767187 0.985937 0.764063 0.982813 0.764063 0.978125
8 0.634375 0.984375 0.634375 0.998438 0.664062 0.998438 0.664062 0.99375 0.659375 0.99375 0.657812 0.992188 0.657812 0.984375
6 0.809375 0.740625 0.809375 0.75 0.814062 0.75 0.815625 0.751562 0.815625 0.753125 0.817187 0.754687 0.817187 0.760938 0.81875 0.7625 0.81875 0.778125 0.821875 0.78125 0.832812 0.78125 0.835938 0.778125 0.835938 0.773438 0.8375 0.771875 0.8375 0.751562 0.835938 0.75 0.835938 0.740625
6 0.109375 0.771875 0.109375 0.8125 0.121875 0.8125 0.125 0.809375 0.125 0.7875 0.126563 0.785937 0.126563 0.784375 0.128125 0.782812 0.132812 0.782812 0.132812 0.771875
6 0.828125 0.615625 0.828125 0.651563 0.857813 0.651563 0.857813 0.628125 0.853125 0.628125 0.851562 0.626562 0.851562 0.621875 0.85 0.620313 0.85 0.615625
6 0.496875 0.628125 0.496875 0.664062 0.514063 0.664062 0.514063 0.628125
6 0.796875 0.746875 0.796875 0.782812 0.820312 0.782812 0.820312 0.753125 0.815625 0.753125 0.814062 0.751562 0.814062 0.746875
8 0.671875 0.984375 0.671875 0.998438 0.701563 0.998438 0.701563 0.984375
10 0.345313 0.951563 0.603125 0.951563 0.603125 0.946875 0.604688 0.945312 0.609375 0.945312 0.610937 0.94375 0.639063 0.94375 0.640625 0.942187 0.692187 0.942187 0.69375 0.940625 0.703125 0.940625 0.704687 0.939062 0.714063 0.939062 0.715625 0.9375 0.732813 0.9375 0.734375 0.935938 0.740625 0.935938 0.742188 0.9375 0.753125 0.9375 0.754687 0.935938 0.770312 0.935938 0.773438 0.932813 0.773438 0.929688 0.775 0.928125 0.775 0.904688 0.773438 0.903125 0.773438 0.896875 0.357812 0.896875 0.357812 0.901563 0.353125 0.90625 0.351562 0.90625 0.35 0.907812 0.35 0.910937 0.348437 0.9125 0.348437 0.920313 0.346875 0.921875 0.346875 0.945312 0.345313 0.946875 0.345313 0.951563 0.335938 0.951563 0.335938 0.939062 0.334375 0.9375 0.334375 0.934375 0.335938 0.932813 0.335938 0.915625 0.334375 0.914062 0.334375 0.909375 0.332812 0.907812 0.33125 0.907812 0.328125 0.910937 0.326562 0.910937 0.323438 0.907812 0.323438 0.90625 0.321875 0.904688 0.321875 0.896875 0.296875 0.896875 0.296875 0.951563 0.335938 0.951563
8 0.515625 0.965625 0.515625 0.998438 0.545313 0.998438 0.545313 0.965625
8 0.496875 0.965625 0.496875 0.998438 0.520312 0.998438 0.520312 0.965625
8 0.515625 0.971875 0.515625 0.998438 0.551562 0.998438 0.551562 0.971875
8 0.496875 0.990625 0.496875 0.998438 0.520312 0.998438 0.520312 0.990625
6 0.659375 0.753125 0.659375 0.778125 0.664062 0.778125 0.665625 0.779688 0.665625 0.782812 0.670313 0.7875 0.676562 0.7875 0.676562 0.753125
10 0.346875 0.903125 0.346875 0.957812 0.476562 0.957812 0.476562 0.953125 0.478125 0.951563 0.482812 0.951563 0.484375 0.95 0.5125 0.95 0.514063 0.948438 0.515625 0.948438 0.517187 0.95 0.523438 0.95 0.525 0.948438 0.579687 0.948438 0.58125 0.946875 0.596875 0.946875 0.598437 0.945312 0.609375 0.945312 0.610937 0.94375 0.634375 0.94375 0.635938 0.942187 0.690625 0.942187 0.692187 0.940625 0.703125 0.940625 0.704687 0.939062 0.714063 0.939062 0.715625 0.9375 0.732813 0.9375 0.732813 0.903125
