1 0.740625 0.690625 0.740625 0.73125 0.81875 0.73125 0.820312 0.732813 0.821875 0.732813 0.823438 0.73125 0.828125 0.73125 0.83125 0.728125 0.83125 0.726562 0.832812 0.725 0.832812 0.720312 0.834375 0.71875 0.839063 0.71875 0.839063 0.690625
2 0.346875 0.665625 0.346875 0.745313 0.395312 0.745313 0.395312 0.717188 0.390625 0.717188 0.389062 0.715625 0.389062 0.690625 0.390625 0.689062 0.395312 0.689062 0.395312 0.665625
5 0.534375 0.553125 0.534375 0.601562 0.564062 0.601562 0.564062 0.553125
5 0.184375 0.553125 0.184375 0.601562 0.214062 0.601562 0.214062 0.553125
0 0.415625 0.003125 0.415625 0.0265625 0.428125 0.0265625 0.429688 0.025 0.457812 0.025 0.460938 0.021875 0.460938 0.0203125 0.4625 0.01875 0.4625 0.003125
5 0.815625 0.559375 0.815625 0.598437 0.823438 0.598437 0.825 0.6 0.835938 0.6 0.8375 0.598437 0.840625 0.598437 0.84375 0.595312 0.84375 0.584375 0.845312 0.582812 0.845312 0.559375
5 0.234375 0.553125 0.234375 0.601562 0.257812 0.601562 0.257812 0.56875 0.259375 0.567187 0.264062 0.567187 0.264062 0.553125
5 0.471875 0.553125 0.471875 0.601562 0.495313 0.601562 0.495313 0.553125
5 0.490625 0.553125 0.490625 0.601562 0.5125 0.601562 0.5125 0.59375 0.514063 0.592188 0.514063 0.575 0.515625 0.573438 0.520312 0.573438 0.520312 0.553125
5 0.259375 0.553125 0.259375 0.601562 0.28125 0.601562 0.28125 0.553125
5 0.446875 0.553125 0.446875 0.601562 0.46875 0.601562 0.46875 0.578125 0.470313 0.576563 0.470313 0.553125
5 0.403125 0.553125 0.403125 0.601562 0.426562 0.601562 0.426562 0.553125
5 0.678125 0.559375 0.678125 0.601562 0.701563 0.601562 0.701563 0.592188 0.703125 0.590625 0.707812 0.590625 0.707812 0.559375
5 0.421875 0.553125 0.421875 0.601562 0.445312 0.601562 0.445312 0.585938 0.446875 0.584375 0.451562 0.584375 0.451562 0.553125
5 0.209375 0.553125 0.209375 0.601562 0.239063 0.601562 0.239063 0.553125
5 0.728125 0.559375 0.728125 0.601562 0.748438 0.601562 0.748438 0.5875 0.75 0.585938 0.75 0.559375
6 0.396875 0.096875 0.396875 0.139062 0.420312 0.139062 0.420312 0.096875
5 0.515625 0.553125 0.515625 0.601562 0.535937 0.601562 0.535937 0.567187 0.5375 0.565625 0.5375 0.553125
5 0.409375 0.690625 0.409375 0.732813 0.439063 0.732813 0.439063 0.690625
5 0.703125 0.559375 0.703125 0.601562 0.726562 0.601562 0.726562 0.596875 0.728125 0.595312 0.732813 0.595312 0.732813 0.559375
6 0.096875 0.115625 0.096875 0.145313 0.120312 0.145313 0.120312 0.115625
5 0.321875 0.553125 0.321875 0.601562 0.348437 0.601562 0.348437 0.59375 0.35 0.592188 0.35 0.553125
0 0.465625 0 0.465625 0.0203125 0.5125 0.0203125 0.5125 0
5 0.390625 0.690625 0.390625 0.732813 0.414062 0.732813 0.414062 0.690625
5 0.284375 0.553125 0.284375 0.601562 0.307813 0.601562 0.307813 0.553125
6 0.471875 0.271875 0.471875 0.307813 0.489062 0.307813 0.489062 0.301562 0.490625 0.3 0.495313 0.3 0.495313 0.271875
6 0.684375 0.271875 0.684375 0.307813 0.7 0.307813 0.7 0.301562 0.703125 0.298438 0.707812 0.298438 0.707812 0.271875
5 0.796875 0.559375 0.796875 0.598437 0.814062 0.598437 0.815625 0.596875 0.815625 0.595312 0.817187 0.59375 0.817187 0.585938 0.81875 0.584375 0.81875 0.575 0.820312 0.573438 0.820312 0.559375
5 0.303125 0.553125 0.303125 0.601562 0.325 0.601562 0.325 0.592188 0.326562 0.590625 0.326562 0.5875 0.325 0.585938 0.325 0.553125
6 0.596875 0.096875 0.596875 0.139062 0.620313 0.139062 0.620313 0.096875
6 0.171875 0.265625 0.171875 0.3 0.179688 0.3 0.18125 0.301562 0.182812 0.301562 0.184375 0.3 0.189063 0.3 0.190625 0.298438 0.195312 0.298438 0.195312 0.265625
6 0.621875 0.096875 0.621875 0.139062 0.635938 0.139062 0.635938 0.134375 0.6375 0.132812 0.6375 0.125 0.639063 0.123438 0.639063 0.10625 0.6375 0.104687 0.6375 0.096875
6 0.596875 0.271875 0.596875 0.307813 0.620313 0.307813 0.620313 0.271875
6 0.259375 0.271875 0.259375 0.307813 0.273438 0.307813 0.273438 0.303125 0.275 0.301562 0.275 0.3 0.278125 0.296875 0.282813 0.296875 0.282813 0.284375 0.278125 0.284375 0.276563 0.282813 0.276563 0.271875
6 0.571875 0.096875 0.571875 0.145313 0.5875 0.145313 0.5875 0.140625 0.592188 0.135937 0.592188 0.123438 0.59375 0.121875 0.59375 0.096875
5 0.746875 0.559375 0.746875 0.596875 0.753125 0.596875 0.754687 0.598437 0.767187 0.598437 0.76875 0.596875 0.770312 0.596875 0.771875 0.595312 0.776563 0.595312 0.776563 0.559375
6 0.484375 0.096875 0.484375 0.1375 0.507812 0.1375 0.507812 0.096875
6 0.321875 0.271875 0.321875 0.307813 0.339063 0.307813 0.339063 0.303125 0.340625 0.301562 0.345313 0.301562 0.345313 0.271875
5 0.771875 0.559375 0.771875 0.598437 0.790625 0.598437 0.792188 0.596875 0.79375 0.596875 0.79375 0.595312 0.795313 0.59375 0.795313 0.585938 0.796875 0.584375 0.801562 0.584375 0.801562 0.559375
6 0.859375 0.096875 0.859375 0.145313 0.871875 0.145313 0.871875 0.140625 0.875 0.1375 0.876562 0.1375 0.879687 0.134375 0.879687 0.13125 0.88125 0.129688 0.88125 0.126563 0.882812 0.125 0.882812 0.123438 0.884375 0.121875 0.889063 0.121875 0.889063 0.096875
6 0.534375 0.271875 0.534375 0.307813 0.557813 0.307813 0.557813 0.271875
6 0.640625 0.271875 0.640625 0.307813 0.664062 0.307813 0.664062 0.271875
6 0.834375 0.271875 0.834375 0.307813 0.846875 0.307813 0.846875 0.303125 0.848437 0.301562 0.848437 0.3 0.85 0.298438 0.85 0.296875 0.851562 0.295312 0.851562 0.2875 0.853125 0.285937 0.857813 0.285937 0.857813 0.271875
6 0.496875 0.271875 0.496875 0.307813 0.510938 0.307813 0.510938 0.301562 0.5125 0.3 0.5125 0.271875
5 0.659375 0.559375 0.659375 0.601562 0.676562 0.601562 0.676562 0.590625 0.678125 0.589063 0.678125 0.58125 0.679688 0.579687 0.679688 0.573438 0.68125 0.571875 0.68125 0.559375
6 0.853125 0.271875 0.853125 0.307813 0.865625 0.307813 0.865625 0.303125 0.86875 0.3 0.876562 0.3 0.876562 0.271875
6 0.053125 0.115625 0.053125 0.145313 0.0703125 0.145313 0.0703125 0.139062 0.071875 0.1375 0.0765625 0.1375 0.0765625 0.115625
6 0.440625 0.096875 0.440625 0.1375 0.454688 0.1375 0.45625 0.135937 0.464063 0.135937 0.464063 0.096875
6 0.234375 0.271875 0.234375 0.307813 0.251563 0.307813 0.251563 0.303125 0.254687 0.3 0.254687 0.298438 0.25625 0.296875 0.25625 0.290625 0.254687 0.289062 0.254687 0.271875
6 0.771875 0.271875 0.771875 0.307813 0.785937 0.307813 0.785937 0.3 0.7875 0.298438 0.7875 0.271875
6 0.284375 0.096875 0.284375 0.139062 0.307813 0.139062 0.307813 0.104687 0.303125 0.104687 0.301562 0.103125 0.301562 0.096875
6 0.303125 0.096875 0.303125 0.139062 0.332812 0.139062 0.332812 0.096875
6 0.415625 0.096875 0.415625 0.1375 0.432813 0.1375 0.434375 0.135937 0.435937 0.135937 0.435937 0.134375 0.4375 0.132812 0.4375 0.103125 0.435937 0.101562 0.435937 0.096875
6 0.659375 0.271875 0.659375 0.307813 0.679688 0.307813 0.679688 0.271875
6 0.340625 0.271875 0.340625 0.307813 0.360938 0.307813 0.360938 0.3 0.3625 0.298438 0.3625 0.271875
6 0.559375 0.271875 0.559375 0.307813 0.573438 0.307813 0.573438 0.3 0.575 0.298438 0.575 0.271875
6 0.128125 0.265625 0.128125 0.301562 0.151562 0.301562 0.151562 0.265625
6 0.215625 0.271875 0.215625 0.307813 0.226562 0.307813 0.226562 0.303125 0.228125 0.301562 0.229687 0.301562 0.23125 0.3 0.239063 0.3 0.239063 0.271875
6 0.190625 0.265625 0.190625 0.3 0.198437 0.3 0.2 0.301562 0.207813 0.301562 0.209375 0.3 0.210938 0.3 0.2125 0.298438 0.2125 0.296875 0.214062 0.295312 0.214062 0.29375 0.2125 0.292188 0.2125 0.265625
6 0.753125 0.096875 0.753125 0.139062 0.770312 0.139062 0.770312 0.134375 0.771875 0.132812 0.776563 0.132812 0.776563 0.096875
6 0.090625 0.265625 0.090625 0.301562 0.0984375 0.301562 0.1 0.3 0.103125 0.3 0.10625 0.296875 0.10625 0.265625
6 0.428125 0.271875 0.428125 0.307813 0.451562 0.307813 0.451562 0.271875
6 0.703125 0.271875 0.703125 0.307813 0.721875 0.307813 0.721875 0.301562 0.723437 0.3 0.723437 0.2875 0.725 0.285937 0.725 0.28125 0.723437 0.279687 0.723437 0.271875
6 0.578125 0.271875 0.578125 0.307813 0.595312 0.307813 0.595312 0.301562 0.596875 0.3 0.601562 0.3 0.601562 0.271875
6 0.746875 0.271875 0.746875 0.307813 0.770312 0.307813 0.770312 0.271875
6 0.884375 0.096875 0.884375 0.139062 0.903125 0.139062 0.903125 0.134375 0.904688 0.132812 0.904688 0.13125 0.90625 0.129688 0.90625 0.126563 0.907812 0.125 0.907812 0.117188 0.909375 0.115625 0.914062 0.115625 0.914062 0.096875
6 0.815625 0.271875 0.815625 0.307813 0.826563 0.307813 0.826563 0.303125 0.828125 0.301562 0.828125 0.298438 0.829687 0.296875 0.829687 0.285937 0.83125 0.284375 0.83125 0.271875
6 0.071875 0.115625 0.071875 0.145313 0.0921875 0.145313 0.0921875 0.135937 0.09375 0.134375 0.09375 0.126563 0.0921875 0.125 0.0921875 0.115625
6 0.790625 0.271875 0.790625 0.307813 0.80625 0.307813 0.80625 0.303125 0.809375 0.3 0.814062 0.3 0.814062 0.271875
6 0.278125 0.265625 0.278125 0.307813 0.301562 0.307813 0.301562 0.265625
6 0.109375 0.265625 0.109375 0.301562 0.117188 0.301562 0.11875 0.3 0.123438 0.3 0.126563 0.296875 0.132812 0.296875 0.132812 0.279687 0.128125 0.279687 0.126563 0.278125 0.126563 0.265625
6 0.459375 0.096875 0.459375 0.1375 0.476562 0.1375 0.478125 0.135937 0.479688 0.135937 0.479688 0.134375 0.48125 0.132812 0.48125 0.121875 0.482812 0.120312 0.482812 0.10625 0.48125 0.104687 0.48125 0.096875
6 0.303125 0.265625 0.303125 0.307813 0.317187 0.307813 0.317187 0.301562 0.31875 0.3 0.31875 0.298438 0.320312 0.296875 0.320312 0.2875 0.31875 0.285937 0.31875 0.265625
6 0.153125 0.265625 0.153125 0.3 0.167187 0.3 0.171875 0.295312 0.176563 0.295312 0.176563 0.2875 0.171875 0.2875 0.170312 0.285937 0.170312 0.275 0.16875 0.273438 0.16875 0.265625
6 0.453125 0.271875 0.453125 0.307813 0.467187 0.307813 0.467187 0.296875 0.46875 0.295312 0.46875 0.271875
6 0.728125 0.271875 0.728125 0.307813 0.742188 0.307813 0.742188 0.301562 0.74375 0.3 0.74375 0.296875 0.745313 0.295312 0.745313 0.292188 0.746875 0.290625 0.751562 0.290625 0.751562 0.271875
6 0.365625 0.271875 0.365625 0.307813 0.389062 0.307813 0.389062 0.271875
6 0.778125 0.096875 0.778125 0.139062 0.789062 0.139062 0.789062 0.134375 0.790625 0.132812 0.790625 0.13125 0.792188 0.129688 0.792188 0.126563 0.79375 0.125 0.79375 0.096875
6 0.121875 0.115625 0.121875 0.145313 0.145313 0.145313 0.145313 0.128125 0.140625 0.128125 0.139062 0.126563 0.139062 0.115625
6 0.796875 0.096875 0.796875 0.139062 0.809375 0.139062 0.809375 0.132812 0.8125 0.129688 0.8125 0.128125 0.815625 0.125 0.820312 0.125 0.820312 0.096875
6 0.140625 0.115625 0.140625 0.145313 0.164062 0.145313 0.164062 0.115625
6 0.190625 0.096875 0.190625 0.145313 0.198437 0.145313 0.198437 0.140625 0.2 0.139062 0.201562 0.139062 0.203125 0.1375 0.209375 0.1375 0.210938 0.135937 0.2125 0.135937 0.214062 0.134375 0.220313 0.134375 0.220313 0.107813 0.215625 0.107813 0.214062 0.10625 0.214062 0.096875
6 0.165625 0.115625 0.165625 0.145313 0.18125 0.145313 0.18125 0.115625
5 0.734375 0.003125 0.734375 0.0328125 0.775 0.0328125 0.775 0.028125 0.779688 0.0234375 0.779688 0.021875 0.78125 0.0203125 0.78125 0.0171875 0.782812 0.015625 0.782812 0.0125 0.785937 0.009375 0.785937 0.003125
5 0.665625 0.559375 0.665625 0.601562 0.678125 0.601562 0.678125 0.589063 0.679688 0.5875 0.679688 0.579687 0.68125 0.578125 0.68125 0.559375
0 0.734375 0.003125 0.734375 0.0328125 0.775 0.0328125 0.775 0.028125 0.78125 0.021875 0.78125 0.01875 0.782812 0.0171875 0.782812 0.0140625 0.784375 0.0125 0.784375 0.0109375 0.785937 0.009375 0.785937 0.003125
5 0.834375 0.003125 0.834375 0.0328125 0.879687 0.0328125 0.879687 0.025 0.88125 0.0234375 0.88125 0.0203125 0.882812 0.01875 0.882812 0.015625 0.884375 0.0140625 0.884375 0.0125 0.8875 0.009375 0.8875 0.003125
5 0.790625 0.003125 0.790625 0.0328125 0.828125 0.0328125 0.828125 0.028125 0.829687 0.0265625 0.829687 0.025 0.83125 0.0234375 0.83125 0.0203125 0.832812 0.01875 0.832812 0.0140625 0.834375 0.0125 0.834375 0.0109375 0.835938 0.009375 0.835938 0.003125
