7 0.509375 0.453125 0.509375 0.545313 0.515625 0.545313 0.517187 0.54375 0.53125 0.54375 0.532812 0.542188 0.6 0.542188 0.601562 0.540625 0.603125 0.542188 0.609375 0.542188 0.610937 0.540625 0.610937 0.539062 0.6125 0.5375 0.6125 0.51875 0.610937 0.517187 0.610937 0.4625 0.6125 0.460938 0.6125 0.453125
7 0.190625 0.459375 0.190625 0.554688 0.235938 0.554688 0.2375 0.553125 0.26875 0.553125 0.270312 0.551562 0.289062 0.551562 0.290625 0.553125 0.295312 0.553125 0.298438 0.55 0.298438 0.548437 0.3 0.546875 0.3 0.54375 0.298438 0.542188 0.298438 0.523438 0.296875 0.521875 0.296875 0.495313 0.295312 0.49375 0.295312 0.48125 0.296875 0.479688 0.296875 0.459375
7 0.409375 0.096875 0.409375 0.214062 0.415625 0.214062 0.417188 0.2125 0.44375 0.2125 0.445312 0.214062 0.496875 0.214062 0.498437 0.2125 0.501562 0.2125 0.503125 0.214062 0.509375 0.214062 0.510938 0.2125 0.5125 0.2125 0.5125 0.210938 0.514063 0.209375 0.520312 0.209375 0.520312 0.204688 0.515625 0.204688 0.514063 0.203125 0.514063 0.179688 0.515625 0.178125 0.520312 0.178125 0.520312 0.171875 0.515625 0.171875 0.514063 0.170312 0.514063 0.121875 0.5125 0.120312 0.5125 0.096875
7 0.515625 0.096875 0.515625 0.214062 0.532812 0.214062 0.534375 0.2125 0.540625 0.2125 0.542188 0.214062 0.553125 0.214062 0.554688 0.215625 0.554688 0.220313 0.620313 0.220313 0.620313 0.120312 0.615625 0.120312 0.614062 0.11875 0.614062 0.096875
7 0.615625 0.096875 0.615625 0.220313 0.678125 0.220313 0.678125 0.215625 0.679688 0.214062 0.70625 0.214062 0.707812 0.215625 0.707812 0.220313 0.707812 0.215625 0.709375 0.214062 0.710938 0.214062 0.7125 0.2125 0.714063 0.2125 0.715625 0.210938 0.720312 0.210938 0.720312 0.160938 0.715625 0.160938 0.714063 0.159375 0.714063 0.146875 0.715625 0.145313 0.720312 0.145313 0.720312 0.13125 0.715625 0.13125 0.714063 0.129688 0.714063 0.107813 0.7125 0.10625 0.7125 0.096875
7 0.071875 0.465625 0.071875 0.564062 0.1125 0.564062 0.1125 0.559375 0.114063 0.557813 0.129688 0.557813 0.13125 0.55625 0.146875 0.55625 0.148438 0.554688 0.165625 0.554688 0.167187 0.55625 0.1875 0.55625 0.189063 0.554688 0.195312 0.554688 0.195312 0.490625 0.190625 0.490625 0.189063 0.489062 0.189063 0.482812 0.190625 0.48125 0.195312 0.48125 0.195312 0.465625
7 0.809375 0.096875 0.809375 0.195312 0.814062 0.195312 0.814062 0.190625 0.817187 0.1875 0.901563 0.1875 0.903125 0.185937 0.914062 0.185937 0.914062 0.103125 0.909375 0.103125 0.907812 0.101562 0.907812 0.096875
7 0.078125 0.084375 0.078125 0.179688 0.09375 0.179688 0.0953125 0.178125 0.104687 0.178125 0.10625 0.179688 0.114063 0.179688 0.115625 0.18125 0.173438 0.18125 0.175 0.182812 0.190625 0.182812 0.19375 0.179688 0.19375 0.173438 0.195312 0.171875 0.195312 0.151562 0.19375 0.15 0.19375 0.084375
0 0.359375 0.709375 0.359375 0.734375 0.360938 0.735937 0.360938 0.739062 0.367188 0.745313 0.367188 0.790625 0.365625 0.792188 0.365625 0.795313 0.364062 0.796875 0.364062 0.798437 0.3625 0.8 0.3625 0.801562 0.359375 0.804688 0.359375 0.80625 0.357812 0.807813 0.353125 0.807813 0.353125 0.8625 0.359375 0.8625 0.3625 0.865625 0.3625 0.867188 0.360938 0.86875 0.360938 0.876562 0.409375 0.876562 0.409375 0.8625 0.407813 0.860937 0.407813 0.859375 0.40625 0.857813 0.40625 0.854688 0.404687 0.853125 0.404687 0.829687 0.403125 0.828125 0.403125 0.801562 0.404687 0.8 0.404687 0.770312 0.40625 0.76875 0.40625 0.751562 0.407813 0.75 0.407813 0.709375
7 0.403125 0.453125 0.403125 0.551562 0.503125 0.551562 0.503125 0.546875 0.504687 0.545313 0.50625 0.545313 0.509375 0.542188 0.514063 0.542188 0.514063 0.5 0.509375 0.5 0.507812 0.498437 0.507812 0.453125
7 0.715625 0.103125 0.715625 0.220313 0.728125 0.220313 0.728125 0.215625 0.729688 0.214062 0.75 0.214062 0.751562 0.215625 0.751562 0.220313 0.78125 0.220313 0.78125 0.215625 0.782812 0.214062 0.80625 0.214062 0.807813 0.215625 0.807813 0.220313 0.807813 0.215625 0.809375 0.214062 0.809375 0.2125 0.8125 0.209375 0.8125 0.203125 0.814062 0.201562 0.8125 0.2 0.8125 0.103125
7 0.303125 0.090625 0.303125 0.210938 0.348437 0.210938 0.35 0.2125 0.395312 0.2125 0.396875 0.214062 0.403125 0.214062 0.404687 0.2125 0.414062 0.2125 0.414062 0.110937 0.409375 0.110937 0.407813 0.109375 0.407813 0.107813 0.409375 0.10625 0.414062 0.10625 0.414062 0.090625
0 0.403125 0.709375 0.403125 0.73125 0.407813 0.73125 0.409375 0.732813 0.409375 0.740625 0.407813 0.742188 0.403125 0.742188 0.403125 0.859375 0.407813 0.859375 0.410937 0.8625 0.410937 0.867188 0.414062 0.870313 0.414062 0.876562 0.415625 0.876562 0.415625 0.871875 0.417188 0.870313 0.421875 0.870313 0.423438 0.86875 0.453125 0.86875 0.45625 0.865625 0.45625 0.85625 0.454688 0.854688 0.454688 0.757812 0.453125 0.75625 0.453125 0.754687 0.451562 0.754687 0.446875 0.75 0.446875 0.746875 0.445312 0.745313 0.446875 0.74375 0.446875 0.728125 0.445312 0.726562 0.445312 0.723437 0.44375 0.721875 0.44375 0.720312 0.440625 0.717188 0.440625 0.715625 0.439063 0.714063 0.439063 0.709375
0 0.496875 0.709375 0.496875 0.870313 0.525 0.870313 0.525 0.865625 0.526563 0.864062 0.528125 0.864062 0.529688 0.8625 0.532812 0.8625 0.534375 0.860937 0.539062 0.860937 0.540625 0.859375 0.54375 0.859375 0.546875 0.85625 0.546875 0.854688 0.553125 0.848437 0.557813 0.848437 0.557813 0.807813 0.553125 0.807813 0.551562 0.80625 0.551562 0.76875 0.55 0.767187 0.55 0.760938 0.548437 0.759375 0.548437 0.754687 0.546875 0.753125 0.546875 0.745313 0.545313 0.74375 0.545313 0.728125 0.54375 0.726562 0.54375 0.709375 0.509375 0.709375 0.509375 0.714063 0.507812 0.715625 0.50625 0.714063 0.50625 0.709375
7 0.296875 0.459375 0.296875 0.557813 0.307813 0.557813 0.307813 0.553125 0.309375 0.551562 0.314063 0.551562 0.315625 0.55 0.351562 0.55 0.353125 0.548437 0.403125 0.548437 0.404687 0.546875 0.40625 0.546875 0.40625 0.528125 0.404687 0.526563 0.404687 0.459375
0 0.803125 0.690625 0.803125 0.720312 0.807813 0.720312 0.8125 0.725 0.814062 0.725 0.815625 0.726562 0.815625 0.728125 0.817187 0.729688 0.817187 0.734375 0.81875 0.735937 0.81875 0.7375 0.820312 0.739062 0.820312 0.740625 0.821875 0.742188 0.821875 0.74375 0.823438 0.745313 0.825 0.745313 0.826563 0.746875 0.828125 0.746875 0.832812 0.751562 0.832812 0.753125 0.834375 0.754687 0.834375 0.798437 0.835938 0.8 0.835938 0.825 0.83125 0.829687 0.829687 0.829687 0.828125 0.83125 0.81875 0.83125 0.817187 0.832812 0.815625 0.832812 0.814062 0.834375 0.810938 0.834375 0.809375 0.835938 0.803125 0.835938 0.803125 0.851562 0.839063 0.851562 0.839063 0.846875 0.842188 0.84375 0.845312 0.84375 0.846875 0.842188 0.848437 0.842188 0.85 0.840625 0.85 0.839063 0.85625 0.832812 0.857813 0.832812 0.859375 0.83125 0.871875 0.83125 0.873438 0.829687 0.882812 0.829687 0.882812 0.75 0.878125 0.75 0.875 0.746875 0.875 0.745313 0.865625 0.735937 0.865625 0.734375 0.864062 0.732813 0.864062 0.729688 0.8625 0.728125 0.8625 0.725 0.860937 0.723437 0.860937 0.721875 0.859375 0.720312 0.857813 0.720312 0.85625 0.71875 0.851562 0.71875 0.848437 0.715625 0.846875 0.715625 0.845312 0.714063 0.845312 0.7125 0.84375 0.710938 0.84375 0.690625
0 0.546875 0.703125 0.546875 0.81875 0.551562 0.81875 0.553125 0.820312 0.553125 0.832812 0.554688 0.834375 0.554688 0.846875 0.551562 0.85 0.546875 0.85 0.546875 0.864062 0.59375 0.864062 0.59375 0.859375 0.596875 0.85625 0.596875 0.854688 0.598437 0.853125 0.598437 0.851562 0.6 0.85 0.6 0.848437 0.601562 0.846875 0.601562 0.84375 0.6 0.842188 0.6 0.83125 0.598437 0.829687 0.598437 0.765625 0.596875 0.764063 0.596875 0.760938 0.595312 0.759375 0.595312 0.757812 0.59375 0.75625 0.59375 0.754687 0.592188 0.753125 0.592188 0.748438 0.590625 0.746875 0.590625 0.735937 0.589063 0.734375 0.589063 0.703125
0 0.489062 0.85625 0.48125 0.85625 0.479688 0.854688 0.476562 0.854688 0.475 0.85625 0.475 0.8625 0.476562 0.864062 0.476562 0.870313 0.490625 0.870313 0.490625 0.857813 0.489062 0.85625 0.489062 0.851562 0.490625 0.85 0.490625 0.848437 0.492188 0.846875 0.492188 0.834375 0.49375 0.832812 0.49375 0.801562 0.495313 0.8 0.495313 0.782812 0.49375 0.78125 0.49375 0.748438 0.492188 0.746875 0.492188 0.7375 0.490625 0.735937 0.490625 0.73125 0.489062 0.729688 0.489062 0.723437 0.4875 0.721875 0.4875 0.709375 0.465625 0.709375 0.465625 0.85 0.470313 0.85 0.471875 0.851562 0.489062 0.851562
7 0.196875 0.090625 0.196875 0.18125 0.2125 0.18125 0.214062 0.179688 0.215625 0.179688 0.217187 0.18125 0.234375 0.18125 0.235938 0.182812 0.245312 0.182812 0.246875 0.184375 0.246875 0.189063 0.307813 0.189063 0.307813 0.090625
0 0.765625 0.690625 0.765625 0.728125 0.770312 0.728125 0.771875 0.729688 0.771875 0.73125 0.773438 0.732813 0.773438 0.734375 0.775 0.735937 0.775 0.7375 0.776563 0.739062 0.776563 0.742188 0.778125 0.74375 0.778125 0.745313 0.784375 0.751562 0.784375 0.754687 0.785937 0.75625 0.785937 0.757812 0.7875 0.759375 0.7875 0.764063 0.789062 0.765625 0.789062 0.767187 0.7875 0.76875 0.7875 0.771875 0.789062 0.773438 0.789062 0.817187 0.790625 0.81875 0.790625 0.828125 0.789062 0.829687 0.789062 0.83125 0.785937 0.834375 0.784375 0.834375 0.782812 0.835938 0.78125 0.835938 0.779688 0.8375 0.778125 0.8375 0.776563 0.839063 0.765625 0.839063 0.765625 0.848437 0.796875 0.848437 0.798437 0.846875 0.804688 0.846875 0.809375 0.842188 0.809375 0.840625 0.8125 0.8375 0.8125 0.835938 0.815625 0.832812 0.817187 0.832812 0.820312 0.829687 0.826563 0.829687 0.828125 0.828125 0.832812 0.828125 0.834375 0.826563 0.839063 0.826563 0.839063 0.773438 0.834375 0.773438 0.832812 0.771875 0.834375 0.770312 0.839063 0.770312 0.839063 0.754687 0.834375 0.754687 0.826563 0.746875 0.825 0.746875 0.821875 0.74375 0.820312 0.74375 0.81875 0.742188 0.81875 0.740625 0.817187 0.739062 0.817187 0.7375 0.815625 0.735937 0.815625 0.73125 0.814062 0.729688 0.814062 0.728125 0.80625 0.720312 0.80625 0.71875 0.804688 0.717188 0.804688 0.714063 0.803125 0.7125 0.803125 0.698438 0.801562 0.696875 0.801562 0.690625
0 0.721875 0.696875 0.721875 0.734375 0.726562 0.734375 0.729688 0.7375 0.729688 0.740625 0.73125 0.742188 0.73125 0.746875 0.732813 0.748438 0.732813 0.75 0.740625 0.757812 0.740625 0.759375 0.742188 0.760938 0.742188 0.7875 0.74375 0.789062 0.74375 0.832812 0.742188 0.834375 0.742188 0.835938 0.739062 0.839063 0.7375 0.839063 0.735937 0.840625 0.721875 0.840625 0.721875 0.857813 0.74375 0.857813 0.74375 0.853125 0.745313 0.851562 0.746875 0.851562 0.748438 0.85 0.754687 0.85 0.75625 0.848437 0.7625 0.848437 0.764063 0.846875 0.765625 0.846875 0.767187 0.845312 0.76875 0.845312 0.76875 0.84375 0.775 0.8375 0.776563 0.8375 0.778125 0.835938 0.782812 0.835938 0.785937 0.832812 0.785937 0.83125 0.790625 0.826563 0.795313 0.826563 0.795313 0.817187 0.790625 0.817187 0.789062 0.815625 0.789062 0.814062 0.7875 0.8125 0.7875 0.7875 0.785937 0.785937 0.785937 0.778125 0.7875 0.776563 0.7875 0.7625 0.785937 0.760938 0.785937 0.75625 0.784375 0.754687 0.784375 0.753125 0.778125 0.746875 0.778125 0.745313 0.775 0.742188 0.775 0.740625 0.773438 0.739062 0.773438 0.734375 0.771875 0.732813 0.771875 0.73125 0.76875 0.728125 0.76875 0.726562 0.764063 0.721875 0.764063 0.71875 0.7625 0.717188 0.7625 0.696875
6 0.696875 0.978125 0.696875 0.998438 0.726562 0.998438 0.726562 0.990625 0.721875 0.990625 0.71875 0.9875 0.71875 0.985937 0.717188 0.984375 0.717188 0.978125
0 0.590625 0.709375 0.590625 0.757812 0.595312 0.757812 0.598437 0.760938 0.598437 0.764063 0.6 0.765625 0.6 0.832812 0.601562 0.834375 0.601562 0.84375 0.6 0.845312 0.6 0.846875 0.596875 0.85 0.590625 0.85 0.590625 0.864062 0.628125 0.864062 0.628125 0.859375 0.629687 0.857813 0.63125 0.857813 0.632812 0.85625 0.634375 0.85625 0.635938 0.854688 0.635938 0.853125 0.6375 0.851562 0.6375 0.85 0.645312 0.842188 0.651563 0.842188 0.651563 0.764063 0.646875 0.764063 0.64375 0.760938 0.64375 0.759375 0.640625 0.75625 0.640625 0.753125 0.639063 0.751562 0.639063 0.74375 0.6375 0.742188 0.6375 0.739062 0.635938 0.7375 0.635938 0.735937 0.634375 0.734375 0.634375 0.73125 0.632812 0.729688 0.632812 0.721875 0.63125 0.720312 0.63125 0.709375
6 0.834375 0.965625 0.834375 0.998438 0.870313 0.998438 0.870313 0.995313 0.86875 0.99375 0.86875 0.992188 0.867188 0.990625 0.867188 0.9875 0.865625 0.985937 0.865625 0.982813 0.864062 0.98125 0.864062 0.979688 0.85625 0.971875 0.85625 0.965625
0 0.634375 0.703125 0.634375 0.751562 0.639063 0.751562 0.642187 0.754687 0.642187 0.75625 0.64375 0.757812 0.64375 0.759375 0.645312 0.760938 0.645312 0.770312 0.646875 0.771875 0.646875 0.795313 0.648438 0.796875 0.648438 0.839063 0.646875 0.840625 0.646875 0.842188 0.645312 0.84375 0.64375 0.84375 0.642187 0.845312 0.640625 0.845312 0.639063 0.846875 0.634375 0.846875 0.634375 0.85625 0.667188 0.85625 0.66875 0.854688 0.673437 0.854688 0.675 0.853125 0.678125 0.853125 0.679688 0.851562 0.68125 0.851562 0.68125 0.85 0.682813 0.848437 0.682813 0.846875 0.684375 0.845312 0.685938 0.845312 0.6875 0.84375 0.689062 0.84375 0.69375 0.839063 0.69375 0.8375 0.695312 0.835938 0.695312 0.804688 0.696875 0.803125 0.701563 0.803125 0.701563 0.765625 0.696875 0.765625 0.69375 0.7625 0.69375 0.760938 0.692187 0.759375 0.692187 0.757812 0.690625 0.75625 0.690625 0.754687 0.689062 0.753125 0.689062 0.751562 0.685938 0.748438 0.685938 0.746875 0.684375 0.745313 0.684375 0.742188 0.682813 0.740625 0.682813 0.735937 0.68125 0.734375 0.68125 0.732813 0.678125 0.729688 0.678125 0.726562 0.676562 0.725 0.676562 0.717188 0.675 0.715625 0.675 0.710938 0.676562 0.709375 0.676562 0.703125
0 0.678125 0.703125 0.678125 0.746875 0.684375 0.746875 0.685938 0.748438 0.685938 0.75 0.6875 0.751562 0.6875 0.753125 0.692187 0.757812 0.692187 0.759375 0.69375 0.760938 0.69375 0.764063 0.695312 0.765625 0.695312 0.767187 0.69375 0.76875 0.69375 0.776563 0.695312 0.778125 0.695312 0.8375 0.69375 0.839063 0.69375 0.840625 0.692187 0.842188 0.690625 0.842188 0.689062 0.84375 0.6875 0.84375 0.685938 0.845312 0.678125 0.845312 0.678125 0.853125 0.710938 0.853125 0.7125 0.851562 0.717188 0.851562 0.728125 0.840625 0.73125 0.840625 0.732813 0.839063 0.7375 0.839063 0.739062 0.8375 0.745313 0.8375 0.745313 0.757812 0.739062 0.757812 0.73125 0.75 0.73125 0.748438 0.728125 0.745313 0.728125 0.740625 0.726562 0.739062 0.726562 0.732813 0.721875 0.728125 0.721875 0.726562 0.71875 0.723437 0.71875 0.721875 0.717188 0.720312 0.717188 0.703125
6 0.721875 0.978125 0.721875 0.998438 0.751562 0.998438 0.751562 0.995313 0.745313 0.995313 0.74375 0.99375 0.74375 0.990625 0.740625 0.9875 0.740625 0.985937 0.739062 0.984375 0.739062 0.978125
6 0.615625 0.984375 0.615625 0.998438 0.6375 0.998438 0.6375 0.984375
6 0.759375 0.971875 0.759375 0.985937 0.764063 0.985937 0.767187 0.989062 0.767187 0.990625 0.76875 0.992188 0.76875 0.995313 0.770312 0.996875 0.770312 0.998438 0.7875 0.998438 0.7875 0.99375 0.785937 0.992188 0.785937 0.989062 0.782812 0.985937 0.782812 0.984375 0.78125 0.982813 0.78125 0.98125 0.779688 0.979688 0.779688 0.978125 0.778125 0.976562 0.778125 0.971875
6 0.778125 0.971875 0.778125 0.982813 0.782812 0.982813 0.785937 0.985937 0.785937 0.9875 0.7875 0.989062 0.7875 0.990625 0.789062 0.992188 0.789062 0.998438 0.814062 0.998438 0.814062 0.99375 0.809375 0.99375 0.807813 0.992188 0.807813 0.990625 0.804688 0.9875 0.804688 0.985937 0.803125 0.984375 0.803125 0.982813 0.801562 0.98125 0.801562 0.979688 0.8 0.978125 0.8 0.971875
6 0.740625 0.978125 0.740625 0.99375 0.745313 0.99375 0.748438 0.996875 0.748438 0.998438 0.770312 0.998438 0.770312 0.989062 0.764063 0.989062 0.7625 0.9875 0.7625 0.985937 0.760938 0.984375 0.760938 0.978125
6 0.803125 0.971875 0.803125 0.989062 0.807813 0.989062 0.809375 0.990625 0.809375 0.992188 0.810938 0.99375 0.810938 0.998438 0.839063 0.998438 0.839063 0.984375 0.832812 0.984375 0.83125 0.982813 0.829687 0.982813 0.826563 0.979688 0.823438 0.979688 0.820312 0.976562 0.820312 0.971875
6 0.859375 0.965625 0.859375 0.978125 0.864062 0.978125 0.867188 0.98125 0.867188 0.982813 0.86875 0.984375 0.86875 0.9875 0.870313 0.989062 0.870313 0.992188 0.871875 0.99375 0.871875 0.998438 0.895312 0.998438 0.895312 0.979688 0.889063 0.979688 0.879687 0.970312 0.879687 0.965625
6 0.640625 0.984375 0.640625 0.998438 0.657812 0.998438 0.657812 0.996875 0.65625 0.995313 0.65625 0.984375
0 0.659375 0.703125 0.659375 0.854688 0.673437 0.854688 0.675 0.853125 0.690625 0.853125 0.692187 0.851562 0.715625 0.851562 0.726562 0.840625 0.729688 0.840625 0.73125 0.839063 0.739062 0.839063 0.739062 0.753125 0.734375 0.753125 0.729688 0.748438 0.729688 0.746875 0.728125 0.745313 0.728125 0.740625 0.726562 0.739062 0.726562 0.732813 0.720312 0.726562 0.720312 0.725 0.717188 0.721875 0.717188 0.715625 0.715625 0.714063 0.717188 0.7125 0.717188 0.703125
6 0.740625 0.978125 0.740625 0.985937 0.74375 0.989062 0.745313 0.989062 0.746875 0.990625 0.745313 0.992188 0.74375 0.992188 0.742188 0.99375 0.734375 0.99375 0.734375 0.998438 0.764063 0.998438 0.764063 0.978125
6 0.790625 0.971875 0.790625 0.998438 0.814062 0.998438 0.814062 0.99375 0.809375 0.99375 0.807813 0.992188 0.807813 0.990625 0.80625 0.989062 0.80625 0.9875 0.804688 0.985937 0.804688 0.984375 0.803125 0.982813 0.803125 0.98125 0.801562 0.979688 0.801562 0.971875
6 0.853125 0.965625 0.853125 0.98125 0.857813 0.98125 0.859375 0.979688 0.864062 0.979688 0.86875 0.984375 0.86875 0.985937 0.870313 0.9875 0.870313 0.998438 0.889063 0.998438 0.889063 0.976562 0.882812 0.976562 0.878125 0.971875 0.878125 0.965625
6 0.728125 0.978125 0.728125 0.998438 0.751562 0.998438 0.751562 0.995313 0.746875 0.995313 0.74375 0.992188 0.74375 0.990625 0.742188 0.989062 0.742188 0.9875 0.739062 0.984375 0.739062 0.978125
