10 0.684375 0.540625 0.684375 0.58125 0.690625 0.58125 0.692187 0.582812 0.717188 0.582812 0.71875 0.58125 0.745313 0.58125 0.748438 0.578125 0.748438 0.575 0.75 0.573438 0.75 0.548437 0.748438 0.546875 0.748438 0.540625
9 0.721875 0.803125 0.721875 0.876562 0.759375 0.876562 0.759375 0.871875 0.760938 0.870313 0.76875 0.870313 0.770312 0.86875 0.790625 0.86875 0.792188 0.867188 0.795313 0.867188 0.798437 0.864062 0.8 0.864062 0.803125 0.860937 0.803125 0.859375 0.804688 0.857813 0.804688 0.85 0.80625 0.848437 0.80625 0.845312 0.807813 0.84375 0.807813 0.840625 0.809375 0.839063 0.814062 0.839063 0.814062 0.8375 0.809375 0.8375 0.807813 0.835938 0.807813 0.829687 0.80625 0.828125 0.80625 0.823438 0.804688 0.821875 0.804688 0.81875 0.803125 0.817187 0.803125 0.810938 0.801562 0.809375 0.801562 0.803125
9 0.640625 0.809375 0.640625 0.875 0.660937 0.875 0.6625 0.873438 0.7 0.873438 0.701563 0.871875 0.709375 0.871875 0.710938 0.870313 0.714063 0.870313 0.715625 0.86875 0.717188 0.86875 0.720312 0.865625 0.721875 0.865625 0.721875 0.864062 0.723437 0.8625 0.723437 0.85 0.725 0.848437 0.725 0.835938 0.723437 0.834375 0.723437 0.820312 0.720312 0.817187 0.720312 0.809375
10 0.571875 0.540625 0.571875 0.58125 0.578125 0.58125 0.579687 0.582812 0.584375 0.582812 0.585938 0.584375 0.585938 0.589063 0.626562 0.589063 0.626562 0.584375 0.629687 0.58125 0.629687 0.579687 0.63125 0.578125 0.63125 0.55 0.629687 0.548437 0.629687 0.540625
8 0.190625 0.821875 0.190625 0.829687 0.189063 0.83125 0.184375 0.83125 0.184375 0.879687 0.190625 0.879687 0.19375 0.882812 0.195312 0.882812 0.196875 0.884375 0.196875 0.889063 0.239063 0.889063 0.239063 0.882812 0.234375 0.882812 0.232812 0.88125 0.23125 0.88125 0.229687 0.879687 0.229687 0.878125 0.228125 0.876562 0.228125 0.873438 0.226562 0.871875 0.226562 0.851562 0.228125 0.85 0.228125 0.845312 0.23125 0.842188 0.23125 0.839063 0.232812 0.8375 0.232812 0.83125 0.234375 0.829687 0.239063 0.829687 0.239063 0.821875
9 0.553125 0.809375 0.553125 0.832812 0.557813 0.832812 0.559375 0.834375 0.559375 0.8625 0.557813 0.864062 0.553125 0.864062 0.553125 0.882812 0.570312 0.882812 0.570312 0.878125 0.571875 0.876562 0.582812 0.876562 0.584375 0.875 0.632812 0.875 0.634375 0.873438 0.635938 0.873438 0.639063 0.870313 0.639063 0.864062 0.640625 0.8625 0.640625 0.85 0.642187 0.848437 0.642187 0.834375 0.640625 0.832812 0.640625 0.825 0.639063 0.823438 0.639063 0.809375
1 0.640625 0.921875 0.640625 0.989062 0.660937 0.989062 0.660937 0.984375 0.6625 0.982813 0.675 0.982813 0.676562 0.98125 0.7 0.98125 0.701563 0.979688 0.715625 0.979688 0.717188 0.978125 0.71875 0.978125 0.71875 0.976562 0.720312 0.975 0.720312 0.959375 0.721875 0.957812 0.726562 0.957812 0.726562 0.946875 0.721875 0.946875 0.720312 0.945312 0.720312 0.9375 0.71875 0.935938 0.71875 0.921875
1 0.715625 0.915625 0.715625 0.940625 0.720312 0.940625 0.721875 0.942187 0.721875 0.948438 0.723437 0.95 0.723437 0.957812 0.721875 0.959375 0.721875 0.967188 0.720312 0.96875 0.715625 0.96875 0.715625 0.982813 0.767187 0.982813 0.767187 0.978125 0.76875 0.976562 0.785937 0.976562 0.7875 0.978125 0.7875 0.982813 0.789062 0.982813 0.789062 0.978125 0.790625 0.976562 0.792188 0.976562 0.79375 0.975 0.795313 0.975 0.8 0.970312 0.8 0.964063 0.801562 0.9625 0.801562 0.954687 0.803125 0.953125 0.807813 0.953125 0.807813 0.95 0.803125 0.95 0.801562 0.948438 0.801562 0.940625 0.8 0.939062 0.8 0.934375 0.798437 0.932813 0.798437 0.915625
8 0.621875 0.690625 0.621875 0.764063 0.64375 0.764063 0.64375 0.754687 0.645312 0.753125 0.645312 0.748438 0.646875 0.746875 0.651563 0.746875 0.651563 0.710938 0.646875 0.710938 0.645312 0.709375 0.645312 0.690625
8 0.234375 0.815625 0.234375 0.828125 0.232812 0.829687 0.228125 0.829687 0.228125 0.889063 0.276563 0.889063 0.276563 0.882812 0.275 0.88125 0.275 0.878125 0.273438 0.876562 0.273438 0.875 0.271875 0.873438 0.271875 0.867188 0.270312 0.865625 0.270312 0.845312 0.271875 0.84375 0.271875 0.835938 0.273438 0.834375 0.273438 0.821875 0.275 0.820312 0.275 0.815625
9 0.478125 0.809375 0.478125 0.882812 0.551562 0.882812 0.551562 0.876562 0.553125 0.875 0.553125 0.871875 0.554688 0.870313 0.554688 0.86875 0.55625 0.867188 0.55625 0.865625 0.557813 0.864062 0.557813 0.834375 0.55625 0.832812 0.55625 0.809375
10 0.346875 0.546875 0.346875 0.589063 0.353125 0.589063 0.354688 0.5875 0.390625 0.5875 0.39375 0.584375 0.395312 0.584375 0.396875 0.582812 0.401563 0.582812 0.401563 0.546875
8 0.140625 0.821875 0.140625 0.889063 0.195312 0.889063 0.195312 0.88125 0.190625 0.88125 0.184375 0.875 0.184375 0.870313 0.182812 0.86875 0.182812 0.854688 0.184375 0.853125 0.184375 0.848437 0.185937 0.846875 0.185937 0.84375 0.1875 0.842188 0.1875 0.839063 0.189063 0.8375 0.189063 0.834375 0.190625 0.832812 0.195312 0.832812 0.195312 0.821875
8 0.121875 0.703125 0.121875 0.710938 0.120312 0.7125 0.115625 0.7125 0.115625 0.764063 0.120312 0.764063 0.123438 0.767187 0.123438 0.776563 0.15 0.776563 0.15 0.771875 0.148438 0.770312 0.148438 0.76875 0.145313 0.765625 0.145313 0.7625 0.14375 0.760938 0.14375 0.757812 0.140625 0.754687 0.140625 0.753125 0.139062 0.751562 0.139062 0.728125 0.140625 0.726562 0.140625 0.725 0.142188 0.723437 0.142188 0.721875 0.14375 0.720312 0.14375 0.717188 0.145313 0.715625 0.145313 0.703125
8 0.365625 0.696875 0.365625 0.76875 0.370313 0.76875 0.371875 0.770312 0.376563 0.770312 0.378125 0.771875 0.378125 0.776563 0.378125 0.771875 0.379687 0.770312 0.395312 0.770312 0.395312 0.742188 0.390625 0.742188 0.389062 0.740625 0.389062 0.714063 0.390625 0.7125 0.395312 0.7125 0.395312 0.696875
8 0.184375 0.703125 0.184375 0.764063 0.190625 0.764063 0.192188 0.765625 0.192188 0.76875 0.19375 0.770312 0.19375 0.776563 0.21875 0.776563 0.21875 0.770312 0.215625 0.767187 0.215625 0.764063 0.214062 0.7625 0.214062 0.759375 0.2125 0.757812 0.2125 0.75625 0.210938 0.754687 0.210938 0.753125 0.209375 0.751562 0.209375 0.748438 0.207813 0.746875 0.207813 0.728125 0.209375 0.726562 0.209375 0.725 0.2125 0.721875 0.2125 0.717188 0.214062 0.715625 0.214062 0.703125
10 0.471875 0.540625 0.471875 0.589063 0.528125 0.589063 0.528125 0.582812 0.529688 0.58125 0.529688 0.579687 0.53125 0.578125 0.53125 0.540625
10 0.115625 0.546875 0.115625 0.595312 0.217187 0.595312 0.217187 0.590625 0.21875 0.589063 0.265625 0.589063 0.267188 0.5875 0.270312 0.5875 0.271875 0.585938 0.276563 0.585938 0.276563 0.546875
8 0.434375 0.696875 0.434375 0.770312 0.45625 0.770312 0.45625 0.7625 0.457812 0.760938 0.457812 0.721875 0.459375 0.720312 0.464063 0.720312 0.464063 0.696875
10 0.640625 0.540625 0.640625 0.55 0.645312 0.55 0.646875 0.551562 0.646875 0.565625 0.645312 0.567187 0.640625 0.567187 0.640625 0.58125 0.648438 0.58125 0.65 0.582812 0.670313 0.582812 0.671875 0.58125 0.673437 0.58125 0.675 0.579687 0.682813 0.579687 0.682813 0.540625
0 0.334375 0.140625 0.334375 0.153125 0.332812 0.154687 0.328125 0.154687 0.328125 0.24375 0.334375 0.24375 0.335938 0.245312 0.3375 0.245312 0.339063 0.246875 0.339063 0.251563 0.34375 0.251563 0.34375 0.246875 0.345313 0.245312 0.3625 0.245312 0.364062 0.24375 0.378125 0.24375 0.38125 0.240625 0.38125 0.235938 0.379687 0.234375 0.379687 0.228125 0.378125 0.226562 0.378125 0.217187 0.376563 0.215625 0.376563 0.18125 0.375 0.179688 0.375 0.164062 0.376563 0.1625 0.376563 0.140625
8 0.415625 0.696875 0.415625 0.770312 0.439063 0.770312 0.439063 0.696875
7 0.490625 0 0.490625 0.0203125 0.607813 0.0203125 0.607813 0
8 0.215625 0.696875 0.215625 0.714063 0.214062 0.715625 0.209375 0.715625 0.209375 0.757812 0.214062 0.757812 0.217187 0.760938 0.217187 0.765625 0.21875 0.767187 0.21875 0.776563 0.239063 0.776563 0.239063 0.770312 0.2375 0.76875 0.2375 0.764063 0.235938 0.7625 0.235938 0.757812 0.234375 0.75625 0.234375 0.753125 0.232812 0.751562 0.232812 0.740625 0.23125 0.739062 0.23125 0.73125 0.232812 0.729688 0.232812 0.720312 0.234375 0.71875 0.234375 0.717188 0.235938 0.715625 0.235938 0.7125 0.2375 0.710938 0.2375 0.696875
0 0.803125 0.146875 0.803125 0.154687 0.809375 0.154687 0.810938 0.15625 0.817187 0.15625 0.81875 0.157813 0.821875 0.157813 0.823438 0.159375 0.826563 0.159375 0.83125 0.164062 0.83125 0.167187 0.832812 0.16875 0.832812 0.178125 0.83125 0.179688 0.83125 0.1875 0.829687 0.189063 0.829687 0.204688 0.828125 0.20625 0.828125 0.207813 0.823438 0.2125 0.821875 0.2125 0.81875 0.215625 0.817187 0.215625 0.817187 0.217187 0.815625 0.21875 0.815625 0.220313 0.810938 0.225 0.810938 0.226562 0.809375 0.228125 0.803125 0.228125 0.803125 0.251563 0.84375 0.251563 0.84375 0.246875 0.846875 0.24375 0.848437 0.24375 0.853125 0.239063 0.853125 0.235938 0.854688 0.234375 0.854688 0.229687 0.857813 0.226562 0.857813 0.225 0.859375 0.223438 0.860937 0.223438 0.8625 0.221875 0.864062 0.221875 0.875 0.210938 0.876562 0.210938 0.878125 0.209375 0.878125 0.201562 0.879687 0.2 0.879687 0.185937 0.88125 0.184375 0.88125 0.16875 0.882812 0.167187 0.882812 0.164062 0.879687 0.160938 0.878125 0.160938 0.876562 0.159375 0.875 0.159375 0.873438 0.157813 0.870313 0.157813 0.86875 0.15625 0.867188 0.15625 0.864062 0.153125 0.864062 0.146875
8 0.271875 0.815625 0.271875 0.889063 0.317187 0.889063 0.317187 0.882812 0.31875 0.88125 0.31875 0.879687 0.320312 0.878125 0.320312 0.876562 0.31875 0.875 0.31875 0.870313 0.317187 0.86875 0.317187 0.864062 0.315625 0.8625 0.315625 0.845312 0.317187 0.84375 0.317187 0.815625
0 0.571875 0.140625 0.571875 0.154687 0.576563 0.154687 0.579687 0.157813 0.579687 0.160938 0.58125 0.1625 0.58125 0.207813 0.579687 0.209375 0.579687 0.2125 0.578125 0.214062 0.578125 0.217187 0.576563 0.21875 0.571875 0.21875 0.571875 0.245312 0.61875 0.245312 0.61875 0.235938 0.620313 0.234375 0.620313 0.228125 0.621875 0.226562 0.621875 0.225 0.623438 0.223438 0.623438 0.220313 0.625 0.21875 0.625 0.217187 0.626562 0.215625 0.626562 0.214062 0.628125 0.2125 0.628125 0.207813 0.629687 0.20625 0.629687 0.185937 0.63125 0.184375 0.63125 0.154687 0.629687 0.153125 0.629687 0.15 0.63125 0.148438 0.63125 0.140625
0 0.478125 0.140625 0.478125 0.251563 0.503125 0.251563 0.503125 0.246875 0.504687 0.245312 0.507812 0.245312 0.509375 0.24375 0.520312 0.24375 0.523438 0.240625 0.523438 0.2375 0.525 0.235938 0.525 0.23125 0.526563 0.229687 0.526563 0.215625 0.528125 0.214062 0.528125 0.207813 0.529688 0.20625 0.529688 0.140625
10 0.173438 0.609375 0.173438 0.615625 0.171875 0.617188 0.165625 0.617188 0.165625 0.65625 0.173438 0.65625 0.175 0.657812 0.189063 0.657812 0.190625 0.65625 0.321875 0.65625 0.325 0.653125 0.325 0.632812 0.326562 0.63125 0.326562 0.625 0.328125 0.623438 0.332812 0.623438 0.332812 0.61875 0.328125 0.61875 0.326562 0.617188 0.326562 0.609375
8 0.146875 0.703125 0.146875 0.7125 0.145313 0.714063 0.140625 0.714063 0.140625 0.7625 0.145313 0.7625 0.148438 0.765625 0.148438 0.767187 0.151562 0.770312 0.151562 0.776563 0.173438 0.776563 0.173438 0.770312 0.171875 0.76875 0.171875 0.765625 0.170312 0.764063 0.170312 0.7625 0.16875 0.760938 0.16875 0.759375 0.167187 0.757812 0.167187 0.754687 0.165625 0.753125 0.165625 0.75 0.164062 0.748438 0.164062 0.732813 0.165625 0.73125 0.165625 0.726562 0.167187 0.725 0.167187 0.721875 0.16875 0.720312 0.16875 0.714063 0.170312 0.7125 0.170312 0.703125
8 0.234375 0.696875 0.234375 0.76875 0.239063 0.76875 0.240625 0.770312 0.240625 0.776563 0.264062 0.776563 0.264062 0.770312 0.260938 0.767187 0.260938 0.765625 0.259375 0.764063 0.259375 0.7625 0.257812 0.760938 0.257812 0.742188 0.25625 0.740625 0.257812 0.739062 0.257812 0.725 0.259375 0.723437 0.259375 0.71875 0.260938 0.717188 0.260938 0.7125 0.2625 0.710938 0.2625 0.696875
8 0.390625 0.696875 0.390625 0.770312 0.414062 0.770312 0.414062 0.753125 0.4125 0.751562 0.4125 0.696875
0 0.625 0.146875 0.625 0.151562 0.63125 0.157813 0.63125 0.164062 0.632812 0.165625 0.632812 0.171875 0.63125 0.173438 0.63125 0.2 0.629687 0.201562 0.629687 0.209375 0.628125 0.210938 0.628125 0.2125 0.623438 0.217187 0.623438 0.220313 0.620313 0.223438 0.615625 0.223438 0.615625 0.245312 0.665625 0.245312 0.665625 0.240625 0.667188 0.239063 0.667188 0.232812 0.66875 0.23125 0.66875 0.229687 0.670313 0.228125 0.670313 0.225 0.671875 0.223438 0.671875 0.220313 0.676562 0.215625 0.676562 0.214062 0.678125 0.2125 0.678125 0.196875 0.679688 0.195312 0.679688 0.185937 0.68125 0.184375 0.68125 0.18125 0.682813 0.179688 0.682813 0.178125 0.684375 0.176563 0.689062 0.176563 0.689062 0.165625 0.684375 0.165625 0.682813 0.164062 0.682813 0.1625 0.68125 0.160938 0.68125 0.159375 0.679688 0.157813 0.679688 0.15625 0.676562 0.153125 0.676562 0.146875
8 0.478125 0.690625 0.478125 0.770312 0.507812 0.770312 0.507812 0.690625
0 0.521875 0.140625 0.521875 0.151562 0.526563 0.151562 0.529688 0.154687 0.529688 0.215625 0.528125 0.217187 0.528125 0.221875 0.526563 0.223438 0.521875 0.223438 0.521875 0.245312 0.571875 0.245312 0.571875 0.235938 0.573438 0.234375 0.573438 0.23125 0.575 0.229687 0.575 0.225 0.576563 0.223438 0.576563 0.215625 0.578125 0.214062 0.578125 0.207813 0.579687 0.20625 0.579687 0.160938 0.578125 0.159375 0.578125 0.153125 0.576563 0.151562 0.576563 0.140625
8 0.665625 0.690625 0.665625 0.71875 0.670313 0.71875 0.671875 0.720312 0.671875 0.728125 0.670313 0.729688 0.665625 0.729688 0.665625 0.764063 0.68125 0.764063 0.68125 0.759375 0.684375 0.75625 0.684375 0.754687 0.685938 0.753125 0.685938 0.751562 0.6875 0.75 0.6875 0.748438 0.690625 0.745313 0.695312 0.745313 0.695312 0.703125 0.690625 0.703125 0.689062 0.701563 0.689062 0.7 0.6875 0.698438 0.6875 0.690625
7 0.378125 0 0.378125 0.0203125 0.495313 0.0203125 0.495313 0
0 0.378125 0.140625 0.378125 0.245312 0.432813 0.245312 0.432813 0.15625 0.426562 0.15625 0.423438 0.153125 0.421875 0.153125 0.420312 0.151562 0.41875 0.151562 0.417188 0.15 0.415625 0.15 0.4125 0.146875 0.4125 0.140625
8 0.640625 0.690625 0.640625 0.698438 0.645312 0.698438 0.646875 0.7 0.646875 0.7125 0.648438 0.714063 0.648438 0.735937 0.646875 0.7375 0.646875 0.746875 0.645312 0.748438 0.640625 0.748438 0.640625 0.764063 0.6625 0.764063 0.6625 0.759375 0.664062 0.757812 0.664062 0.754687 0.665625 0.753125 0.665625 0.75 0.667188 0.748438 0.667188 0.74375 0.66875 0.742188 0.66875 0.73125 0.670313 0.729688 0.670313 0.715625 0.66875 0.714063 0.66875 0.7125 0.667188 0.710938 0.667188 0.70625 0.665625 0.704687 0.665625 0.690625
8 0.728125 0.684375 0.728125 0.7 0.732813 0.7 0.734375 0.701563 0.734375 0.703125 0.735937 0.704687 0.735937 0.707812 0.7375 0.709375 0.7375 0.710938 0.739062 0.7125 0.739062 0.732813 0.7375 0.734375 0.7375 0.7375 0.735937 0.739062 0.735937 0.742188 0.732813 0.745313 0.728125 0.745313 0.728125 0.764063 0.745313 0.764063 0.745313 0.757812 0.75 0.753125 0.751562 0.753125 0.754687 0.75 0.75625 0.75 0.759375 0.746875 0.759375 0.745313 0.760938 0.74375 0.760938 0.735937 0.7625 0.734375 0.7625 0.717188 0.764063 0.715625 0.7625 0.714063 0.7625 0.707812 0.757812 0.703125 0.757812 0.701563 0.75625 0.7 0.75625 0.698438 0.754687 0.696875 0.754687 0.684375
0 0.665625 0.140625 0.665625 0.148438 0.670313 0.148438 0.673437 0.151562 0.673437 0.153125 0.676562 0.15625 0.676562 0.157813 0.682813 0.164062 0.682813 0.179688 0.68125 0.18125 0.68125 0.207813 0.679688 0.209375 0.679688 0.210938 0.673437 0.217187 0.673437 0.21875 0.671875 0.220313 0.665625 0.220313 0.665625 0.245312 0.7125 0.245312 0.7125 0.235938 0.714063 0.234375 0.714063 0.229687 0.715625 0.228125 0.715625 0.226562 0.717188 0.225 0.717188 0.223438 0.720312 0.220313 0.720312 0.217187 0.728125 0.209375 0.728125 0.203125 0.729688 0.201562 0.729688 0.184375 0.73125 0.182812 0.73125 0.176563 0.732813 0.175 0.732813 0.16875 0.73125 0.167187 0.73125 0.164062 0.726562 0.159375 0.725 0.159375 0.71875 0.153125 0.71875 0.140625
6 0.421875 0.296875 0.421875 0.339063 0.445312 0.339063 0.445312 0.296875
6 0.784375 0.446875 0.784375 0.482812 0.796875 0.482812 0.796875 0.478125 0.8 0.475 0.807813 0.475 0.807813 0.446875
0 0.709375 0.140625 0.709375 0.151562 0.715625 0.151562 0.717188 0.153125 0.71875 0.153125 0.721875 0.15625 0.723437 0.15625 0.726562 0.159375 0.728125 0.159375 0.732813 0.164062 0.732813 0.182812 0.73125 0.184375 0.73125 0.20625 0.729688 0.207813 0.729688 0.210938 0.726562 0.214062 0.725 0.214062 0.721875 0.217187 0.721875 0.21875 0.71875 0.221875 0.71875 0.223438 0.715625 0.226562 0.709375 0.226562 0.709375 0.245312 0.742188 0.245312 0.74375 0.24375 0.753125 0.24375 0.754687 0.242188 0.757812 0.242188 0.759375 0.240625 0.759375 0.2375 0.760938 0.235938 0.760938 0.232812 0.7625 0.23125 0.7625 0.229687 0.764063 0.228125 0.764063 0.226562 0.765625 0.225 0.765625 0.220313 0.776563 0.209375 0.778125 0.209375 0.778125 0.1875 0.779688 0.185937 0.779688 0.179688 0.78125 0.178125 0.78125 0.165625 0.776563 0.160938 0.775 0.160938 0.773438 0.159375 0.771875 0.159375 0.765625 0.153125 0.765625 0.140625
6 0.640625 0.446875 0.640625 0.482812 0.664062 0.482812 0.664062 0.446875
6 0.559375 0.446875 0.559375 0.482812 0.576563 0.482812 0.576563 0.473437 0.578125 0.471875 0.582812 0.471875 0.582812 0.446875
6 0.621875 0.446875 0.621875 0.482812 0.639063 0.482812 0.639063 0.45625 0.6375 0.454688 0.6375 0.446875
6 0.371875 0.446875 0.371875 0.489062 0.382812 0.489062 0.382812 0.484375 0.3875 0.479688 0.389062 0.479688 0.390625 0.478125 0.395312 0.478125 0.395312 0.446875
6 0.659375 0.446875 0.659375 0.482812 0.682813 0.482812 0.682813 0.446875
6 0.515625 0.446875 0.515625 0.482812 0.526563 0.482812 0.528125 0.48125 0.532812 0.48125 0.534375 0.479688 0.539062 0.479688 0.539062 0.446875
6 0.434375 0.446875 0.434375 0.482812 0.44375 0.482812 0.445312 0.48125 0.448438 0.48125 0.451562 0.478125 0.457812 0.478125 0.457812 0.446875
6 0.746875 0.296875 0.746875 0.33125 0.760938 0.33125 0.7625 0.329688 0.770312 0.329688 0.770312 0.296875
0 0.759375 0.146875 0.759375 0.151562 0.765625 0.151562 0.771875 0.157813 0.775 0.157813 0.776563 0.159375 0.778125 0.159375 0.782812 0.164062 0.782812 0.167187 0.784375 0.16875 0.784375 0.173438 0.782812 0.175 0.782812 0.185937 0.78125 0.1875 0.78125 0.204688 0.779688 0.20625 0.779688 0.209375 0.773438 0.215625 0.771875 0.215625 0.771875 0.21875 0.770312 0.220313 0.770312 0.221875 0.76875 0.223438 0.76875 0.225 0.764063 0.229687 0.759375 0.229687 0.759375 0.24375 0.765625 0.24375 0.767187 0.245312 0.770312 0.245312 0.771875 0.246875 0.771875 0.251563 0.79375 0.251563 0.79375 0.246875 0.796875 0.24375 0.798437 0.24375 0.801562 0.240625 0.801562 0.239063 0.803125 0.2375 0.803125 0.234375 0.80625 0.23125 0.80625 0.229687 0.807813 0.228125 0.807813 0.226562 0.810938 0.223438 0.810938 0.221875 0.814062 0.21875 0.814062 0.217187 0.820312 0.210938 0.821875 0.210938 0.823438 0.209375 0.825 0.209375 0.825 0.207813 0.826563 0.20625 0.826563 0.204688 0.828125 0.203125 0.828125 0.1875 0.829687 0.185937 0.829687 0.175 0.83125 0.173438 0.83125 0.16875 0.829687 0.167187 0.829687 0.164062 0.828125 0.1625 0.826563 0.1625 0.825 0.160938 0.821875 0.160938 0.820312 0.159375 0.81875 0.159375 0.817187 0.157813 0.815625 0.157813 0.814062 0.15625 0.8125 0.15625 0.809375 0.153125 0.809375 0.146875
6 0.153125 0.453125 0.153125 0.489062 0.167187 0.489062 0.167187 0.484375 0.171875 0.479688 0.176563 0.479688 0.176563 0.453125
6 0.578125 0.446875 0.578125 0.482812 0.601562 0.482812 0.601562 0.446875
8 0.459375 0.696875 0.459375 0.770312 0.48125 0.770312 0.48125 0.765625 0.479688 0.764063 0.479688 0.696875
6 0.740625 0.446875 0.740625 0.482812 0.759375 0.482812 0.759375 0.476562 0.760938 0.475 0.760938 0.471875 0.7625 0.470313 0.7625 0.467187 0.760938 0.465625 0.760938 0.446875
6 0.259375 0.446875 0.259375 0.489062 0.278125 0.489062 0.278125 0.482812 0.279687 0.48125 0.279687 0.479688 0.28125 0.478125 0.28125 0.4625 0.282813 0.460938 0.282813 0.454688 0.284375 0.453125 0.289062 0.453125 0.289062 0.446875
6 0.509375 0.296875 0.509375 0.339063 0.523438 0.339063 0.523438 0.334375 0.526563 0.33125 0.532812 0.33125 0.532812 0.296875
6 0.540625 0.446875 0.540625 0.48125 0.551562 0.48125 0.554688 0.478125 0.554688 0.471875 0.55625 0.470313 0.55625 0.465625 0.554688 0.464063 0.554688 0.446875
6 0.765625 0.446875 0.765625 0.482812 0.778125 0.482812 0.778125 0.476562 0.784375 0.470313 0.789062 0.470313 0.789062 0.459375 0.784375 0.459375 0.782812 0.457812 0.782812 0.446875
6 0.328125 0.453125 0.328125 0.489062 0.340625 0.489062 0.340625 0.484375 0.345313 0.479688 0.351562 0.479688 0.351562 0.453125
6 0.315625 0.296875 0.315625 0.339063 0.326562 0.339063 0.326562 0.334375 0.332812 0.328125 0.332812 0.296875
6 0.478125 0.453125 0.478125 0.48125 0.490625 0.48125 0.492188 0.479688 0.492188 0.478125 0.49375 0.476562 0.49375 0.453125
6 0.453125 0.446875 0.453125 0.48125 0.4625 0.48125 0.464063 0.482812 0.465625 0.48125 0.470313 0.48125 0.471875 0.479688 0.476562 0.479688 0.476562 0.446875
6 0.490625 0.296875 0.490625 0.339063 0.503125 0.339063 0.503125 0.332812 0.504687 0.33125 0.504687 0.329688 0.50625 0.328125 0.50625 0.296875
6 0.265625 0.296875 0.265625 0.332812 0.275 0.332812 0.276563 0.334375 0.276563 0.339063 0.279687 0.339063 0.279687 0.334375 0.28125 0.332812 0.284375 0.332812 0.2875 0.329688 0.2875 0.296875
6 0.596875 0.296875 0.596875 0.339063 0.610937 0.339063 0.610937 0.334375 0.615625 0.329688 0.620313 0.329688 0.620313 0.296875
6 0.246875 0.296875 0.246875 0.339063 0.257812 0.339063 0.257812 0.334375 0.260938 0.33125 0.2625 0.33125 0.265625 0.328125 0.270312 0.328125 0.270312 0.296875
6 0.771875 0.296875 0.771875 0.33125 0.782812 0.33125 0.785937 0.328125 0.785937 0.326562 0.7875 0.325 0.7875 0.303125 0.785937 0.301562 0.785937 0.296875
6 0.390625 0.446875 0.390625 0.482812 0.404687 0.482812 0.40625 0.48125 0.414062 0.48125 0.414062 0.446875
6 0.603125 0.446875 0.603125 0.48125 0.614062 0.48125 0.617188 0.478125 0.617188 0.473437 0.61875 0.471875 0.61875 0.464063 0.617188 0.4625 0.617188 0.446875
6 0.128125 0.453125 0.128125 0.489062 0.142188 0.489062 0.142188 0.484375 0.14375 0.482812 0.146875 0.482812 0.148438 0.48125 0.148438 0.479688 0.15 0.478125 0.15 0.453125
6 0.415625 0.446875 0.415625 0.482812 0.421875 0.482812 0.423438 0.48125 0.428125 0.48125 0.429688 0.479688 0.429688 0.478125 0.43125 0.476562 0.43125 0.446875
6 0.534375 0.296875 0.534375 0.339063 0.546875 0.339063 0.546875 0.332812 0.548437 0.33125 0.548437 0.329688 0.55 0.328125 0.55 0.296875
6 0.446875 0.296875 0.446875 0.339063 0.459375 0.339063 0.459375 0.332812 0.4625 0.329688 0.4625 0.320312 0.464063 0.31875 0.464063 0.30625 0.4625 0.304688 0.4625 0.296875
6 0.334375 0.303125 0.334375 0.339063 0.353125 0.339063 0.353125 0.332812 0.354688 0.33125 0.354688 0.329688 0.35625 0.328125 0.35625 0.317187 0.357812 0.315625 0.357812 0.3125 0.35625 0.310937 0.35625 0.303125
6 0.803125 0.446875 0.803125 0.475 0.810938 0.475 0.8125 0.476562 0.815625 0.476562 0.817187 0.475 0.826563 0.475 0.826563 0.446875
8 0.684375 0.690625 0.684375 0.701563 0.689062 0.701563 0.690625 0.703125 0.690625 0.704687 0.692187 0.70625 0.692187 0.710938 0.69375 0.7125 0.69375 0.735937 0.692187 0.7375 0.692187 0.742188 0.690625 0.74375 0.690625 0.745313 0.689062 0.746875 0.684375 0.746875 0.684375 0.764063 0.703125 0.764063 0.703125 0.759375 0.704687 0.757812 0.704687 0.75625 0.707812 0.753125 0.707812 0.751562 0.709375 0.75 0.709375 0.746875 0.710938 0.745313 0.710938 0.742188 0.7125 0.740625 0.7125 0.734375 0.714063 0.732813 0.714063 0.710938 0.7125 0.709375 0.7125 0.70625 0.710938 0.704687 0.710938 0.701563 0.709375 0.7 0.709375 0.690625
6 0.678125 0.296875 0.678125 0.339063 0.695312 0.339063 0.695312 0.334375 0.7 0.329688 0.7 0.326562 0.701563 0.325 0.701563 0.30625 0.7 0.304688 0.7 0.296875
2 0.503125 0.690625 0.503125 0.770312 0.54375 0.770312 0.54375 0.765625 0.545313 0.764063 0.545313 0.760938 0.546875 0.759375 0.546875 0.75625 0.548437 0.754687 0.548437 0.71875 0.55 0.717188 0.55 0.7125 0.548437 0.710938 0.548437 0.690625
6 0.309375 0.453125 0.309375 0.489062 0.320312 0.489062 0.320312 0.484375 0.323438 0.48125 0.323438 0.478125 0.325 0.476562 0.325 0.453125
6 0.615625 0.296875 0.615625 0.339063 0.628125 0.339063 0.628125 0.334375 0.63125 0.33125 0.639063 0.33125 0.639063 0.296875
6 0.853125 0.296875 0.853125 0.33125 0.876562 0.33125 0.876562 0.296875
6 0.703125 0.296875 0.703125 0.332812 0.715625 0.332812 0.717188 0.33125 0.720312 0.33125 0.721875 0.329688 0.726562 0.329688 0.726562 0.296875
8 0.709375 0.690625 0.709375 0.7125 0.714063 0.7125 0.715625 0.714063 0.715625 0.726562 0.714063 0.728125 0.709375 0.728125 0.709375 0.764063 0.720312 0.764063 0.720312 0.759375 0.721875 0.757812 0.723437 0.757812 0.728125 0.753125 0.728125 0.751562 0.73125 0.748438 0.73125 0.746875 0.732813 0.745313 0.732813 0.742188 0.734375 0.740625 0.734375 0.7375 0.735937 0.735937 0.735937 0.732813 0.7375 0.73125 0.7375 0.7125 0.735937 0.710938 0.735937 0.709375 0.734375 0.707812 0.734375 0.704687 0.732813 0.703125 0.732813 0.701563 0.73125 0.7 0.73125 0.696875 0.729688 0.695312 0.729688 0.690625
6 0.284375 0.446875 0.284375 0.489062 0.298438 0.489062 0.298438 0.484375 0.301562 0.48125 0.307813 0.48125 0.307813 0.446875
6 0.221875 0.296875 0.221875 0.339063 0.234375 0.339063 0.234375 0.334375 0.2375 0.33125 0.245312 0.33125 0.245312 0.304688 0.240625 0.304688 0.239063 0.303125 0.239063 0.296875
6 0.496875 0.453125 0.496875 0.482812 0.507812 0.482812 0.509375 0.48125 0.510938 0.48125 0.5125 0.479688 0.514063 0.479688 0.515625 0.478125 0.520312 0.478125 0.520312 0.453125
6 0.090625 0.453125 0.090625 0.48125 0.103125 0.48125 0.10625 0.478125 0.10625 0.453125
6 0.346875 0.446875 0.346875 0.489062 0.359375 0.489062 0.359375 0.484375 0.360938 0.482812 0.364062 0.482812 0.367188 0.479688 0.367188 0.446875
6 0.728125 0.296875 0.728125 0.332812 0.732813 0.332812 0.734375 0.33125 0.740625 0.33125 0.745313 0.326562 0.745313 0.320312 0.746875 0.31875 0.751562 0.31875 0.751562 0.296875
6 0.553125 0.296875 0.553125 0.339063 0.567187 0.339063 0.567187 0.332812 0.570312 0.329688 0.576563 0.329688 0.576563 0.296875
6 0.109375 0.453125 0.109375 0.482812 0.120312 0.482812 0.121875 0.48125 0.123438 0.48125 0.125 0.479688 0.126563 0.479688 0.128125 0.478125 0.132812 0.478125 0.132812 0.453125
6 0.465625 0.296875 0.465625 0.339063 0.476562 0.339063 0.476562 0.334375 0.482812 0.328125 0.482812 0.323438 0.484375 0.321875 0.489062 0.321875 0.489062 0.296875
6 0.196875 0.446875 0.196875 0.489062 0.210938 0.489062 0.210938 0.484375 0.2125 0.482812 0.214062 0.482812 0.215625 0.48125 0.217187 0.48125 0.21875 0.479688 0.21875 0.478125 0.220313 0.476562 0.220313 0.459375 0.221875 0.457812 0.226562 0.457812 0.226562 0.446875
8 0.215625 0.703125 0.215625 0.7125 0.217187 0.714063 0.217187 0.715625 0.215625 0.717188 0.215625 0.720312 0.214062 0.721875 0.209375 0.721875 0.209375 0.754687 0.214062 0.754687 0.215625 0.75625 0.215625 0.764063 0.214062 0.765625 0.209375 0.765625 0.209375 0.776563 0.232812 0.776563 0.232812 0.703125
10 0.396875 0.609375 0.396875 0.657812 0.504687 0.657812 0.504687 0.653125 0.50625 0.651563 0.53125 0.651563 0.532812 0.65 0.534375 0.65 0.535937 0.651563 0.542188 0.651563 0.54375 0.65 0.55625 0.65 0.557813 0.651563 0.567187 0.651563 0.56875 0.65 0.695312 0.65 0.696875 0.648438 0.707812 0.648438 0.709375 0.65 0.759375 0.65 0.760938 0.648438 0.765625 0.648438 0.76875 0.645312 0.76875 0.6375 0.770312 0.635938 0.770312 0.626562 0.771875 0.625 0.775 0.625 0.776563 0.623438 0.782812 0.623438 0.782812 0.620313 0.771875 0.620313 0.76875 0.617188 0.76875 0.609375
6 0.834375 0.296875 0.834375 0.33125 0.845312 0.33125 0.846875 0.329688 0.848437 0.329688 0.85 0.328125 0.85 0.296875
6 0.790625 0.296875 0.790625 0.33125 0.804688 0.33125 0.80625 0.329688 0.807813 0.329688 0.809375 0.328125 0.814062 0.328125 0.814062 0.296875
7 0.259375 0 0.259375 0.0109375 0.301562 0.0109375 0.303125 0.0125 0.373437 0.0125 0.376563 0.009375 0.376563 0.00625 0.378125 0.0046875 0.382812 0.0046875 0.382812 0
6 0.828125 0.446875 0.828125 0.476562 0.835938 0.476562 0.8375 0.478125 0.8375 0.482812 0.839063 0.482812 0.839063 0.478125 0.842188 0.475 0.842188 0.473437 0.845312 0.470313 0.845312 0.46875 0.846875 0.467187 0.851562 0.467187 0.851562 0.446875
0 0.440625 0.146875 0.440625 0.239063 0.476562 0.239063 0.476562 0.232812 0.471875 0.232812 0.470313 0.23125 0.470313 0.229687 0.46875 0.228125 0.46875 0.225 0.470313 0.223438 0.470313 0.221875 0.46875 0.220313 0.46875 0.201562 0.470313 0.2 0.470313 0.184375 0.471875 0.182812 0.476562 0.182812 0.476562 0.164062 0.471875 0.164062 0.470313 0.1625 0.470313 0.160938 0.46875 0.159375 0.46875 0.15625 0.467187 0.154687 0.467187 0.146875
7 0.284375 0.003125 0.284375 0.0109375 0.339063 0.0109375 0.340625 0.0125 0.373437 0.0125 0.375 0.0109375 0.375 0.009375 0.376563 0.0078125 0.376563 0.003125
6 0.153125 0.296875 0.153125 0.339063 0.159375 0.339063 0.159375 0.334375 0.160938 0.332812 0.167187 0.332812 0.16875 0.33125 0.175 0.33125 0.176563 0.332812 0.182812 0.332812 0.182812 0.296875
6 0.103125 0.296875 0.103125 0.332812 0.132812 0.332812 0.132812 0.296875
6 0.821875 0.296875 0.821875 0.33125 0.8375 0.33125 0.839063 0.329688 0.840625 0.329688 0.842188 0.33125 0.851562 0.33125 0.851562 0.296875
9 0.721875 0.915625 0.721875 0.982813 0.757812 0.982813 0.757812 0.978125 0.759375 0.976562 0.760938 0.978125 0.760938 0.982813 0.764063 0.982813 0.764063 0.978125 0.765625 0.976562 0.7875 0.976562 0.789062 0.978125 0.789062 0.982813 0.789062 0.978125 0.792188 0.975 0.79375 0.975 0.795313 0.973437 0.796875 0.973437 0.798437 0.971875 0.798437 0.970312 0.8 0.96875 0.8 0.9625 0.801562 0.960938 0.801562 0.954687 0.803125 0.953125 0.807813 0.953125 0.807813 0.951563 0.803125 0.951563 0.801562 0.95 0.801562 0.942187 0.8 0.940625 0.8 0.935938 0.798437 0.934375 0.798437 0.915625
8 0.196875 0.696875 0.196875 0.776563 0.232812 0.776563 0.232812 0.696875 0.217187 0.696875 0.217187 0.703125 0.220313 0.703125 0.221875 0.704687 0.221875 0.70625 0.223438 0.707812 0.223438 0.725 0.221875 0.726562 0.221875 0.735937 0.223438 0.7375 0.223438 0.754687 0.221875 0.75625 0.221875 0.7625 0.220313 0.764063 0.215625 0.764063 0.214062 0.7625 0.214062 0.757812 0.2125 0.75625 0.2125 0.748438 0.210938 0.746875 0.210938 0.728125 0.2125 0.726562 0.2125 0.721875 0.214062 0.720312 0.214062 0.696875
6 0.828125 0.296875 0.828125 0.33125 0.845312 0.33125 0.846875 0.329688 0.848437 0.329688 0.85 0.328125 0.85 0.315625 0.851562 0.314063 0.851562 0.309375 0.85 0.307813 0.85 0.296875
7 0.259375 0 0.259375 0.0140625 0.357812 0.0140625 0.357812 0
7 0.165625 0.003125 0.165625 0.0140625 0.264062 0.0140625 0.264062 0.003125
8 0.503125 0.690625 0.503125 0.770312 0.54375 0.770312 0.54375 0.764063 0.546875 0.760938 0.551562 0.760938 0.551562 0.690625
7 0.209375 0.003125 0.209375 0.0140625 0.264062 0.0140625 0.264062 0.003125
7 0.134375 0.003125 0.134375 0.0140625 0.264062 0.0140625 0.264062 0.003125
7 0.259375 0.003125 0.259375 0.0140625 0.301562 0.0140625 0.301562 0.003125
10 0.340625 0.609375 0.340625 0.657812 0.504687 0.657812 0.504687 0.653125 0.50625 0.651563 0.529688 0.651563 0.53125 0.65 0.5375 0.65 0.539062 0.651563 0.540625 0.651563 0.542188 0.65 0.5625 0.65 0.564062 0.651563 0.565625 0.65 0.667188 0.65 0.66875 0.648438 0.673437 0.648438 0.675 0.65 0.679688 0.65 0.68125 0.648438 0.701563 0.648438 0.701563 0.609375
6 0.459375 0.984375 0.459375 0.998438 0.48125 0.998438 0.48125 0.984375
