9 0.728125 0.428125 0.728125 0.470313 0.732813 0.470313 0.734375 0.471875 0.734375 0.473437 0.735937 0.475 0.735937 0.48125 0.7375 0.482812 0.7375 0.517187 0.735937 0.51875 0.735937 0.534375 0.734375 0.535937 0.734375 0.542188 0.732813 0.54375 0.728125 0.54375 0.728125 0.582812 0.79375 0.582812 0.79375 0.578125 0.795313 0.576563 0.8125 0.576563 0.814062 0.575 0.817187 0.575 0.821875 0.570312 0.821875 0.557813 0.823438 0.55625 0.823438 0.553125 0.825 0.551562 0.825 0.548437 0.826563 0.546875 0.826563 0.540625 0.828125 0.539062 0.828125 0.532812 0.829687 0.53125 0.829687 0.529688 0.83125 0.528125 0.83125 0.525 0.832812 0.523438 0.832812 0.507812 0.834375 0.50625 0.834375 0.48125 0.832812 0.479688 0.832812 0.471875 0.829687 0.46875 0.829687 0.467187 0.828125 0.465625 0.828125 0.464063 0.826563 0.4625 0.826563 0.457812 0.825 0.45625 0.825 0.445312 0.823438 0.44375 0.823438 0.428125
9 0.821875 0.428125 0.821875 0.464063 0.826563 0.464063 0.832812 0.470313 0.832812 0.473437 0.834375 0.475 0.834375 0.485938 0.835938 0.4875 0.835938 0.515625 0.834375 0.517187 0.834375 0.525 0.832812 0.526563 0.832812 0.53125 0.83125 0.532812 0.83125 0.535937 0.829687 0.5375 0.829687 0.539062 0.828125 0.540625 0.828125 0.542188 0.826563 0.54375 0.821875 0.54375 0.821875 0.576563 0.829687 0.576563 0.83125 0.575 0.879687 0.575 0.88125 0.573438 0.909375 0.573438 0.910937 0.571875 0.914062 0.571875 0.915625 0.570312 0.915625 0.56875 0.917188 0.567187 0.917188 0.55625 0.91875 0.554688 0.91875 0.546875 0.921875 0.54375 0.923437 0.54375 0.928125 0.539062 0.928125 0.529688 0.929688 0.528125 0.929688 0.509375 0.93125 0.507812 0.93125 0.489062 0.932813 0.4875 0.932813 0.48125 0.93125 0.479688 0.93125 0.464063 0.928125 0.460938 0.926562 0.460938 0.921875 0.45625 0.921875 0.454688 0.920313 0.453125 0.920313 0.428125
9 0.540625 0.440625 0.540625 0.589063 0.634375 0.589063 0.634375 0.584375 0.632812 0.582812 0.632812 0.557813 0.634375 0.55625 0.634375 0.548437 0.635938 0.546875 0.635938 0.534375 0.6375 0.532812 0.6375 0.517187 0.639063 0.515625 0.639063 0.504687 0.6375 0.503125 0.6375 0.476562 0.635938 0.475 0.635938 0.471875 0.634375 0.470313 0.634375 0.467187 0.632812 0.465625 0.632812 0.440625
9 0.634375 0.434375 0.634375 0.589063 0.654688 0.589063 0.654688 0.584375 0.65625 0.582812 0.670313 0.582812 0.671875 0.58125 0.721875 0.58125 0.726562 0.576563 0.726562 0.557813 0.728125 0.55625 0.728125 0.553125 0.729688 0.551562 0.729688 0.55 0.732813 0.546875 0.732813 0.532812 0.734375 0.53125 0.734375 0.517187 0.735937 0.515625 0.735937 0.482812 0.734375 0.48125 0.734375 0.473437 0.732813 0.471875 0.732813 0.467187 0.73125 0.465625 0.73125 0.459375 0.729688 0.457812 0.729688 0.434375
8 0.259375 0.446875 0.259375 0.565625 0.264062 0.565625 0.267188 0.56875 0.267188 0.571875 0.26875 0.573438 0.26875 0.582812 0.270312 0.584375 0.270312 0.590625 0.271875 0.592188 0.271875 0.59375 0.273438 0.595312 0.273438 0.601562 0.320312 0.601562 0.320312 0.571875 0.315625 0.571875 0.3125 0.56875 0.3125 0.567187 0.310937 0.565625 0.310937 0.5625 0.309375 0.560938 0.309375 0.55625 0.307813 0.554688 0.307813 0.495313 0.309375 0.49375 0.309375 0.490625 0.310937 0.489062 0.310937 0.484375 0.3125 0.482812 0.3125 0.465625 0.310937 0.464063 0.310937 0.446875
8 0.159375 0.446875 0.159375 0.570312 0.165625 0.570312 0.167187 0.571875 0.167187 0.573438 0.16875 0.575 0.16875 0.590625 0.170312 0.592188 0.170312 0.601562 0.226562 0.601562 0.226562 0.582812 0.221875 0.582812 0.220313 0.58125 0.220313 0.579687 0.21875 0.578125 0.21875 0.576563 0.217187 0.575 0.217187 0.571875 0.215625 0.570312 0.215625 0.56875 0.214062 0.567187 0.214062 0.557813 0.2125 0.55625 0.2125 0.553125 0.210938 0.551562 0.210938 0.55 0.209375 0.548437 0.209375 0.54375 0.207813 0.542188 0.207813 0.528125 0.20625 0.526563 0.20625 0.517187 0.207813 0.515625 0.207813 0.503125 0.209375 0.501562 0.209375 0.496875 0.210938 0.495313 0.210938 0.49375 0.2125 0.492188 0.2125 0.489062 0.214062 0.4875 0.214062 0.465625 0.215625 0.464063 0.215625 0.446875
8 0.215625 0.446875 0.215625 0.454688 0.217187 0.45625 0.217187 0.473437 0.215625 0.475 0.215625 0.48125 0.214062 0.482812 0.209375 0.482812 0.209375 0.5625 0.214062 0.5625 0.215625 0.564062 0.215625 0.565625 0.217187 0.567187 0.217187 0.570312 0.21875 0.571875 0.21875 0.589063 0.220313 0.590625 0.220313 0.59375 0.221875 0.59375 0.225 0.596875 0.225 0.601562 0.270312 0.601562 0.270312 0.595312 0.26875 0.59375 0.26875 0.5875 0.267188 0.585938 0.267188 0.578125 0.265625 0.576563 0.265625 0.570312 0.264062 0.56875 0.264062 0.565625 0.2625 0.564062 0.2625 0.5625 0.260938 0.560938 0.260938 0.557813 0.259375 0.55625 0.259375 0.55 0.257812 0.548437 0.257812 0.534375 0.25625 0.532812 0.25625 0.50625 0.257812 0.504687 0.257812 0.490625 0.259375 0.489062 0.259375 0.484375 0.260938 0.482812 0.260938 0.479688 0.2625 0.478125 0.2625 0.473437 0.264062 0.471875 0.264062 0.446875
8 0.309375 0.446875 0.309375 0.570312 0.314063 0.570312 0.317187 0.573438 0.317187 0.575 0.31875 0.576563 0.31875 0.59375 0.320312 0.595312 0.320312 0.601562 0.351562 0.601562 0.351562 0.596875 0.353125 0.595312 0.360938 0.595312 0.3625 0.59375 0.370313 0.59375 0.370313 0.55625 0.365625 0.55625 0.364062 0.554688 0.364062 0.553125 0.3625 0.551562 0.3625 0.545313 0.360938 0.54375 0.360938 0.540625 0.359375 0.539062 0.359375 0.510938 0.360938 0.509375 0.360938 0.489062 0.3625 0.4875 0.3625 0.46875 0.360938 0.467187 0.360938 0.446875
8 0.834375 0.140625 0.834375 0.159375 0.840625 0.159375 0.842188 0.160938 0.842188 0.1625 0.846875 0.167187 0.848437 0.167187 0.851562 0.170312 0.851562 0.171875 0.853125 0.173438 0.853125 0.19375 0.851562 0.195312 0.851562 0.196875 0.853125 0.198437 0.853125 0.20625 0.851562 0.207813 0.851562 0.239063 0.85 0.240625 0.85 0.245312 0.848437 0.246875 0.848437 0.248437 0.846875 0.25 0.846875 0.254687 0.845312 0.25625 0.845312 0.259375 0.839063 0.265625 0.834375 0.265625 0.834375 0.314063 0.85 0.314063 0.85 0.309375 0.851562 0.307813 0.851562 0.30625 0.853125 0.304688 0.854688 0.304688 0.857813 0.301562 0.857813 0.3 0.859375 0.298438 0.859375 0.275 0.860937 0.273438 0.860937 0.26875 0.865625 0.264062 0.865625 0.2625 0.86875 0.259375 0.86875 0.257812 0.871875 0.254687 0.871875 0.253125 0.873438 0.251563 0.873438 0.25 0.875 0.248437 0.875 0.246875 0.876562 0.245312 0.876562 0.240625 0.878125 0.239063 0.878125 0.235938 0.879687 0.234375 0.879687 0.229687 0.88125 0.228125 0.88125 0.21875 0.879687 0.217187 0.879687 0.16875 0.878125 0.167187 0.870313 0.167187 0.867188 0.164062 0.867188 0.1625 0.865625 0.160938 0.865625 0.140625
8 0.203125 0.159375 0.203125 0.173438 0.207813 0.173438 0.209375 0.175 0.209375 0.179688 0.210938 0.18125 0.210938 0.1875 0.209375 0.189063 0.209375 0.190625 0.207813 0.192188 0.203125 0.192188 0.203125 0.290625 0.207813 0.290625 0.210938 0.29375 0.210938 0.295312 0.2125 0.296875 0.2125 0.3 0.214062 0.301562 0.214062 0.309375 0.215625 0.310937 0.215625 0.323438 0.217187 0.325 0.217187 0.332812 0.245312 0.332812 0.245312 0.2875 0.240625 0.2875 0.239063 0.285937 0.239063 0.282813 0.2375 0.28125 0.2375 0.275 0.235938 0.273438 0.235938 0.26875 0.234375 0.267188 0.234375 0.264062 0.232812 0.2625 0.232812 0.254687 0.23125 0.253125 0.23125 0.215625 0.232812 0.214062 0.232812 0.203125 0.234375 0.201562 0.234375 0.198437 0.235938 0.196875 0.235938 0.190625 0.2375 0.189063 0.2375 0.159375
8 0.129688 0.159375 0.129688 0.16875 0.13125 0.170312 0.13125 0.189063 0.128125 0.192188 0.121875 0.192188 0.121875 0.26875 0.126563 0.26875 0.128125 0.270312 0.128125 0.273438 0.129688 0.275 0.129688 0.279687 0.13125 0.28125 0.13125 0.284375 0.132812 0.285937 0.132812 0.289062 0.134375 0.290625 0.134375 0.29375 0.135937 0.295312 0.135937 0.301562 0.1375 0.303125 0.1375 0.317187 0.139062 0.31875 0.139062 0.332812 0.170312 0.332812 0.170312 0.326562 0.165625 0.326562 0.164062 0.325 0.164062 0.321875 0.1625 0.320312 0.1625 0.298438 0.160938 0.296875 0.160938 0.29375 0.159375 0.292188 0.159375 0.290625 0.157813 0.289062 0.157813 0.2875 0.15625 0.285937 0.15625 0.282813 0.154687 0.28125 0.154687 0.270312 0.153125 0.26875 0.153125 0.260938 0.151562 0.259375 0.151562 0.253125 0.15 0.251563 0.15 0.229687 0.148438 0.228125 0.15 0.226562 0.15 0.220313 0.151562 0.21875 0.151562 0.215625 0.153125 0.214062 0.153125 0.210938 0.154687 0.209375 0.154687 0.207813 0.15625 0.20625 0.15625 0.203125 0.157813 0.201562 0.157813 0.195312 0.159375 0.19375 0.159375 0.178125 0.157813 0.176563 0.157813 0.159375
8 0.540625 0.153125 0.540625 0.326562 0.570312 0.326562 0.570312 0.276563 0.571875 0.275 0.571875 0.26875 0.573438 0.267188 0.573438 0.203125 0.571875 0.201562 0.571875 0.184375 0.570312 0.182812 0.570312 0.153125
8 0.253125 0.159375 0.253125 0.173438 0.257812 0.173438 0.260938 0.176563 0.260938 0.185937 0.259375 0.1875 0.259375 0.189063 0.257812 0.190625 0.253125 0.190625 0.253125 0.259375 0.257812 0.259375 0.259375 0.260938 0.259375 0.264062 0.260938 0.265625 0.260938 0.270312 0.2625 0.271875 0.2625 0.275 0.264062 0.276563 0.264062 0.28125 0.265625 0.282813 0.265625 0.285937 0.267188 0.2875 0.267188 0.29375 0.26875 0.295312 0.26875 0.304688 0.267188 0.30625 0.267188 0.321875 0.265625 0.323438 0.265625 0.325 0.264062 0.326562 0.2625 0.325 0.253125 0.325 0.253125 0.332812 0.301562 0.332812 0.301562 0.307813 0.296875 0.307813 0.29375 0.304688 0.29375 0.298438 0.292188 0.296875 0.292188 0.282813 0.290625 0.28125 0.290625 0.279687 0.289062 0.278125 0.289062 0.276563 0.2875 0.275 0.2875 0.271875 0.285937 0.270312 0.285937 0.2625 0.2875 0.260938 0.2875 0.257812 0.285937 0.25625 0.285937 0.196875 0.2875 0.195312 0.2875 0.189063 0.289062 0.1875 0.289062 0.185937 0.290625 0.184375 0.290625 0.182812 0.292188 0.18125 0.292188 0.167187 0.290625 0.165625 0.290625 0.159375
8 0.515625 0.153125 0.515625 0.326562 0.540625 0.326562 0.540625 0.317187 0.539062 0.315625 0.539062 0.29375 0.540625 0.292188 0.540625 0.285937 0.542188 0.284375 0.542188 0.279687 0.54375 0.278125 0.54375 0.273438 0.545313 0.271875 0.545313 0.257812 0.546875 0.25625 0.551562 0.25625 0.551562 0.220313 0.546875 0.220313 0.545313 0.21875 0.545313 0.190625 0.54375 0.189063 0.54375 0.175 0.542188 0.173438 0.542188 0.164062 0.54375 0.1625 0.54375 0.153125
8 0.440625 0.159375 0.440625 0.326562 0.46875 0.326562 0.46875 0.321875 0.467187 0.320312 0.467187 0.315625 0.465625 0.314063 0.465625 0.275 0.467187 0.273438 0.467187 0.253125 0.465625 0.251563 0.465625 0.242188 0.467187 0.240625 0.467187 0.232812 0.465625 0.23125 0.465625 0.159375
8 0.409375 0.153125 0.409375 0.2875 0.414062 0.2875 0.415625 0.289062 0.415625 0.303125 0.414062 0.304688 0.409375 0.304688 0.409375 0.326562 0.445312 0.326562 0.445312 0.229687 0.440625 0.229687 0.439063 0.228125 0.439063 0.2125 0.440625 0.210938 0.445312 0.210938 0.445312 0.153125
8 0.565625 0.153125 0.565625 0.182812 0.570312 0.182812 0.571875 0.184375 0.571875 0.198437 0.573438 0.2 0.573438 0.239063 0.575 0.240625 0.575 0.257812 0.573438 0.259375 0.573438 0.271875 0.571875 0.273438 0.571875 0.276563 0.570312 0.278125 0.565625 0.278125 0.565625 0.326562 0.615625 0.326562 0.615625 0.320312 0.61875 0.317187 0.61875 0.315625 0.620313 0.314063 0.620313 0.298438 0.621875 0.296875 0.621875 0.275 0.623438 0.273438 0.623438 0.270312 0.625 0.26875 0.625 0.260938 0.626562 0.259375 0.626562 0.25625 0.628125 0.254687 0.632812 0.254687 0.632812 0.185937 0.628125 0.185937 0.625 0.182812 0.625 0.18125 0.623438 0.179688 0.623438 0.175 0.621875 0.173438 0.621875 0.153125
8 0.809375 0.140625 0.809375 0.16875 0.814062 0.16875 0.820312 0.175 0.820312 0.176563 0.821875 0.178125 0.821875 0.179688 0.823438 0.18125 0.823438 0.185937 0.825 0.1875 0.825 0.204688 0.823438 0.20625 0.823438 0.221875 0.821875 0.223438 0.821875 0.248437 0.820312 0.25 0.820312 0.259375 0.81875 0.260938 0.81875 0.2625 0.817187 0.264062 0.817187 0.265625 0.814062 0.26875 0.809375 0.26875 0.809375 0.314063 0.828125 0.314063 0.828125 0.303125 0.829687 0.301562 0.829687 0.298438 0.83125 0.296875 0.83125 0.284375 0.832812 0.282813 0.832812 0.278125 0.834375 0.276563 0.834375 0.275 0.835938 0.273438 0.835938 0.271875 0.8375 0.270312 0.8375 0.26875 0.839063 0.267188 0.839063 0.265625 0.840625 0.264062 0.840625 0.2625 0.842188 0.260938 0.842188 0.259375 0.84375 0.257812 0.84375 0.254687 0.845312 0.253125 0.845312 0.251563 0.846875 0.25 0.846875 0.242188 0.848437 0.240625 0.848437 0.23125 0.85 0.229687 0.85 0.171875 0.848437 0.170312 0.848437 0.16875 0.846875 0.16875 0.840625 0.1625 0.840625 0.160938 0.839063 0.159375 0.839063 0.140625
8 0.465625 0.159375 0.465625 0.321875 0.471875 0.321875 0.473437 0.323438 0.479688 0.323438 0.48125 0.321875 0.490625 0.321875 0.492188 0.320312 0.492188 0.307813 0.490625 0.30625 0.490625 0.298438 0.492188 0.296875 0.492188 0.273438 0.49375 0.271875 0.49375 0.2375 0.492188 0.235938 0.492188 0.159375
8 0.146875 0.159375 0.146875 0.16875 0.153125 0.16875 0.159375 0.175 0.159375 0.178125 0.160938 0.179688 0.160938 0.19375 0.159375 0.195312 0.159375 0.198437 0.157813 0.2 0.157813 0.201562 0.15625 0.203125 0.15625 0.204688 0.154687 0.20625 0.154687 0.207813 0.153125 0.209375 0.153125 0.210938 0.151562 0.2125 0.146875 0.2125 0.146875 0.25625 0.151562 0.25625 0.153125 0.257812 0.153125 0.259375 0.154687 0.260938 0.154687 0.264062 0.15625 0.265625 0.15625 0.28125 0.157813 0.282813 0.157813 0.285937 0.159375 0.2875 0.159375 0.289062 0.1625 0.292188 0.1625 0.29375 0.164062 0.295312 0.164062 0.323438 0.1625 0.325 0.1625 0.332812 0.201562 0.332812 0.201562 0.317187 0.196875 0.317187 0.195312 0.315625 0.195312 0.314063 0.19375 0.3125 0.19375 0.309375 0.192188 0.307813 0.192188 0.30625 0.189063 0.303125 0.189063 0.296875 0.1875 0.295312 0.1875 0.290625 0.185937 0.289062 0.185937 0.2875 0.182812 0.284375 0.182812 0.276563 0.18125 0.275 0.18125 0.253125 0.179688 0.251563 0.179688 0.245312 0.18125 0.24375 0.18125 0.204688 0.182812 0.203125 0.182812 0.201562 0.185937 0.198437 0.185937 0.19375 0.1875 0.192188 0.1875 0.171875 0.189063 0.170312 0.189063 0.165625 0.190625 0.164062 0.190625 0.159375
8 0.759375 0.140625 0.759375 0.182812 0.764063 0.182812 0.76875 0.1875 0.76875 0.189063 0.770312 0.190625 0.770312 0.198437 0.771875 0.2 0.771875 0.210938 0.773438 0.2125 0.773438 0.21875 0.771875 0.220313 0.771875 0.240625 0.770312 0.242188 0.770312 0.25 0.76875 0.251563 0.76875 0.264062 0.767187 0.265625 0.767187 0.26875 0.764063 0.271875 0.759375 0.271875 0.759375 0.320312 0.76875 0.320312 0.76875 0.315625 0.770312 0.314063 0.771875 0.314063 0.773438 0.3125 0.776563 0.3125 0.779688 0.309375 0.779688 0.303125 0.78125 0.301562 0.78125 0.289062 0.782812 0.2875 0.782812 0.279687 0.784375 0.278125 0.784375 0.276563 0.785937 0.275 0.785937 0.273438 0.789062 0.270312 0.789062 0.267188 0.790625 0.265625 0.790625 0.260938 0.792188 0.259375 0.792188 0.253125 0.79375 0.251563 0.79375 0.23125 0.795313 0.229687 0.795313 0.214062 0.79375 0.2125 0.79375 0.1875 0.792188 0.185937 0.792188 0.182812 0.790625 0.18125 0.790625 0.179688 0.789062 0.178125 0.789062 0.171875 0.7875 0.170312 0.7875 0.15625 0.785937 0.154687 0.785937 0.148438 0.7875 0.146875 0.7875 0.140625
1 0.821875 0.684375 0.821875 0.721875 0.826563 0.721875 0.83125 0.726562 0.83125 0.728125 0.832812 0.729688 0.832812 0.73125 0.834375 0.732813 0.834375 0.778125 0.832812 0.779688 0.832812 0.790625 0.83125 0.792188 0.83125 0.798437 0.829687 0.8 0.829687 0.801562 0.828125 0.803125 0.821875 0.803125 0.821875 0.825 0.8375 0.825 0.839063 0.823438 0.879687 0.823438 0.88125 0.821875 0.904688 0.821875 0.909375 0.817187 0.909375 0.815625 0.910937 0.814062 0.910937 0.803125 0.914062 0.8 0.915625 0.8 0.917188 0.798437 0.91875 0.798437 0.920313 0.796875 0.921875 0.796875 0.921875 0.795313 0.923437 0.79375 0.923437 0.7875 0.925 0.785937 0.925 0.78125 0.928125 0.778125 0.932813 0.778125 0.932813 0.728125 0.928125 0.728125 0.921875 0.721875 0.921875 0.720312 0.920313 0.71875 0.920313 0.717188 0.91875 0.715625 0.91875 0.710938 0.917188 0.709375 0.917188 0.684375
8 0.490625 0.159375 0.490625 0.321875 0.498437 0.321875 0.5 0.323438 0.509375 0.323438 0.510938 0.321875 0.51875 0.321875 0.520312 0.320312 0.526563 0.320312 0.521875 0.320312 0.51875 0.317187 0.51875 0.310937 0.517187 0.309375 0.517187 0.276563 0.51875 0.275 0.51875 0.25625 0.520312 0.254687 0.520312 0.189063 0.51875 0.1875 0.51875 0.159375
8 0.2375 0.159375 0.2375 0.165625 0.239063 0.167187 0.239063 0.19375 0.2375 0.195312 0.2375 0.198437 0.235938 0.2 0.235938 0.203125 0.234375 0.204688 0.234375 0.20625 0.232812 0.207813 0.228125 0.207813 0.228125 0.259375 0.232812 0.259375 0.234375 0.260938 0.234375 0.2625 0.235938 0.264062 0.235938 0.26875 0.2375 0.270312 0.2375 0.273438 0.239063 0.275 0.239063 0.279687 0.240625 0.28125 0.240625 0.289062 0.242188 0.290625 0.242188 0.307813 0.24375 0.309375 0.24375 0.31875 0.245312 0.320312 0.245312 0.332812 0.276563 0.332812 0.276563 0.29375 0.26875 0.29375 0.265625 0.290625 0.265625 0.289062 0.264062 0.2875 0.264062 0.28125 0.2625 0.279687 0.2625 0.271875 0.260938 0.270312 0.260938 0.265625 0.259375 0.264062 0.259375 0.25625 0.257812 0.254687 0.257812 0.198437 0.259375 0.196875 0.259375 0.195312 0.260938 0.19375 0.260938 0.190625 0.2625 0.189063 0.2625 0.18125 0.264062 0.179688 0.264062 0.178125 0.265625 0.176563 0.26875 0.176563 0.270312 0.178125 0.270312 0.19375 0.271875 0.195312 0.276563 0.195312 0.276563 0.173438 0.271875 0.173438 0.270312 0.171875 0.270312 0.170312 0.26875 0.16875 0.26875 0.159375
8 0.728125 0.146875 0.728125 0.153125 0.732813 0.153125 0.735937 0.15625 0.735937 0.165625 0.7375 0.167187 0.7375 0.176563 0.739062 0.178125 0.739062 0.18125 0.740625 0.182812 0.740625 0.184375 0.742188 0.185937 0.742188 0.189063 0.74375 0.190625 0.74375 0.201562 0.745313 0.203125 0.745313 0.2375 0.74375 0.239063 0.74375 0.248437 0.742188 0.25 0.742188 0.2625 0.740625 0.264062 0.740625 0.267188 0.739062 0.26875 0.739062 0.271875 0.735937 0.275 0.735937 0.276563 0.734375 0.278125 0.734375 0.279687 0.732813 0.28125 0.728125 0.28125 0.728125 0.320312 0.746875 0.320312 0.746875 0.315625 0.748438 0.314063 0.75 0.314063 0.751562 0.3125 0.753125 0.3125 0.753125 0.310937 0.754687 0.309375 0.754687 0.307813 0.75625 0.30625 0.75625 0.290625 0.757812 0.289062 0.757812 0.282813 0.759375 0.28125 0.759375 0.278125 0.7625 0.275 0.7625 0.273438 0.764063 0.271875 0.764063 0.26875 0.765625 0.267188 0.765625 0.2625 0.767187 0.260938 0.767187 0.25 0.76875 0.248437 0.76875 0.242188 0.770312 0.240625 0.770312 0.210938 0.76875 0.209375 0.76875 0.19375 0.767187 0.192188 0.767187 0.189063 0.764063 0.185937 0.764063 0.18125 0.7625 0.179688 0.7625 0.160938 0.760938 0.159375 0.760938 0.146875
8 0.709375 0.140625 0.709375 0.189063 0.714063 0.189063 0.715625 0.190625 0.715625 0.207813 0.717188 0.209375 0.717188 0.234375 0.715625 0.235938 0.715625 0.245312 0.714063 0.246875 0.709375 0.246875 0.709375 0.320312 0.728125 0.320312 0.728125 0.315625 0.73125 0.3125 0.73125 0.310937 0.732813 0.309375 0.732813 0.279687 0.734375 0.278125 0.734375 0.276563 0.735937 0.275 0.735937 0.273438 0.7375 0.271875 0.7375 0.270312 0.739062 0.26875 0.739062 0.264062 0.740625 0.2625 0.740625 0.25 0.742188 0.248437 0.742188 0.239063 0.74375 0.2375 0.74375 0.203125 0.742188 0.201562 0.742188 0.192188 0.740625 0.190625 0.740625 0.185937 0.739062 0.184375 0.739062 0.18125 0.7375 0.179688 0.7375 0.175 0.735937 0.173438 0.735937 0.159375 0.734375 0.157813 0.734375 0.151562 0.735937 0.15 0.735937 0.140625
8 0.784375 0.140625 0.784375 0.175 0.789062 0.175 0.79375 0.179688 0.79375 0.182812 0.795313 0.184375 0.795313 0.210938 0.796875 0.2125 0.796875 0.235938 0.795313 0.2375 0.795313 0.253125 0.79375 0.254687 0.79375 0.260938 0.792188 0.2625 0.792188 0.265625 0.790625 0.267188 0.790625 0.26875 0.789062 0.270312 0.784375 0.270312 0.784375 0.314063 0.803125 0.314063 0.803125 0.303125 0.804688 0.301562 0.804688 0.29375 0.80625 0.292188 0.80625 0.284375 0.807813 0.282813 0.807813 0.278125 0.810938 0.275 0.810938 0.273438 0.814062 0.270312 0.814062 0.267188 0.815625 0.265625 0.815625 0.2625 0.817187 0.260938 0.817187 0.259375 0.81875 0.257812 0.81875 0.248437 0.820312 0.246875 0.820312 0.232812 0.821875 0.23125 0.826563 0.23125 0.826563 0.178125 0.821875 0.178125 0.817187 0.173438 0.817187 0.171875 0.815625 0.170312 0.815625 0.16875 0.814062 0.167187 0.814062 0.140625
10 0.184375 0.003125 0.184375 0.0859375 0.189063 0.0859375 0.195312 0.0921875 0.195312 0.09375 0.196875 0.0953125 0.196875 0.101562 0.376563 0.101562 0.376563 0.0796875 0.367188 0.0796875 0.364062 0.0765625 0.364062 0.0734375 0.3625 0.071875 0.3625 0.06875 0.364062 0.0671875 0.364062 0.0578125 0.365625 0.05625 0.365625 0.034375 0.364062 0.0328125 0.364062 0.028125 0.3625 0.0265625 0.3625 0.021875 0.360938 0.0203125 0.360938 0.0109375 0.359375 0.009375 0.359375 0.003125
10 0.609375 0.003125 0.609375 0.0890625 0.6375 0.0890625 0.6375 0.084375 0.639063 0.0828125 0.657812 0.0828125 0.659375 0.084375 0.659375 0.0890625 0.740625 0.0890625 0.740625 0.084375 0.742188 0.0828125 0.748438 0.0828125 0.75 0.08125 0.81875 0.08125 0.820312 0.0828125 0.828125 0.0828125 0.829687 0.08125 0.857813 0.08125 0.864062 0.075 0.865625 0.075 0.865625 0.0734375 0.86875 0.0703125 0.86875 0.06875 0.871875 0.065625 0.871875 0.0640625 0.873438 0.0625 0.873438 0.059375 0.875 0.0578125 0.875 0.0234375 0.873438 0.021875 0.873438 0.0203125 0.875 0.01875 0.875 0.003125
10 0.371875 0.003125 0.371875 0.0953125 0.625 0.0953125 0.625 0.0890625 0.628125 0.0859375 0.629687 0.0859375 0.63125 0.0875 0.634375 0.0875 0.639063 0.0828125 0.65625 0.0828125 0.657812 0.084375 0.675 0.084375 0.676562 0.0828125 0.679688 0.0828125 0.68125 0.084375 0.684375 0.084375 0.685938 0.0828125 0.695312 0.0828125 0.696875 0.084375 0.723437 0.084375 0.725 0.0828125 0.7375 0.0828125 0.739062 0.08125 0.853125 0.08125 0.854688 0.0796875 0.859375 0.0796875 0.86875 0.0703125 0.86875 0.06875 0.871875 0.065625 0.871875 0.0625 0.873438 0.0609375 0.873438 0.0484375 0.875 0.046875 0.875 0.040625 0.873438 0.0390625 0.873438 0.009375 0.875 0.0078125 0.875 0.003125
1 0.840625 0.820312 0.845312 0.820312 0.840625 0.820312 0.823438 0.810938 0.823438 0.809375 0.826563 0.80625 0.826563 0.804688 0.828125 0.803125 0.828125 0.801562 0.829687 0.8 0.829687 0.795313 0.83125 0.79375 0.83125 0.778125 0.832812 0.776563 0.832812 0.734375 0.83125 0.732813 0.83125 0.729688 0.826563 0.725 0.826563 0.721875 0.825 0.720312 0.825 0.704687 0.823438 0.703125 0.823438 0.684375 0.734375 0.684375 0.734375 0.832812 0.76875 0.832812 0.76875 0.828125 0.770312 0.826563 0.792188 0.826563 0.79375 0.825 0.815625 0.825 0.820312 0.820312 0.820312 0.815625 0.821875 0.814062 0.821875 0.8125 0.823438 0.810938
8 0.846875 0.140625 0.846875 0.1625 0.851562 0.1625 0.853125 0.164062 0.853125 0.182812 0.851562 0.184375 0.846875 0.184375 0.846875 0.289062 0.860937 0.289062 0.860937 0.271875 0.867188 0.265625 0.86875 0.265625 0.870313 0.264062 0.870313 0.2625 0.871875 0.260938 0.871875 0.257812 0.873438 0.25625 0.873438 0.253125 0.875 0.251563 0.875 0.25 0.876562 0.248437 0.876562 0.245312 0.878125 0.24375 0.878125 0.239063 0.879687 0.2375 0.879687 0.235938 0.88125 0.234375 0.88125 0.209375 0.879687 0.207813 0.879687 0.178125 0.88125 0.176563 0.88125 0.170312 0.876562 0.165625 0.871875 0.165625 0.867188 0.160938 0.867188 0.159375 0.865625 0.157813 0.865625 0.151562 0.867188 0.15 0.867188 0.140625
8 0.826563 0.29375 0.826563 0.296875 0.828125 0.296875 0.828125 0.29375 0.826563 0.29375 0.826563 0.285937 0.828125 0.285937 0.828125 0.284375 0.829687 0.282813 0.829687 0.28125 0.83125 0.279687 0.83125 0.278125 0.834375 0.275 0.834375 0.273438 0.8375 0.270312 0.8375 0.26875 0.840625 0.265625 0.845312 0.265625 0.845312 0.164062 0.839063 0.164062 0.8375 0.1625 0.8375 0.160938 0.835938 0.159375 0.835938 0.146875 0.8375 0.145313 0.8375 0.140625 0.829687 0.140625 0.829687 0.148438 0.83125 0.15 0.83125 0.1625 0.832812 0.164062 0.832812 0.173438 0.83125 0.175 0.83125 0.210938 0.829687 0.2125 0.829687 0.225 0.828125 0.226562 0.828125 0.232812 0.826563 0.234375 0.823438 0.23125 0.823438 0.210938 0.825 0.209375 0.825 0.192188 0.823438 0.190625 0.823438 0.179688 0.821875 0.178125 0.821875 0.170312 0.820312 0.16875 0.820312 0.164062 0.821875 0.1625 0.821875 0.15 0.820312 0.148438 0.820312 0.140625 0.790625 0.140625 0.790625 0.18125 0.795313 0.18125 0.796875 0.182812 0.796875 0.19375 0.795313 0.195312 0.790625 0.195312 0.790625 0.314063 0.807813 0.314063 0.807813 0.292188 0.809375 0.290625 0.809375 0.285937 0.810938 0.284375 0.810938 0.278125 0.8125 0.276563 0.8125 0.273438 0.814062 0.271875 0.814062 0.26875 0.817187 0.265625 0.817187 0.2625 0.81875 0.260938 0.81875 0.254687 0.820312 0.253125 0.821875 0.254687 0.821875 0.259375 0.823438 0.260938 0.823438 0.267188 0.825 0.26875 0.825 0.278125 0.826563 0.279687 0.826563 0.285937
8 0.303125 0.446875 0.303125 0.4875 0.309375 0.4875 0.310937 0.489062 0.310937 0.49375 0.307813 0.496875 0.303125 0.496875 0.303125 0.554688 0.307813 0.554688 0.309375 0.55625 0.309375 0.557813 0.310937 0.559375 0.310937 0.560938 0.3125 0.5625 0.3125 0.564062 0.314063 0.565625 0.314063 0.56875 0.315625 0.570312 0.317187 0.56875 0.317187 0.567187 0.31875 0.565625 0.31875 0.55 0.320312 0.548437 0.321875 0.548437 0.323438 0.55 0.323438 0.560938 0.321875 0.5625 0.321875 0.571875 0.323438 0.573438 0.323438 0.578125 0.321875 0.579687 0.321875 0.584375 0.320312 0.585938 0.320312 0.590625 0.321875 0.592188 0.321875 0.59375 0.323438 0.595312 0.323438 0.601562 0.345313 0.601562 0.345313 0.446875
