1 0.178125 0.378125 0.178125 0.401563 0.239063 0.401563 0.239063 0.378125
1 0.184375 0.309375 0.184375 0.332812 0.239063 0.332812 0.239063 0.309375
1 0.534375 0.309375 0.534375 0.332812 0.582812 0.332812 0.582812 0.326562 0.58125 0.325 0.58125 0.309375
5 0.378125 0.371875 0.378125 0.401563 0.385938 0.401563 0.385938 0.39375 0.3875 0.392188 0.3875 0.371875
5 0.415625 0.371875 0.415625 0.401563 0.423438 0.401563 0.423438 0.396875 0.428125 0.392188 0.432813 0.392188 0.432813 0.371875
5 0.359375 0.371875 0.359375 0.401563 0.373437 0.401563 0.373437 0.392188 0.375 0.390625 0.375 0.371875
5 0.484375 0.371875 0.484375 0.401563 0.501562 0.401563 0.501562 0.371875
5 0.390625 0.371875 0.390625 0.401563 0.396875 0.401563 0.396875 0.395312 0.398438 0.39375 0.398438 0.392188 0.4 0.390625 0.4 0.371875
7 0.478125 0.165625 0.478125 0.182812 0.526563 0.182812 0.526563 0.165625
5 0.471875 0.371875 0.471875 0.401563 0.479688 0.401563 0.479688 0.396875 0.482812 0.39375 0.482812 0.392188 0.484375 0.390625 0.489062 0.390625 0.489062 0.371875
7 0.521875 0.165625 0.521875 0.182812 0.576563 0.182812 0.576563 0.165625
5 0.428125 0.371875 0.428125 0.401563 0.439063 0.401563 0.439063 0.395312 0.440625 0.39375 0.440625 0.392188 0.442187 0.390625 0.442187 0.379687 0.440625 0.378125 0.440625 0.371875
5 0.509375 0.371875 0.509375 0.401563 0.526563 0.401563 0.526563 0.371875
5 0.459375 0.371875 0.459375 0.401563 0.465625 0.401563 0.465625 0.396875 0.46875 0.39375 0.46875 0.392188 0.471875 0.389062 0.476562 0.389062 0.476562 0.371875
5 0.346875 0.371875 0.346875 0.401563 0.364062 0.401563 0.364062 0.371875
5 0.371875 0.309375 0.371875 0.332812 0.389062 0.332812 0.389062 0.309375
5 0.334375 0.371875 0.334375 0.401563 0.351562 0.401563 0.351562 0.371875
5 0.403125 0.371875 0.403125 0.401563 0.409375 0.401563 0.409375 0.396875 0.4125 0.39375 0.4125 0.392188 0.415625 0.389062 0.420312 0.389062 0.420312 0.384375 0.415625 0.384375 0.414062 0.382812 0.414062 0.371875
5 0.296875 0.315625 0.296875 0.332812 0.307813 0.332812 0.307813 0.315625
5 0.496875 0.371875 0.496875 0.401563 0.514063 0.401563 0.514063 0.371875
5 0.384375 0.309375 0.384375 0.332812 0.401563 0.332812 0.401563 0.309375
5 0.321875 0.378125 0.321875 0.401563 0.339063 0.401563 0.339063 0.378125
7 0.384375 0.159375 0.384375 0.182812 0.432813 0.182812 0.432813 0.159375
7 0.428125 0.159375 0.428125 0.182812 0.475 0.182812 0.475 0.159375
5 0.359375 0.315625 0.359375 0.332812 0.376563 0.332812 0.376563 0.315625
5 0.303125 0.378125 0.303125 0.401563 0.314063 0.401563 0.314063 0.378125
5 0.309375 0.378125 0.309375 0.401563 0.326562 0.401563 0.326562 0.378125
5 0.396875 0.315625 0.396875 0.332812 0.414062 0.332812 0.414062 0.315625
5 0.346875 0.315625 0.346875 0.332812 0.364062 0.332812 0.364062 0.315625
5 0.321875 0.315625 0.321875 0.332812 0.332812 0.332812 0.332812 0.315625
5 0.446875 0.371875 0.446875 0.401563 0.454688 0.401563 0.454688 0.395312 0.45625 0.39375 0.45625 0.3875 0.457812 0.385938 0.457812 0.371875
5 0.290625 0.371875 0.290625 0.401563 0.298438 0.401563 0.298438 0.371875
5 0.334375 0.315625 0.334375 0.332812 0.345313 0.332812 0.345313 0.321875 0.346875 0.320312 0.351562 0.320312 0.351562 0.315625
7 0.571875 0.165625 0.571875 0.182812 0.617188 0.182812 0.617188 0.165625
5 0.234375 0.378125 0.234375 0.401563 0.242188 0.401563 0.242188 0.396875 0.24375 0.395312 0.245312 0.395312 0.246875 0.39375 0.251563 0.39375 0.251563 0.378125
7 0.228125 0.165625 0.228125 0.182812 0.278125 0.182812 0.278125 0.176563 0.279687 0.175 0.279687 0.165625
5 0.440625 0.371875 0.440625 0.39375 0.45 0.39375 0.451562 0.395312 0.457812 0.395312 0.457812 0.379687 0.453125 0.379687 0.451562 0.378125 0.451562 0.371875
5 0.415625 0.315625 0.415625 0.332812 0.426562 0.332812 0.426562 0.315625
5 0.315625 0.315625 0.315625 0.332812 0.326562 0.332812 0.326562 0.315625
7 0.615625 0.165625 0.615625 0.179688 0.621875 0.179688 0.623438 0.18125 0.648438 0.18125 0.65 0.182812 0.65625 0.182812 0.657812 0.184375 0.657812 0.189063 0.657812 0.184375 0.659375 0.182812 0.660937 0.182812 0.6625 0.18125 0.6625 0.179688 0.664062 0.178125 0.664062 0.165625
5 0.278125 0.371875 0.278125 0.401563 0.295312 0.401563 0.295312 0.371875
5 0.253125 0.378125 0.253125 0.401563 0.259375 0.401563 0.259375 0.395312 0.260938 0.39375 0.260938 0.378125
7 0.665625 0.171875 0.665625 0.189063 0.714063 0.189063 0.714063 0.171875
5 0.265625 0.371875 0.265625 0.401563 0.273438 0.401563 0.273438 0.390625 0.275 0.389062 0.275 0.371875
5 0.584375 0.315625 0.584375 0.332812 0.601562 0.332812 0.601562 0.315625
7 0.321875 0.153125 0.321875 0.170312 0.328125 0.170312 0.329688 0.171875 0.329688 0.173438 0.33125 0.175 0.33125 0.182812 0.382812 0.182812 0.382812 0.176563 0.38125 0.175 0.38125 0.1625 0.382812 0.160938 0.382812 0.153125
7 0.278125 0.165625 0.278125 0.1875 0.285937 0.1875 0.2875 0.185937 0.292188 0.185937 0.29375 0.1875 0.304688 0.1875 0.307813 0.190625 0.307813 0.195312 0.328125 0.195312 0.328125 0.189063 0.329688 0.1875 0.329688 0.182812 0.33125 0.18125 0.33125 0.175 0.332812 0.173438 0.332812 0.165625
7 0.665625 0.265625 0.665625 0.2875 0.670313 0.2875 0.676562 0.29375 0.723437 0.29375 0.723437 0.292188 0.725 0.290625 0.725 0.284375 0.723437 0.282813 0.723437 0.28125 0.720312 0.278125 0.704687 0.278125 0.703125 0.276563 0.701563 0.276563 0.7 0.275 0.696875 0.275 0.69375 0.271875 0.69375 0.265625
5 0.603125 0.315625 0.603125 0.332812 0.614062 0.332812 0.614062 0.315625
7 0.621875 0.278125 0.621875 0.301562 0.664062 0.301562 0.664062 0.296875 0.665625 0.295312 0.667188 0.295312 0.66875 0.29375 0.676562 0.29375 0.676562 0.278125
5 0.309375 0.378125 0.309375 0.401563 0.317187 0.401563 0.317187 0.395312 0.31875 0.39375 0.31875 0.378125
5 0.428125 0.315625 0.428125 0.332812 0.4375 0.332812 0.4375 0.323438 0.435937 0.321875 0.435937 0.315625
7 0.328125 0.159375 0.328125 0.182812 0.382812 0.182812 0.382812 0.176563 0.38125 0.175 0.38125 0.159375
5 0.621875 0.315625 0.621875 0.332812 0.639063 0.332812 0.639063 0.315625
5 0.615625 0.315625 0.615625 0.332812 0.626562 0.332812 0.626562 0.315625
5 0.403125 0.371875 0.403125 0.401563 0.410937 0.401563 0.410937 0.395312 0.415625 0.390625 0.420312 0.390625 0.420312 0.371875
7 0.615625 0.159375 0.615625 0.18125 0.646875 0.18125 0.648438 0.182812 0.65625 0.182812 0.657812 0.184375 0.657812 0.189063 0.659375 0.189063 0.659375 0.184375 0.664062 0.179688 0.664062 0.178125 0.665625 0.176563 0.670313 0.176563 0.670313 0.171875 0.665625 0.171875 0.664062 0.170312 0.664062 0.16875 0.6625 0.167187 0.6625 0.159375
5 0.634375 0.315625 0.634375 0.329688 0.64375 0.329688 0.646875 0.326562 0.651563 0.326562 0.651563 0.315625
5 0.278125 0.378125 0.278125 0.401563 0.295312 0.401563 0.295312 0.378125
5 0.371875 0.315625 0.371875 0.332812 0.382812 0.332812 0.382812 0.315625
7 0.228125 0.165625 0.228125 0.189063 0.235938 0.189063 0.235938 0.184375 0.2375 0.182812 0.240625 0.182812 0.242188 0.18125 0.275 0.18125 0.276563 0.179688 0.282813 0.179688 0.282813 0.165625
5
5 0.403125 0.065625 0.403125 0.0890625 0.426562 0.0890625 0.426562 0.065625
5 0.440625 0.315625 0.440625 0.332812 0.45 0.332812 0.45 0.315625
5
5 0.421875 0.065625 0.421875 0.0890625 0.442187 0.0890625 0.442187 0.065625
5 0.321875 0.315625 0.321875 0.332812 0.332812 0.332812 0.332812 0.315625
5 0.384375 0.065625 0.384375 0.0890625 0.4 0.0890625 0.4 0.0796875 0.401563 0.078125 0.401563 0.0734375 0.4 0.071875 0.4 0.065625
6 0.228125 0.065625 0.228125 0.078125 0.239063 0.078125 0.239063 0.065625
