0 0.209375 0.296875 0.209375 0.345313 0.25 0.345313 0.25 0.340625 0.251563 0.339063 0.264062 0.339063 0.265625 0.3375 0.267188 0.3375 0.267188 0.335938 0.26875 0.334375 0.26875 0.296875
5 0.465625 0.059375 0.465625 0.157813 0.539062 0.157813 0.539062 0.059375
5 0.034375 0.071875 0.034375 0.157813 0.040625 0.157813 0.04375 0.160938 0.046875 0.160938 0.0484375 0.1625 0.0890625 0.1625 0.090625 0.160938 0.09375 0.160938 0.0953125 0.159375 0.101562 0.159375 0.101562 0.125 0.096875 0.125 0.0953125 0.123438 0.0953125 0.0984375 0.096875 0.096875 0.101562 0.096875 0.101562 0.071875
5 0.403125 0.059375 0.403125 0.157813 0.470313 0.157813 0.470313 0.059375
5 0.159375 0.071875 0.159375 0.164062 0.21875 0.164062 0.21875 0.154687 0.220313 0.153125 0.21875 0.151562 0.21875 0.121875 0.217187 0.120312 0.217187 0.110937 0.215625 0.109375 0.215625 0.08125 0.217187 0.0796875 0.217187 0.071875
2 0.634375 0.578125 0.634375 0.676562 0.639063 0.676562 0.640625 0.678125 0.640625 0.682813 0.692187 0.682813 0.692187 0.678125 0.69375 0.676562 0.69375 0.673437 0.696875 0.670313 0.701563 0.670313 0.701563 0.578125
6 0.384375 0.296875 0.384375 0.339063 0.4125 0.339063 0.4125 0.296875
5 0.096875 0.071875 0.096875 0.159375 0.104687 0.159375 0.10625 0.160938 0.153125 0.160938 0.154687 0.159375 0.164062 0.159375 0.164062 0.15 0.159375 0.15 0.157813 0.148438 0.157813 0.142188 0.15625 0.140625 0.15625 0.120312 0.154687 0.11875 0.154687 0.071875
6 0.484375 0.296875 0.484375 0.339063 0.514063 0.339063 0.514063 0.296875
5 0.340625 0.065625 0.340625 0.153125 0.345313 0.153125 0.346875 0.154687 0.348437 0.154687 0.35 0.15625 0.401563 0.15625 0.403125 0.154687 0.407813 0.154687 0.407813 0.065625
5 0.003125 0.078125 0.003125 0.164062 0.034375 0.164062 0.0390625 0.159375 0.0390625 0.15 0.0375 0.148438 0.0375 0.126563 0.0359375 0.125 0.0359375 0.109375 0.034375 0.107813 0.034375 0.1 0.0359375 0.0984375 0.0359375 0.084375 0.0375 0.0828125 0.0375 0.078125
5 0.221875 0.065625 0.221875 0.164062 0.276563 0.164062 0.276563 0.159375 0.28125 0.154687 0.28125 0.134375 0.279687 0.132812 0.279687 0.110937 0.278125 0.109375 0.278125 0.103125 0.279687 0.101562 0.279687 0.09375 0.282813 0.090625 0.289062 0.090625 0.289062 0.065625
6 0.890625 0.290625 0.890625 0.332812 0.910937 0.332812 0.910937 0.328125 0.914062 0.325 0.920313 0.325 0.920313 0.290625
6 0.434375 0.296875 0.434375 0.339063 0.45625 0.339063 0.45625 0.328125 0.457812 0.326562 0.457812 0.296875
6 0.571875 0.290625 0.571875 0.339063 0.595312 0.339063 0.595312 0.290625
6 0.828125 0.290625 0.828125 0.332812 0.853125 0.332812 0.853125 0.328125 0.854688 0.326562 0.854688 0.321875 0.85625 0.320312 0.85625 0.290625
6 0.803125 0.290625 0.803125 0.332812 0.826563 0.332812 0.826563 0.326562 0.828125 0.325 0.832812 0.325 0.832812 0.290625
6 0.540625 0.290625 0.540625 0.339063 0.5625 0.339063 0.5625 0.332812 0.565625 0.329688 0.570312 0.329688 0.570312 0.290625
6 0.771875 0.290625 0.771875 0.332812 0.798437 0.332812 0.798437 0.320312 0.8 0.31875 0.8 0.290625
6 0.309375 0.296875 0.309375 0.339063 0.33125 0.339063 0.33125 0.296875
6 0.859375 0.290625 0.859375 0.332812 0.884375 0.332812 0.884375 0.326562 0.885938 0.325 0.885938 0.317187 0.8875 0.315625 0.8875 0.290625
6 0.596875 0.290625 0.596875 0.339063 0.615625 0.339063 0.615625 0.334375 0.617188 0.332812 0.617188 0.33125 0.61875 0.329688 0.61875 0.326562 0.620313 0.325 0.620313 0.3125 0.621875 0.310937 0.626562 0.310937 0.626562 0.290625
6 0.084375 0.303125 0.084375 0.3375 0.0953125 0.3375 0.096875 0.339063 0.0984375 0.3375 0.107813 0.3375 0.110937 0.334375 0.110937 0.320312 0.109375 0.31875 0.109375 0.309375 0.110937 0.307813 0.110937 0.303125
6 0.115625 0.303125 0.115625 0.339063 0.126563 0.339063 0.128125 0.3375 0.135937 0.3375 0.140625 0.332812 0.145313 0.332812 0.140625 0.332812 0.139062 0.33125 0.139062 0.303125
6 0 0.603125 0 0.6375 0.015625 0.6375 0.0171875 0.635938 0.01875 0.635938 0.0203125 0.634375 0.0203125 0.6125 0.021875 0.610937 0.0265625 0.610937 0.0265625 0.603125
6 0.359375 0.296875 0.359375 0.339063 0.389062 0.339063 0.389062 0.296875
6 0.165625 0.303125 0.165625 0.3375 0.1875 0.3375 0.189063 0.335938 0.190625 0.335938 0.19375 0.332812 0.19375 0.328125 0.195312 0.326562 0.195312 0.325 0.196875 0.323438 0.201562 0.323438 0.201562 0.303125
6 0.484375 0.609375 0.484375 0.648438 0.490625 0.648438 0.492188 0.65 0.503125 0.65 0.507812 0.645312 0.507812 0.642187 0.509375 0.640625 0.514063 0.640625 0.514063 0.609375
6 0.034375 0.303125 0.034375 0.3375 0.0421875 0.3375 0.04375 0.339063 0.046875 0.339063 0.0484375 0.3375 0.0546875 0.3375 0.05625 0.335938 0.0578125 0.335938 0.059375 0.334375 0.0640625 0.334375 0.0640625 0.3125 0.059375 0.3125 0.0578125 0.310937 0.0578125 0.303125
6 0.046875 0.603125 0.046875 0.639063 0.0546875 0.639063 0.05625 0.640625 0.05625 0.645312 0.0578125 0.645312 0.0578125 0.640625 0.059375 0.639063 0.0609375 0.639063 0.0625 0.6375 0.0640625 0.6375 0.065625 0.635938 0.065625 0.626562 0.0671875 0.625 0.0671875 0.614062 0.06875 0.6125 0.06875 0.603125
6 0.140625 0.603125 0.140625 0.645312 0.1625 0.645312 0.1625 0.634375 0.164062 0.632812 0.164062 0.620313 0.165625 0.61875 0.170312 0.61875 0.170312 0.603125
6 0.165625 0.603125 0.165625 0.645312 0.185937 0.645312 0.185937 0.617188 0.1875 0.615625 0.1875 0.603125
6 0.653125 0.290625 0.653125 0.332812 0.66875 0.332812 0.670313 0.33125 0.671875 0.33125 0.675 0.328125 0.675 0.323438 0.676562 0.321875 0.676562 0.31875 0.678125 0.317187 0.682813 0.317187 0.682813 0.290625
6 0.509375 0.609375 0.509375 0.65 0.51875 0.65 0.520312 0.651563 0.526563 0.651563 0.528125 0.65 0.529688 0.65 0.534375 0.645312 0.539062 0.645312 0.539062 0.609375
6 0.003125 0.303125 0.003125 0.334375 0.0140625 0.334375 0.0140625 0.303125
6 0.459375 0.296875 0.459375 0.339063 0.48125 0.339063 0.48125 0.334375 0.482812 0.332812 0.482812 0.33125 0.484375 0.329688 0.489062 0.329688 0.489062 0.296875
6 0.215625 0.603125 0.215625 0.64375 0.229687 0.64375 0.23125 0.642187 0.239063 0.642187 0.239063 0.603125
6 0.059375 0.303125 0.059375 0.3375 0.0796875 0.3375 0.084375 0.332812 0.0890625 0.332812 0.0890625 0.329688 0.084375 0.329688 0.0828125 0.328125 0.0828125 0.303125
6 0.334375 0.296875 0.334375 0.339063 0.357812 0.339063 0.357812 0.332812 0.359375 0.33125 0.364062 0.33125 0.364062 0.296875
6 0.459375 0.609375 0.459375 0.651563 0.48125 0.651563 0.48125 0.645312 0.482812 0.64375 0.482812 0.639063 0.484375 0.6375 0.489062 0.6375 0.489062 0.609375
6 0.434375 0.609375 0.434375 0.651563 0.45625 0.651563 0.45625 0.632812 0.457812 0.63125 0.457812 0.61875 0.459375 0.617188 0.464063 0.617188 0.464063 0.609375
6 0.590625 0.609375 0.590625 0.651563 0.60625 0.651563 0.607813 0.65 0.614062 0.65 0.614062 0.609375
6 0.534375 0.609375 0.534375 0.65 0.540625 0.65 0.542188 0.651563 0.553125 0.651563 0.557813 0.646875 0.564062 0.646875 0.564062 0.609375
5 0.590625 0.084375 0.590625 0.15 0.640625 0.15 0.642187 0.148438 0.651563 0.148438 0.651563 0.084375
6 0.071875 0.603125 0.071875 0.645312 0.0859375 0.645312 0.0859375 0.640625 0.0875 0.639063 0.0875 0.6375 0.0890625 0.635938 0.0890625 0.634375 0.090625 0.632812 0.090625 0.614062 0.0921875 0.6125 0.0921875 0.609375 0.09375 0.607813 0.09375 0.603125
6 0.140625 0.303125 0.140625 0.3375 0.160938 0.3375 0.164062 0.334375 0.170312 0.334375 0.170312 0.303125
6 0.190625 0.603125 0.190625 0.645312 0.210938 0.645312 0.210938 0.6125 0.2125 0.610937 0.2125 0.603125
6 0.565625 0.609375 0.565625 0.651563 0.578125 0.651563 0.579687 0.65 0.58125 0.65 0.582812 0.648438 0.589063 0.648438 0.589063 0.609375
6 0.409375 0.609375 0.409375 0.651563 0.43125 0.651563 0.43125 0.634375 0.432813 0.632812 0.432813 0.609375
6 0.621875 0.290625 0.621875 0.339063 0.64375 0.339063 0.64375 0.334375 0.646875 0.33125 0.651563 0.33125 0.651563 0.290625
6 0.615625 0.609375 0.615625 0.657812 0.632812 0.657812 0.632812 0.653125 0.635938 0.65 0.635938 0.648438 0.6375 0.646875 0.6375 0.61875 0.639063 0.617188 0.639063 0.609375
6 0.009375 0.303125 0.009375 0.3375 0.0296875 0.3375 0.03125 0.335938 0.0328125 0.335938 0.034375 0.334375 0.0390625 0.334375 0.0390625 0.31875 0.034375 0.31875 0.0328125 0.317187 0.0328125 0.303125
6 0.090625 0.603125 0.090625 0.645312 0.1125 0.645312 0.1125 0.6375 0.114063 0.635938 0.114063 0.621875 0.115625 0.620313 0.115625 0.614062 0.117188 0.6125 0.117188 0.610937 0.11875 0.609375 0.11875 0.603125
6 0.384375 0.609375 0.384375 0.651563 0.40625 0.651563 0.40625 0.64375 0.407813 0.642187 0.407813 0.609375
6 0.359375 0.603125 0.359375 0.651563 0.379687 0.651563 0.379687 0.645312 0.38125 0.64375 0.38125 0.632812 0.382812 0.63125 0.382812 0.620313 0.384375 0.61875 0.389062 0.61875 0.389062 0.603125
6 0.115625 0.603125 0.115625 0.645312 0.1375 0.645312 0.1375 0.6375 0.139062 0.635938 0.139062 0.615625 0.140625 0.614062 0.140625 0.610937 0.142188 0.609375 0.142188 0.603125
6 0.021875 0.603125 0.021875 0.6375 0.03125 0.6375 0.0328125 0.639063 0.034375 0.639063 0.0359375 0.6375 0.040625 0.6375 0.0421875 0.635938 0.0421875 0.634375 0.04375 0.632812 0.04375 0.6125 0.0453125 0.610937 0.0453125 0.603125
6 0.259375 0.603125 0.259375 0.651563 0.278125 0.651563 0.278125 0.646875 0.284375 0.640625 0.289062 0.640625 0.289062 0.603125
6 0.334375 0.603125 0.334375 0.651563 0.354688 0.651563 0.354688 0.64375 0.35625 0.642187 0.35625 0.626562 0.357812 0.625 0.357812 0.609375 0.359375 0.607813 0.364062 0.607813 0.364062 0.603125
6 0.284375 0.603125 0.284375 0.651563 0.30625 0.651563 0.30625 0.645312 0.309375 0.642187 0.314063 0.642187 0.314063 0.603125
0 0.721875 0.071875 0.721875 0.151562 0.748438 0.151562 0.748438 0.146875 0.75 0.145313 0.785937 0.145313 0.7875 0.14375 0.792188 0.14375 0.795313 0.140625 0.801562 0.140625 0.801562 0.071875
0 0.803125 0.071875 0.803125 0.145313 0.875 0.145313 0.875 0.140625 0.879687 0.135937 0.879687 0.123438 0.88125 0.121875 0.88125 0.0828125 0.882812 0.08125 0.882812 0.071875
5 0.534375 0.059375 0.534375 0.157813 0.573438 0.157813 0.573438 0.153125 0.575 0.151562 0.582812 0.151562 0.584375 0.15 0.585938 0.15 0.589063 0.146875 0.589063 0.142188 0.5875 0.140625 0.5875 0.135937 0.589063 0.134375 0.589063 0.0984375 0.590625 0.096875 0.595312 0.096875 0.595312 0.09375 0.590625 0.09375 0.589063 0.0921875 0.589063 0.090625 0.590625 0.0890625 0.595312 0.0890625 0.595312 0.059375
6 0.309375 0.603125 0.309375 0.651563 0.329688 0.651563 0.329688 0.645312 0.33125 0.64375 0.33125 0.640625 0.332812 0.639063 0.332812 0.621875 0.334375 0.620313 0.339063 0.620313 0.339063 0.603125
0 0.646875 0.078125 0.646875 0.151562 0.720312 0.151562 0.720312 0.078125
0 0.890625 0.084375 0.890625 0.145313 0.939062 0.145313 0.939062 0.140625 0.940625 0.139062 0.942187 0.139062 0.946875 0.134375 0.951563 0.134375 0.951563 0.132812 0.946875 0.132812 0.945312 0.13125 0.945312 0.129688 0.94375 0.128125 0.94375 0.115625 0.945312 0.114063 0.951563 0.114063 0.951563 0.084375
6 0.240625 0.603125 0.240625 0.64375 0.248437 0.64375 0.25 0.645312 0.251563 0.645312 0.253125 0.64375 0.25625 0.64375 0.259375 0.640625 0.264062 0.640625 0.264062 0.603125
5 0.278125 0.065625 0.278125 0.153125 0.282813 0.153125 0.285937 0.15625 0.2875 0.15625 0.290625 0.159375 0.290625 0.164062 0.309375 0.164062 0.309375 0.159375 0.310937 0.157813 0.314063 0.157813 0.315625 0.15625 0.339063 0.15625 0.342187 0.153125 0.342187 0.142188 0.34375 0.140625 0.34375 0.110937 0.342187 0.109375 0.342187 0.103125 0.340625 0.101562 0.340625 0.0921875 0.339063 0.090625 0.339063 0.0859375 0.3375 0.084375 0.3375 0.08125 0.335938 0.0796875 0.334375 0.0796875 0.332812 0.078125 0.332812 0.075 0.334375 0.0734375 0.335938 0.075 0.339063 0.075 0.342187 0.078125 0.342187 0.084375 0.345313 0.084375 0.346875 0.0859375 0.351562 0.0859375 0.351562 0.065625
0 0.590625 0.078125 0.590625 0.151562 0.651563 0.151562 0.651563 0.078125
6 0.090625 0.603125 0.090625 0.6375 0.0953125 0.6375 0.096875 0.639063 0.096875 0.645312 0.114063 0.645312 0.114063 0.603125
6 0.109375 0.603125 0.109375 0.6375 0.115625 0.6375 0.117188 0.635938 0.117188 0.617188 0.11875 0.615625 0.11875 0.610937 0.120312 0.609375 0.121875 0.609375 0.123438 0.610937 0.123438 0.625 0.125 0.626562 0.123438 0.628125 0.123438 0.635938 0.120312 0.639063 0.120312 0.645312 0.132812 0.645312 0.132812 0.603125
0 0.534375 0.078125 0.534375 0.157813 0.573438 0.157813 0.573438 0.153125 0.575 0.151562 0.582812 0.151562 0.584375 0.15 0.585938 0.15 0.589063 0.146875 0.595312 0.146875 0.595312 0.142188 0.590625 0.142188 0.589063 0.140625 0.589063 0.1375 0.590625 0.135937 0.595312 0.135937 0.595312 0.078125
