0 0.171875 0.459375 0.171875 0.714063 0.292188 0.714063 0.292188 0.682813 0.290625 0.68125 0.290625 0.676562 0.292188 0.675 0.292188 0.648438 0.29375 0.646875 0.29375 0.589063 0.295312 0.5875 0.295312 0.573438 0.296875 0.571875 0.301562 0.571875 0.301562 0.459375
0 0.053125 0.453125 0.053125 0.457812 0.0546875 0.459375 0.0546875 0.4625 0.05625 0.464063 0.05625 0.465625 0.059375 0.46875 0.059375 0.489062 0.0578125 0.490625 0.0578125 0.496875 0.05625 0.498437 0.05625 0.503125 0.0546875 0.504687 0.0546875 0.509375 0.053125 0.510938 0.053125 0.514063 0.0515625 0.515625 0.05 0.514063 0.05 0.5125 0.0484375 0.510938 0.0484375 0.509375 0.046875 0.507812 0.046875 0.50625 0.0453125 0.504687 0.040625 0.504687 0.040625 0.565625 0.0453125 0.565625 0.046875 0.567187 0.046875 0.571875 0.0484375 0.573438 0.0484375 0.584375 0.046875 0.585938 0.046875 0.59375 0.0453125 0.595312 0.040625 0.595312 0.040625 0.707812 0.170312 0.707812 0.170312 0.695312 0.16875 0.69375 0.16875 0.685938 0.167187 0.684375 0.167187 0.65 0.16875 0.648438 0.16875 0.6 0.170312 0.598437 0.170312 0.585938 0.171875 0.584375 0.171875 0.571875 0.173438 0.570312 0.173438 0.498437 0.175 0.496875 0.175 0.484375 0.176563 0.482812 0.176563 0.473437 0.178125 0.471875 0.182812 0.471875 0.182812 0.453125
0 0.946875 0.534375 0.946875 0.770312 0.998438 0.770312 0.998438 0.534375
0 0.296875 0.471875 0.296875 0.726562 0.4125 0.726562 0.4125 0.695312 0.414062 0.69375 0.414062 0.678125 0.415625 0.676562 0.420312 0.676562 0.420312 0.471875
0 0.415625 0.484375 0.415625 0.728125 0.426562 0.728125 0.428125 0.729688 0.439063 0.729688 0.440625 0.73125 0.464063 0.73125 0.465625 0.732813 0.478125 0.732813 0.479688 0.734375 0.479688 0.739062 0.53125 0.739062 0.53125 0.720312 0.532812 0.71875 0.532812 0.714063 0.534375 0.7125 0.539062 0.7125 0.539062 0.484375
0 0.765625 0.521875 0.765625 0.75 0.771875 0.75 0.773438 0.751562 0.779688 0.751562 0.78125 0.753125 0.7875 0.753125 0.789062 0.754687 0.804688 0.754687 0.80625 0.75625 0.864062 0.75625 0.864062 0.6125 0.859375 0.6125 0.857813 0.610937 0.857813 0.607813 0.85625 0.60625 0.85625 0.603125 0.854688 0.601562 0.854688 0.592188 0.853125 0.590625 0.853125 0.539062 0.854688 0.5375 0.854688 0.529688 0.85625 0.528125 0.85625 0.521875
0 0.853125 0.528125 0.853125 0.757812 0.860937 0.757812 0.8625 0.759375 0.8625 0.764063 0.951563 0.764063 0.951563 0.632812 0.946875 0.632812 0.94375 0.629687 0.94375 0.620313 0.942187 0.61875 0.942187 0.607813 0.940625 0.60625 0.940625 0.5375 0.939062 0.535937 0.939062 0.528125
0 0.542188 0.490625 0.542188 0.496875 0.540625 0.498437 0.540625 0.520312 0.539062 0.521875 0.534375 0.521875 0.534375 0.734375 0.546875 0.734375 0.548437 0.735937 0.553125 0.735937 0.554688 0.7375 0.567187 0.7375 0.56875 0.739062 0.58125 0.739062 0.582812 0.740625 0.582812 0.745313 0.645312 0.745313 0.645312 0.739062 0.646875 0.7375 0.646875 0.735937 0.648438 0.734375 0.648438 0.732813 0.65 0.73125 0.65 0.728125 0.651563 0.726562 0.651563 0.725 0.653125 0.723437 0.657812 0.723437 0.657812 0.60625 0.646875 0.60625 0.645312 0.604688 0.645312 0.590625 0.64375 0.589063 0.64375 0.539062 0.645312 0.5375 0.645312 0.528125 0.648438 0.525 0.648438 0.523438 0.65 0.521875 0.65 0.507812 0.651563 0.50625 0.651563 0.490625
0 0.646875 0.515625 0.646875 0.746875 0.654688 0.746875 0.65625 0.745313 0.657812 0.745313 0.659375 0.746875 0.66875 0.746875 0.670313 0.748438 0.692187 0.748438 0.69375 0.75 0.720312 0.75 0.721875 0.751562 0.735937 0.751562 0.7375 0.753125 0.7375 0.757812 0.760938 0.757812 0.760938 0.751562 0.764063 0.748438 0.770312 0.748438 0.770312 0.523438 0.746875 0.523438 0.745313 0.521875 0.74375 0.521875 0.742188 0.520312 0.742188 0.515625
8 0.790625 0 0.790625 0.0953125 0.796875 0.0953125 0.798437 0.096875 0.807813 0.096875 0.809375 0.0984375 0.814062 0.0984375 0.815625 0.1 0.823438 0.1 0.826563 0.103125 0.826563 0.107813 0.870313 0.107813 0.870313 0.071875 0.865625 0.071875 0.8625 0.06875 0.8625 0.0578125 0.860937 0.05625 0.860937 0.0296875 0.859375 0.028125 0.859375 0.0078125 0.860937 0.00625 0.860937 0.0046875 0.8625 0.003125 0.8625 0
8 0.859375 0 0.859375 0.10625 0.865625 0.10625 0.867188 0.107813 0.870313 0.107813 0.871875 0.109375 0.873438 0.109375 0.875 0.110937 0.878125 0.110937 0.879687 0.1125 0.884375 0.1125 0.885938 0.114063 0.889063 0.114063 0.890625 0.115625 0.9 0.115625 0.901563 0.117188 0.909375 0.117188 0.910937 0.11875 0.914062 0.11875 0.915625 0.120312 0.91875 0.120312 0.920313 0.121875 0.920313 0.126563 0.932813 0.126563 0.932813 0.04375 0.928125 0.04375 0.926562 0.0421875 0.926562 0.0390625 0.925 0.0375 0.925 0.03125 0.923437 0.0296875 0.923437 0.0078125 0.928125 0.003125 0.932813 0.003125 0.932813 0
