7 0.278125 0.853125 0.278125 0.876562 0.3 0.876562 0.301562 0.878125 0.301562 0.882812 0.301562 0.878125 0.303125 0.876562 0.304688 0.876562 0.307813 0.873438 0.307813 0.853125
6 0.521875 0.321875 0.521875 0.351562 0.526563 0.351562 0.526563 0.346875 0.53125 0.342187 0.53125 0.340625 0.532812 0.339063 0.532812 0.321875
6 0.246875 0.328125 0.246875 0.351562 0.264062 0.351562 0.264062 0.328125
0 0.196875 0.640625 0.196875 0.689062 0.232812 0.689062 0.232812 0.667188 0.228125 0.667188 0.226562 0.665625 0.226562 0.660937 0.228125 0.659375 0.232812 0.659375 0.232812 0.640625
6 0.209375 0.484375 0.209375 0.507812 0.21875 0.507812 0.21875 0.501562 0.220313 0.5 0.220313 0.498437 0.221875 0.496875 0.226562 0.496875 0.226562 0.484375
6 0.534375 0.328125 0.534375 0.351562 0.539062 0.351562 0.539062 0.346875 0.542188 0.34375 0.54375 0.34375 0.54375 0.342187 0.546875 0.339063 0.551562 0.339063 0.551562 0.328125
6 0.221875 0.484375 0.221875 0.507812 0.229687 0.507812 0.229687 0.5 0.23125 0.498437 0.23125 0.484375
5 0.471875 0.121875 0.471875 0.176563 0.476562 0.176563 0.476562 0.171875 0.478125 0.170312 0.478125 0.16875 0.479688 0.167187 0.479688 0.160938 0.48125 0.159375 0.48125 0.15 0.482812 0.148438 0.482812 0.121875
6 0.509375 0.321875 0.509375 0.351562 0.514063 0.351562 0.514063 0.346875 0.51875 0.342187 0.51875 0.340625 0.520312 0.339063 0.520312 0.329688 0.521875 0.328125 0.526563 0.328125 0.526563 0.321875
6 0.259375 0.328125 0.259375 0.351562 0.276563 0.351562 0.276563 0.328125
6 0.390625 0.484375 0.390625 0.507812 0.401563 0.507812 0.401563 0.484375
6 0.234375 0.484375 0.234375 0.507812 0.24375 0.507812 0.24375 0.484375
6 0.759375 0.328125 0.759375 0.345313 0.770312 0.345313 0.770312 0.3375 0.771875 0.335938 0.776563 0.335938 0.776563 0.328125
6 0.721875 0.321875 0.721875 0.345313 0.732813 0.345313 0.732813 0.3375 0.734375 0.335938 0.739062 0.335938 0.739062 0.321875
0 0.378125 0.559375 0.378125 0.614062 0.407813 0.614062 0.407813 0.559375
6 0.409375 0.484375 0.409375 0.507812 0.426562 0.507812 0.426562 0.484375
7 0.309375 0.853125 0.309375 0.882812 0.351562 0.882812 0.351562 0.867188 0.346875 0.867188 0.345313 0.865625 0.345313 0.8625 0.34375 0.860937 0.34375 0.853125
6 0.396875 0.484375 0.396875 0.507812 0.414062 0.507812 0.414062 0.484375
6 0.378125 0.484375 0.378125 0.507812 0.389062 0.507812 0.389062 0.484375
5 0.421875 0.134375 0.421875 0.176563 0.428125 0.176563 0.428125 0.171875 0.429688 0.170312 0.43125 0.170312 0.432813 0.16875 0.434375 0.16875 0.435937 0.167187 0.435937 0.165625 0.4375 0.164062 0.4375 0.159375 0.439063 0.157813 0.439063 0.148438 0.440625 0.146875 0.445312 0.146875 0.445312 0.145313 0.440625 0.145313 0.439063 0.14375 0.439063 0.134375
6 0.271875 0.328125 0.271875 0.351562 0.289062 0.351562 0.289062 0.328125
6 0.684375 0.328125 0.684375 0.345313 0.695312 0.345313 0.695312 0.339063 0.696875 0.3375 0.701563 0.3375 0.701563 0.328125
6 0.746875 0.321875 0.746875 0.345313 0.757812 0.345313 0.757812 0.3375 0.759375 0.335938 0.764063 0.335938 0.764063 0.321875
6 0.284375 0.328125 0.284375 0.351562 0.295312 0.351562 0.295312 0.346875 0.296875 0.345313 0.301562 0.345313 0.301562 0.328125
6 0.709375 0.321875 0.709375 0.345313 0.720312 0.345313 0.720312 0.339063 0.721875 0.3375 0.726562 0.3375 0.726562 0.321875
0 0.265625 0.559375 0.265625 0.614062 0.292188 0.614062 0.292188 0.598437 0.290625 0.596875 0.290625 0.578125 0.292188 0.576563 0.292188 0.559375
6 0.271875 0.484375 0.271875 0.507812 0.289062 0.507812 0.289062 0.484375
6 0.553125 0.490625 0.553125 0.507812 0.564062 0.507812 0.564062 0.490625
6 0.728125 0.484375 0.728125 0.501562 0.734375 0.501562 0.7375 0.498437 0.739062 0.498437 0.740625 0.496875 0.745313 0.496875 0.745313 0.484375
6 0.496875 0.328125 0.496875 0.351562 0.503125 0.351562 0.503125 0.346875 0.504687 0.345313 0.504687 0.34375 0.50625 0.342187 0.50625 0.340625 0.507812 0.339063 0.507812 0.328125
6 0.471875 0.328125 0.471875 0.351562 0.489062 0.351562 0.489062 0.328125
6 0.734375 0.321875 0.734375 0.345313 0.745313 0.345313 0.745313 0.335938 0.746875 0.334375 0.751562 0.334375 0.751562 0.321875
6 0.628125 0.328125 0.628125 0.34375 0.634375 0.34375 0.639063 0.339063 0.639063 0.328125
6 0.515625 0.484375 0.515625 0.507812 0.526563 0.507812 0.526563 0.484375
6 0.490625 0.484375 0.490625 0.507812 0.498437 0.507812 0.498437 0.484375
6 0.696875 0.321875 0.696875 0.345313 0.707812 0.345313 0.707812 0.321875
6 0.640625 0.328125 0.640625 0.34375 0.646875 0.34375 0.65 0.340625 0.65 0.3375 0.651563 0.335938 0.651563 0.328125
6 0.421875 0.484375 0.421875 0.507812 0.432813 0.507812 0.432813 0.503125 0.434375 0.501562 0.439063 0.501562 0.439063 0.484375
6 0.309375 0.490625 0.309375 0.507812 0.31875 0.507812 0.31875 0.498437 0.320312 0.496875 0.320312 0.490625
6 0.415625 0.328125 0.415625 0.351562 0.423438 0.351562 0.423438 0.345313 0.425 0.34375 0.425 0.328125
6 0.434375 0.484375 0.434375 0.507812 0.445312 0.507812 0.445312 0.503125 0.446875 0.501562 0.451562 0.501562 0.451562 0.484375
6 0.740625 0.484375 0.740625 0.501562 0.745313 0.501562 0.746875 0.5 0.748438 0.5 0.75 0.498437 0.75 0.496875 0.753125 0.49375 0.757812 0.49375 0.757812 0.484375
5 0.371875 0.134375 0.371875 0.176563 0.378125 0.176563 0.378125 0.171875 0.379687 0.170312 0.379687 0.16875 0.38125 0.167187 0.38125 0.160938 0.382812 0.159375 0.382812 0.134375
6 0.590625 0.484375 0.590625 0.507812 0.601562 0.507812 0.601562 0.501562 0.603125 0.5 0.607813 0.5 0.607813 0.484375
6 0.259375 0.484375 0.259375 0.507812 0.276563 0.507812 0.276563 0.484375
6 0.671875 0.321875 0.671875 0.345313 0.676562 0.345313 0.678125 0.34375 0.679688 0.34375 0.684375 0.339063 0.689062 0.339063 0.689062 0.321875
6 0.503125 0.484375 0.503125 0.507812 0.514063 0.507812 0.514063 0.484375
6 0.484375 0.328125 0.484375 0.351562 0.492188 0.351562 0.492188 0.346875 0.496875 0.342187 0.501562 0.342187 0.501562 0.328125
6 0.528125 0.484375 0.528125 0.507812 0.539062 0.507812 0.539062 0.484375
6 0.609375 0.328125 0.609375 0.345313 0.620313 0.345313 0.620313 0.328125
6 0.378125 0.328125 0.378125 0.351562 0.395312 0.351562 0.395312 0.328125
5 0.484375 0.121875 0.484375 0.170312 0.490625 0.170312 0.495313 0.165625 0.501562 0.165625 0.501562 0.121875
5 0.440625 0.128125 0.440625 0.16875 0.446875 0.16875 0.453125 0.1625 0.457812 0.1625 0.457812 0.1375 0.453125 0.1375 0.451562 0.135937 0.451562 0.128125
6 0.578125 0.484375 0.578125 0.507812 0.5875 0.507812 0.5875 0.503125 0.589063 0.501562 0.589063 0.498437 0.590625 0.496875 0.595312 0.496875 0.595312 0.484375
6 0.321875 0.328125 0.321875 0.351562 0.329688 0.351562 0.329688 0.345313 0.334375 0.340625 0.339063 0.340625 0.339063 0.328125
0 0.434375 0.559375 0.434375 0.614062 0.464063 0.614062 0.464063 0.559375
6 0.546875 0.328125 0.546875 0.345313 0.554688 0.345313 0.55625 0.34375 0.564062 0.34375 0.564062 0.328125
0 0.459375 0.559375 0.459375 0.614062 0.4875 0.614062 0.4875 0.603125 0.485938 0.601562 0.485938 0.559375
6 0.540625 0.484375 0.540625 0.507812 0.551562 0.507812 0.551562 0.484375
6 0.315625 0.328125 0.315625 0.345313 0.326562 0.345313 0.326562 0.328125
6 0.565625 0.321875 0.565625 0.345313 0.570312 0.345313 0.575 0.340625 0.575 0.339063 0.576563 0.3375 0.576563 0.334375 0.578125 0.332812 0.582812 0.332812 0.582812 0.321875
7 0.253125 0.846875 0.253125 0.882812 0.271875 0.882812 0.271875 0.878125 0.273438 0.876562 0.275 0.876562 0.278125 0.873438 0.278125 0.865625 0.279687 0.864062 0.279687 0.85625 0.28125 0.854688 0.28125 0.846875
6 0.446875 0.484375 0.446875 0.507812 0.464063 0.507812 0.464063 0.484375
6 0.296875 0.484375 0.296875 0.507812 0.304688 0.507812 0.304688 0.501562 0.30625 0.5 0.30625 0.484375
5 0.409375 0.134375 0.409375 0.176563 0.420312 0.176563 0.420312 0.170312 0.421875 0.16875 0.421875 0.165625 0.423438 0.164062 0.423438 0.15 0.425 0.148438 0.425 0.134375
6 0.284375 0.484375 0.284375 0.507812 0.295312 0.507812 0.295312 0.498437 0.296875 0.496875 0.301562 0.496875 0.301562 0.484375
6 0.403125 0.328125 0.403125 0.351562 0.4125 0.351562 0.4125 0.34375 0.414062 0.342187 0.414062 0.335938 0.415625 0.334375 0.420312 0.334375 0.420312 0.328125
6 0.321875 0.484375 0.321875 0.507812 0.329688 0.507812 0.329688 0.503125 0.33125 0.501562 0.33125 0.49375 0.332812 0.492188 0.332812 0.484375
6 0.296875 0.328125 0.296875 0.351562 0.307813 0.351562 0.307813 0.346875 0.309375 0.345313 0.314063 0.345313 0.314063 0.328125
6 0.334375 0.490625 0.334375 0.507812 0.345313 0.507812 0.345313 0.501562 0.346875 0.5 0.351562 0.5 0.351562 0.490625
6 0.365625 0.490625 0.365625 0.50625 0.376563 0.50625 0.376563 0.490625
5 0.359375 0.134375 0.359375 0.170312 0.365625 0.170312 0.367188 0.16875 0.367188 0.167187 0.36875 0.165625 0.36875 0.134375
6 0.684375 0.484375 0.684375 0.5 0.695312 0.5 0.695312 0.484375
6 0.428125 0.328125 0.428125 0.351562 0.434375 0.351562 0.434375 0.345313 0.435937 0.34375 0.435937 0.328125
0 0.346875 0.559375 0.346875 0.614062 0.375 0.614062 0.375 0.60625 0.373437 0.604688 0.373437 0.559375
6 0.390625 0.328125 0.390625 0.351562 0.407813 0.351562 0.407813 0.328125
6 0.578125 0.328125 0.578125 0.34375 0.589063 0.34375 0.590625 0.342187 0.595312 0.342187 0.595312 0.328125
6 0.465625 0.484375 0.465625 0.507812 0.473437 0.507812 0.473437 0.5 0.475 0.498437 0.475 0.484375
6 0.165625 0.484375 0.165625 0.507812 0.171875 0.507812 0.171875 0.498437 0.173438 0.496875 0.173438 0.484375
6 0.159375 0.328125 0.159375 0.351562 0.167187 0.351562 0.167187 0.34375 0.16875 0.342187 0.16875 0.328125
0 0.403125 0.559375 0.403125 0.614062 0.43125 0.614062 0.43125 0.56875 0.429688 0.567187 0.429688 0.559375
6 0.184375 0.328125 0.184375 0.351562 0.195312 0.351562 0.195312 0.328125
5 0.384375 0.134375 0.384375 0.176563 0.390625 0.176563 0.390625 0.171875 0.392188 0.170312 0.392188 0.16875 0.39375 0.167187 0.39375 0.164062 0.395312 0.1625 0.395312 0.134375
0 0.540625 0.559375 0.540625 0.610937 0.55 0.610937 0.551562 0.6125 0.557813 0.6125 0.559375 0.610937 0.56875 0.610937 0.570312 0.609375 0.576563 0.609375 0.576563 0.570312 0.571875 0.570312 0.570312 0.56875 0.570312 0.559375
6 0.653125 0.328125 0.653125 0.34375 0.659375 0.34375 0.665625 0.3375 0.670313 0.3375 0.670313 0.328125
6
6 0.615625 0.328125 0.615625 0.34375 0.621875 0.34375 0.626562 0.339063 0.626562 0.328125
5 0.453125 0.121875 0.453125 0.176563 0.460938 0.176563 0.460938 0.171875 0.4625 0.170312 0.464063 0.170312 0.465625 0.16875 0.465625 0.167187 0.467187 0.165625 0.467187 0.15 0.46875 0.148438 0.46875 0.121875
6 0.715625 0.484375 0.715625 0.507812 0.721875 0.507812 0.721875 0.503125 0.726562 0.498437 0.732813 0.498437 0.732813 0.484375
5 0.396875 0.134375 0.396875 0.176563 0.404687 0.176563 0.404687 0.170312 0.40625 0.16875 0.40625 0.167187 0.407813 0.165625 0.407813 0.1625 0.409375 0.160938 0.414062 0.160938 0.414062 0.134375
6 0.209375 0.328125 0.209375 0.351562 0.220313 0.351562 0.220313 0.328125
6 0.509375 0.328125 0.509375 0.351562 0.520312 0.351562 0.520312 0.328125
6 0.178125 0.484375 0.178125 0.507812 0.189063 0.507812 0.189063 0.484375
6 0.334375 0.328125 0.334375 0.351562 0.342187 0.351562 0.342187 0.345313 0.346875 0.340625 0.351562 0.340625 0.351562 0.328125
6 0.365625 0.328125 0.365625 0.351562 0.375 0.351562 0.375 0.345313 0.378125 0.342187 0.382812 0.342187 0.382812 0.328125
6 0.615625 0.484375 0.615625 0.507812 0.623438 0.507812 0.623438 0.501562 0.625 0.5 0.625 0.49375 0.626562 0.492188 0.626562 0.484375
6 0.459375 0.328125 0.459375 0.351562 0.476562 0.351562 0.476562 0.328125
0 0.515625 0.565625 0.515625 0.614062 0.545313 0.614062 0.545313 0.565625
6 0.703125 0.484375 0.703125 0.507812 0.709375 0.507812 0.709375 0.503125 0.710938 0.501562 0.7125 0.501562 0.714063 0.5 0.720312 0.5 0.720312 0.484375
6 0.565625 0.484375 0.565625 0.507812 0.582812 0.507812 0.582812 0.484375
6 0.196875 0.484375 0.196875 0.507812 0.204688 0.507812 0.204688 0.5 0.20625 0.498437 0.20625 0.484375
6 0.171875 0.328125 0.171875 0.351562 0.179688 0.351562 0.179688 0.34375 0.18125 0.342187 0.18125 0.328125
6 0.190625 0.484375 0.190625 0.507812 0.201562 0.507812 0.201562 0.484375
6 0.228125 0.328125 0.228125 0.351562 0.234375 0.351562 0.234375 0.345313 0.235938 0.34375 0.235938 0.342187 0.2375 0.340625 0.2375 0.328125
6 0.603125 0.484375 0.603125 0.507812 0.6125 0.507812 0.6125 0.498437 0.614062 0.496875 0.614062 0.49375 0.615625 0.492188 0.620313 0.492188 0.620313 0.484375
7 0.203125 0.840625 0.203125 0.882812 0.257812 0.882812 0.257812 0.840625
5 0.340625 0.121875 0.340625 0.170312 0.357812 0.170312 0.357812 0.121875
6
6 0.440625 0.328125 0.440625 0.351562 0.451562 0.351562 0.451562 0.328125
6 0.653125 0.484375 0.653125 0.507812 0.660937 0.507812 0.660937 0.503125 0.6625 0.501562 0.6625 0.5 0.664062 0.498437 0.670313 0.498437 0.670313 0.484375
6 0.215625 0.328125 0.215625 0.351562 0.223438 0.351562 0.223438 0.345313 0.226562 0.342187 0.226562 0.340625 0.228125 0.339063 0.232812 0.339063 0.232812 0.328125
0 0.290625 0.640625 0.290625 0.6875 0.296875 0.6875 0.298438 0.689062 0.3 0.689062 0.301562 0.690625 0.301562 0.695312 0.317187 0.695312 0.317187 0.690625 0.31875 0.689062 0.31875 0.6875 0.321875 0.684375 0.326562 0.684375 0.321875 0.684375 0.320312 0.682813 0.320312 0.68125 0.31875 0.679688 0.31875 0.675 0.317187 0.673437 0.317187 0.660937 0.31875 0.659375 0.31875 0.640625
6 0.671875 0.484375 0.671875 0.501562 0.678125 0.501562 0.678125 0.5 0.679688 0.498437 0.679688 0.496875 0.68125 0.495313 0.68125 0.484375
6 0.690625 0.484375 0.690625 0.507812 0.696875 0.507812 0.696875 0.503125 0.701563 0.498437 0.707812 0.498437 0.707812 0.484375
6 0.334375 0.328125 0.334375 0.351562 0.345313 0.351562 0.345313 0.328125
6 0.515625 0.565625 0.515625 0.614062 0.545313 0.614062 0.545313 0.565625
0 0.440625 0.640625 0.440625 0.689062 0.448438 0.689062 0.45 0.690625 0.45 0.695312 0.457812 0.695312 0.457812 0.690625 0.459375 0.689062 0.465625 0.689062 0.467187 0.6875 0.46875 0.6875 0.471875 0.684375 0.476562 0.684375 0.476562 0.679688 0.471875 0.679688 0.470313 0.678125 0.470313 0.65625 0.46875 0.654688 0.46875 0.640625
6 0.634375 0.484375 0.634375 0.507812 0.645312 0.507812 0.645312 0.484375
6 0.478125 0.484375 0.478125 0.507812 0.485938 0.507812 0.485938 0.484375
5 0.384375 0.128125 0.384375 0.176563 0.389062 0.176563 0.389062 0.171875 0.392188 0.16875 0.392188 0.167187 0.39375 0.165625 0.39375 0.15625 0.395312 0.154687 0.395312 0.139062 0.39375 0.1375 0.39375 0.128125
7 0.228125 0.840625 0.228125 0.882812 0.25625 0.882812 0.25625 0.86875 0.254687 0.867188 0.254687 0.840625
5 0.409375 0.128125 0.409375 0.167187 0.420312 0.167187 0.420312 0.128125
5 0.453125 0.128125 0.453125 0.167187 0.470313 0.167187 0.470313 0.128125
5 0.496875 0.121875 0.496875 0.16875 0.507812 0.16875 0.509375 0.167187 0.510938 0.167187 0.510938 0.165625 0.5125 0.164062 0.5125 0.154687 0.514063 0.153125 0.514063 0.121875
6 0.146875 0.328125 0.146875 0.351562 0.153125 0.351562 0.153125 0.346875 0.154687 0.345313 0.154687 0.340625 0.15625 0.339063 0.15625 0.3375 0.154687 0.335938 0.154687 0.328125
6 0.346875 0.565625 0.346875 0.614062 0.376563 0.614062 0.376563 0.565625
0 0.321875 0.559375 0.321875 0.614062 0.351562 0.614062 0.351562 0.6 0.346875 0.6 0.345313 0.598437 0.345313 0.582812 0.346875 0.58125 0.351562 0.58125 0.351562 0.559375
6 0.309375 0.328125 0.309375 0.351562 0.320312 0.351562 0.320312 0.328125
6 0.434375 0.559375 0.434375 0.614062 0.464063 0.614062 0.464063 0.559375
6 0.321875 0.565625 0.321875 0.614062 0.351562 0.614062 0.351562 0.6 0.346875 0.6 0.345313 0.598437 0.345313 0.584375 0.346875 0.582812 0.351562 0.582812 0.351562 0.565625
6 0.459375 0.565625 0.459375 0.614062 0.4875 0.614062 0.4875 0.589063 0.485938 0.5875 0.485938 0.579687 0.4875 0.578125 0.4875 0.575 0.485938 0.573438 0.485938 0.565625
0 0.490625 0.565625 0.490625 0.614062 0.514063 0.614062 0.514063 0.585938 0.509375 0.585938 0.50625 0.582812 0.50625 0.573438 0.504687 0.571875 0.504687 0.565625
6
6
6 0.290625 0.640625 0.290625 0.6875 0.296875 0.6875 0.298438 0.689062 0.3 0.689062 0.301562 0.690625 0.301562 0.695312 0.317187 0.695312 0.317187 0.689062 0.320312 0.685938 0.320312 0.682813 0.31875 0.68125 0.31875 0.676562 0.317187 0.675 0.317187 0.657812 0.31875 0.65625 0.31875 0.640625
5 0.553125 0.134375 0.553125 0.170312 0.559375 0.170312 0.560938 0.16875 0.564062 0.16875 0.565625 0.167187 0.565625 0.15625 0.567187 0.154687 0.567187 0.134375
