5 0.128125 0.253125 0.128125 0.307813 0.146875 0.307813 0.148438 0.30625 0.16875 0.30625 0.170312 0.304688 0.185937 0.304688 0.1875 0.303125 0.192188 0.303125 0.19375 0.301562 0.19375 0.292188 0.192188 0.290625 0.192188 0.285937 0.190625 0.284375 0.190625 0.253125
0 0.721875 0.578125 0.721875 0.620313 0.75625 0.620313 0.75625 0.614062 0.759375 0.610937 0.764063 0.610937 0.764063 0.578125
0 0.671875 0.578125 0.671875 0.614062 0.6875 0.614062 0.689062 0.615625 0.689062 0.620313 0.709375 0.620313 0.709375 0.614062 0.710938 0.6125 0.710938 0.610937 0.7125 0.609375 0.7125 0.60625 0.714063 0.604688 0.714063 0.6 0.715625 0.598437 0.720312 0.598437 0.720312 0.578125
0 0.765625 0.584375 0.765625 0.620313 0.773438 0.620313 0.775 0.621875 0.775 0.626562 0.796875 0.626562 0.796875 0.621875 0.798437 0.620313 0.8 0.620313 0.801562 0.61875 0.803125 0.61875 0.803125 0.617188 0.804688 0.615625 0.804688 0.601562 0.80625 0.6 0.80625 0.584375
5 0.159375 0.540625 0.159375 0.589063 0.21875 0.589063 0.21875 0.551562 0.220313 0.55 0.220313 0.540625
0 0.678125 0.253125 0.678125 0.301562 0.726562 0.301562 0.726562 0.253125
0 0.784375 0.265625 0.784375 0.29375 0.814062 0.29375 0.817187 0.290625 0.817187 0.2875 0.81875 0.285937 0.81875 0.273438 0.820312 0.271875 0.820312 0.265625
5 0.571875 0.559375 0.571875 0.614062 0.582812 0.614062 0.582812 0.609375 0.584375 0.607813 0.598437 0.607813 0.6 0.609375 0.6 0.614062 0.603125 0.614062 0.603125 0.609375 0.604688 0.607813 0.614062 0.607813 0.614062 0.559375
5 0.190625 0.253125 0.190625 0.307813 0.225 0.307813 0.225 0.2875 0.223438 0.285937 0.223438 0.260938 0.225 0.259375 0.225 0.253125
5 0.340625 0.546875 0.340625 0.592188 0.351562 0.592188 0.353125 0.59375 0.367188 0.59375 0.36875 0.592188 0.370313 0.592188 0.371875 0.590625 0.371875 0.582812 0.373437 0.58125 0.373437 0.567187 0.375 0.565625 0.375 0.546875
5 0.221875 0.540625 0.221875 0.5875 0.246875 0.5875 0.248437 0.585938 0.248437 0.570312 0.25 0.56875 0.25 0.554688 0.251563 0.553125 0.251563 0.540625
6 0.846875 0.009375 0.846875 0.0453125 0.8625 0.0453125 0.8625 0.0390625 0.865625 0.0359375 0.870313 0.0359375 0.870313 0.009375
6 0.553125 0.034375 0.553125 0.0703125 0.570312 0.0703125 0.570312 0.034375
0 0.746875 0.253125 0.746875 0.301562 0.767187 0.301562 0.767187 0.296875 0.770312 0.29375 0.776563 0.29375 0.776563 0.253125
5 0.540625 0.559375 0.540625 0.60625 0.570312 0.60625 0.573438 0.603125 0.573438 0.590625 0.575 0.589063 0.575 0.571875 0.576563 0.570312 0.576563 0.559375
6 0.809375 0.015625 0.809375 0.0515625 0.815625 0.0515625 0.815625 0.046875 0.817187 0.0453125 0.820312 0.0453125 0.823438 0.0421875 0.823438 0.040625 0.825 0.0390625 0.825 0.0234375 0.826563 0.021875 0.826563 0.015625
0 0.646875 0.259375 0.646875 0.301562 0.676562 0.301562 0.676562 0.259375
0 0.596875 0.259375 0.596875 0.301562 0.626562 0.301562 0.626562 0.290625 0.621875 0.290625 0.620313 0.289062 0.620313 0.259375
6 0.278125 0.059375 0.278125 0.0890625 0.295312 0.0890625 0.295312 0.059375
6 0.896875 0.384375 0.896875 0.414062 0.910937 0.414062 0.910937 0.403125 0.9125 0.401563 0.9125 0.384375
5 0.371875 0.546875 0.371875 0.59375 0.395312 0.59375 0.396875 0.595312 0.398438 0.595312 0.4 0.59375 0.403125 0.59375 0.403125 0.579687 0.404687 0.578125 0.404687 0.56875 0.40625 0.567187 0.40625 0.546875
5 0.465625 0.246875 0.465625 0.3 0.496875 0.3 0.5 0.296875 0.5 0.284375 0.498437 0.282813 0.498437 0.246875
6 0.715625 0.021875 0.715625 0.0578125 0.732813 0.0578125 0.732813 0.021875
6 0.390625 0.665625 0.390625 0.6875 0.4 0.6875 0.401563 0.689062 0.403125 0.6875 0.404687 0.6875 0.404687 0.685938 0.40625 0.684375 0.40625 0.676562 0.407813 0.675 0.407813 0.665625
6 0.809375 0.696875 0.809375 0.726562 0.823438 0.726562 0.823438 0.720312 0.825 0.71875 0.825 0.717188 0.828125 0.714063 0.832812 0.714063 0.832812 0.696875
6 0.640625 0.028125 0.640625 0.0640625 0.657812 0.0640625 0.657812 0.028125
6 0.315625 0.809375 0.315625 0.832812 0.325 0.832812 0.325 0.821875 0.326562 0.820312 0.326562 0.817187 0.328125 0.815625 0.332812 0.815625 0.332812 0.809375
5 0.253125 0.540625 0.253125 0.589063 0.26875 0.589063 0.270312 0.590625 0.270312 0.595312 0.276563 0.595312 0.276563 0.590625 0.278125 0.589063 0.278125 0.5875 0.279687 0.585938 0.279687 0.575 0.28125 0.573438 0.28125 0.560938 0.282813 0.559375 0.282813 0.554688 0.284375 0.553125 0.289062 0.553125 0.289062 0.540625
5 0.440625 0.553125 0.440625 0.601562 0.476562 0.601562 0.476562 0.553125
6 0.365625 0.815625 0.365625 0.839063 0.375 0.839063 0.375 0.83125 0.376563 0.829687 0.376563 0.815625
0 0.646875 0.578125 0.646875 0.607813 0.660937 0.607813 0.6625 0.609375 0.6625 0.614062 0.664062 0.614062 0.664062 0.609375 0.665625 0.607813 0.667188 0.607813 0.671875 0.603125 0.676562 0.603125 0.676562 0.578125
6 0.865625 0.009375 0.865625 0.0453125 0.889063 0.0453125 0.889063 0.009375
6 0.890625 0.009375 0.890625 0.0453125 0.901563 0.0453125 0.901563 0.040625 0.903125 0.0390625 0.903125 0.0375 0.904688 0.0359375 0.904688 0.01875 0.90625 0.0171875 0.90625 0.009375
6 0.515625 0.384375 0.515625 0.414062 0.532812 0.414062 0.532812 0.384375
6 0.390625 0.821875 0.390625 0.845312 0.4 0.845312 0.4 0.8375 0.403125 0.834375 0.407813 0.834375 0.407813 0.821875
5 0.290625 0.253125 0.290625 0.307813 0.323438 0.307813 0.323438 0.28125 0.321875 0.279687 0.321875 0.253125
6 0.553125 0.678125 0.553125 0.707812 0.5625 0.707812 0.5625 0.703125 0.564062 0.701563 0.570312 0.701563 0.570312 0.678125
6 0.928125 0.003125 0.928125 0.0359375 0.940625 0.0359375 0.942187 0.034375 0.945312 0.034375 0.946875 0.0328125 0.951563 0.0328125 0.951563 0.003125
6 0.378125 0.384375 0.378125 0.407813 0.384375 0.407813 0.385938 0.40625 0.395312 0.40625 0.395312 0.384375
6 0.746875 0.690625 0.746875 0.720312 0.764063 0.720312 0.764063 0.690625
6 0.696875 0.021875 0.696875 0.0578125 0.714063 0.0578125 0.714063 0.021875
6 0.159375 0.384375 0.159375 0.407813 0.176563 0.407813 0.176563 0.384375
6 0.253125 0.384375 0.253125 0.407813 0.267188 0.407813 0.267188 0.403125 0.26875 0.401563 0.26875 0.392188 0.267188 0.390625 0.267188 0.384375
6 0.309375 0.059375 0.309375 0.0890625 0.326562 0.0890625 0.326562 0.059375
6 0.753125 0.021875 0.753125 0.05 0.760938 0.05 0.7625 0.0484375 0.770312 0.0484375 0.770312 0.021875
6 0.540625 0.834375 0.540625 0.864062 0.55 0.864062 0.55 0.854688 0.551562 0.853125 0.551562 0.848437 0.553125 0.846875 0.557813 0.846875 0.557813 0.834375
6 0.190625 0.065625 0.190625 0.0953125 0.207813 0.0953125 0.207813 0.065625
6 0.678125 0.028125 0.678125 0.05625 0.6875 0.05625 0.689062 0.0546875 0.695312 0.0546875 0.695312 0.028125
6 0.203125 0.065625 0.203125 0.0953125 0.220313 0.0953125 0.220313 0.065625
6 0.790625 0.015625 0.790625 0.0515625 0.803125 0.0515625 0.803125 0.0453125 0.804688 0.04375 0.804688 0.034375 0.80625 0.0328125 0.80625 0.015625
6 0.728125 0.384375 0.728125 0.414062 0.751562 0.414062 0.751562 0.384375
6 0.471875 0.384375 0.471875 0.414062 0.48125 0.414062 0.48125 0.40625 0.482812 0.404687 0.482812 0.403125 0.484375 0.401563 0.489062 0.401563 0.489062 0.390625 0.484375 0.390625 0.482812 0.389062 0.482812 0.384375
6 0.909375 0.009375 0.909375 0.0390625 0.914062 0.0390625 0.915625 0.0375 0.921875 0.0375 0.926562 0.0328125 0.926562 0.0265625 0.928125 0.025 0.932813 0.025 0.932813 0.009375
5 0.403125 0.553125 0.403125 0.601562 0.435937 0.601562 0.435937 0.590625 0.4375 0.589063 0.4375 0.58125 0.439063 0.579687 0.439063 0.564062 0.440625 0.5625 0.445312 0.5625 0.445312 0.553125
6 0.596875 0.384375 0.596875 0.414062 0.614062 0.414062 0.614062 0.384375
6 0.534375 0.384375 0.534375 0.414062 0.545313 0.414062 0.545313 0.407813 0.546875 0.40625 0.551562 0.40625 0.551562 0.384375
6 0.146875 0.071875 0.146875 0.0953125 0.154687 0.0953125 0.15625 0.09375 0.157813 0.09375 0.159375 0.0921875 0.164062 0.0921875 0.164062 0.071875
6 0.521875 0.834375 0.521875 0.85625 0.529688 0.85625 0.532812 0.859375 0.532812 0.864062 0.532812 0.859375 0.534375 0.857813 0.534375 0.85625 0.535937 0.854688 0.535937 0.851562 0.5375 0.85 0.5375 0.840625 0.539062 0.839063 0.539062 0.834375
6 0.665625 0.384375 0.665625 0.414062 0.682813 0.414062 0.682813 0.384375
6 0.565625 0.678125 0.565625 0.707812 0.578125 0.707812 0.578125 0.703125 0.579687 0.701563 0.579687 0.7 0.58125 0.698438 0.58125 0.678125
6 0.515625 0.671875 0.515625 0.701563 0.526563 0.701563 0.526563 0.671875
6 0.659375 0.028125 0.659375 0.0640625 0.670313 0.0640625 0.670313 0.059375 0.671875 0.0578125 0.676562 0.0578125 0.676562 0.028125
5 0.428125 0.246875 0.428125 0.3 0.459375 0.3 0.464063 0.295312 0.464063 0.25625 0.4625 0.254687 0.4625 0.246875
6 0.484375 0.384375 0.484375 0.414062 0.501562 0.414062 0.501562 0.384375
6 0.403125 0.821875 0.403125 0.845312 0.420312 0.845312 0.420312 0.821875
6 0.346875 0.384375 0.346875 0.407813 0.351562 0.407813 0.353125 0.40625 0.35625 0.40625 0.357812 0.404687 0.364062 0.404687 0.364062 0.384375
6 0.796875 0.696875 0.796875 0.726562 0.814062 0.726562 0.814062 0.696875
6 0.240625 0.384375 0.240625 0.407813 0.251563 0.407813 0.251563 0.384375
6 0.840625 0.384375 0.840625 0.414062 0.854688 0.414062 0.854688 0.40625 0.85625 0.404687 0.85625 0.384375
6 0.746875 0.384375 0.746875 0.414062 0.770312 0.414062 0.770312 0.384375
6 0.453125 0.384375 0.453125 0.414062 0.464063 0.414062 0.464063 0.409375 0.465625 0.407813 0.470313 0.407813 0.470313 0.384375
6 0.303125 0.809375 0.303125 0.832812 0.310937 0.832812 0.310937 0.826563 0.3125 0.825 0.3125 0.81875 0.314063 0.817187 0.314063 0.809375
6 0.615625 0.384375 0.615625 0.414062 0.632812 0.414062 0.632812 0.384375
6 0.496875 0.671875 0.496875 0.701563 0.510938 0.701563 0.510938 0.69375 0.5125 0.692187 0.5125 0.671875
6 0.715625 0.384375 0.715625 0.414062 0.728125 0.414062 0.728125 0.407813 0.729688 0.40625 0.729688 0.39375 0.73125 0.392188 0.73125 0.384375
6 0.465625 0.046875 0.465625 0.0765625 0.479688 0.0765625 0.479688 0.06875 0.48125 0.0671875 0.48125 0.046875
6 0.353125 0.053125 0.353125 0.08125 0.365625 0.08125 0.36875 0.078125 0.36875 0.0640625 0.367188 0.0625 0.367188 0.053125
6 0.353125 0.665625 0.353125 0.689062 0.3625 0.689062 0.3625 0.679688 0.364062 0.678125 0.364062 0.665625
6 0.365625 0.665625 0.365625 0.689062 0.382812 0.689062 0.382812 0.665625
6 0.546875 0.384375 0.546875 0.414062 0.559375 0.414062 0.559375 0.407813 0.560938 0.40625 0.560938 0.401563 0.5625 0.4 0.5625 0.384375
6 0.134375 0.071875 0.134375 0.101562 0.14375 0.101562 0.14375 0.096875 0.146875 0.09375 0.151562 0.09375 0.151562 0.08125 0.146875 0.08125 0.145313 0.0796875 0.145313 0.071875
6 0.528125 0.678125 0.528125 0.701563 0.545313 0.701563 0.545313 0.678125
6 0.646875 0.384375 0.646875 0.414062 0.659375 0.414062 0.659375 0.40625 0.660937 0.404687 0.660937 0.384375
6 0.484375 0.040625 0.484375 0.0765625 0.501562 0.0765625 0.501562 0.040625
5 0.278125 0.546875 0.278125 0.595312 0.3125 0.595312 0.3125 0.58125 0.314063 0.579687 0.314063 0.575 0.315625 0.573438 0.320312 0.573438 0.320312 0.546875
6 0.565625 0.034375 0.565625 0.0703125 0.582812 0.0703125 0.582812 0.0640625 0.584375 0.0625 0.589063 0.0625 0.589063 0.034375
6 0.734375 0.021875 0.734375 0.0578125 0.742188 0.0578125 0.742188 0.053125 0.745313 0.05 0.751562 0.05 0.751562 0.021875
6 0.378125 0.815625 0.378125 0.8375 0.384375 0.8375 0.3875 0.834375 0.3875 0.832812 0.389062 0.83125 0.389062 0.828125 0.390625 0.826563 0.395312 0.826563 0.395312 0.815625
6 0.646875 0.684375 0.646875 0.714063 0.657812 0.714063 0.657812 0.70625 0.659375 0.704687 0.664062 0.704687 0.664062 0.684375
6 0.496875 0.040625 0.496875 0.0765625 0.509375 0.0765625 0.509375 0.071875 0.515625 0.065625 0.520312 0.065625 0.520312 0.040625
6 0.340625 0.659375 0.340625 0.689062 0.346875 0.689062 0.346875 0.682813 0.348437 0.68125 0.348437 0.676562 0.35 0.675 0.35 0.659375
6 0.565625 0.840625 0.565625 0.8625 0.573438 0.8625 0.575 0.860937 0.582812 0.860937 0.582812 0.840625
6 0.515625 0.040625 0.515625 0.06875 0.528125 0.06875 0.529688 0.0671875 0.53125 0.0671875 0.532812 0.065625 0.532812 0.0609375 0.534375 0.059375 0.539062 0.059375 0.539062 0.05625 0.534375 0.05625 0.532812 0.0546875 0.532812 0.040625
6 0.321875 0.059375 0.321875 0.0890625 0.334375 0.0890625 0.334375 0.084375 0.335938 0.0828125 0.335938 0.08125 0.3375 0.0796875 0.3375 0.059375
6 0.784375 0.384375 0.784375 0.414062 0.8 0.414062 0.8 0.401563 0.801562 0.4 0.801562 0.384375
6 0.403125 0.053125 0.403125 0.0828125 0.420312 0.0828125 0.420312 0.053125
6 0.828125 0.015625 0.828125 0.04375 0.835938 0.04375 0.8375 0.0421875 0.840625 0.0421875 0.84375 0.0390625 0.84375 0.034375 0.845312 0.0328125 0.845312 0.015625
6 0.371875 0.053125 0.371875 0.0828125 0.389062 0.0828125 0.389062 0.053125
6 0.771875 0.015625 0.771875 0.0515625 0.789062 0.0515625 0.789062 0.015625
6 0.484375 0.671875 0.484375 0.701563 0.501562 0.701563 0.501562 0.671875
6 0.409375 0.384375 0.409375 0.414062 0.415625 0.414062 0.415625 0.409375 0.421875 0.403125 0.426562 0.403125 0.426562 0.384375
6 0.584375 0.034375 0.584375 0.0703125 0.596875 0.0703125 0.596875 0.065625 0.6 0.0625 0.6 0.0609375 0.601562 0.059375 0.601562 0.034375
6 0.434375 0.046875 0.434375 0.0765625 0.442187 0.0765625 0.44375 0.075 0.451562 0.075 0.451562 0.046875
6 0.640625 0.846875 0.640625 0.876562 0.65 0.876562 0.65 0.86875 0.651563 0.867188 0.651563 0.864062 0.653125 0.8625 0.657812 0.8625 0.657812 0.846875
5 0.390625 0.246875 0.390625 0.301562 0.396875 0.301562 0.398438 0.303125 0.398438 0.307813 0.409375 0.307813 0.409375 0.303125 0.410937 0.301562 0.420312 0.301562 0.421875 0.3 0.425 0.3 0.428125 0.296875 0.432813 0.296875 0.432813 0.246875
6 0.159375 0.065625 0.159375 0.09375 0.167187 0.09375 0.16875 0.0921875 0.171875 0.0921875 0.173438 0.090625 0.173438 0.071875 0.171875 0.0703125 0.171875 0.065625
6 0.215625 0.065625 0.215625 0.0953125 0.229687 0.0953125 0.229687 0.090625 0.23125 0.0890625 0.23125 0.0875 0.234375 0.084375 0.239063 0.084375 0.239063 0.0828125 0.234375 0.0828125 0.232812 0.08125 0.232812 0.075 0.23125 0.0734375 0.23125 0.065625
6 0.259375 0.059375 0.259375 0.0890625 0.282813 0.0890625 0.282813 0.0765625 0.278125 0.0765625 0.276563 0.075 0.276563 0.059375
6 0.696875 0.384375 0.696875 0.414062 0.710938 0.414062 0.710938 0.4 0.7125 0.398438 0.7125 0.384375
6 0.171875 0.384375 0.171875 0.407813 0.189063 0.407813 0.189063 0.384375
6 0.234375 0.065625 0.234375 0.0953125 0.240625 0.0953125 0.240625 0.090625 0.242188 0.0890625 0.24375 0.0890625 0.245312 0.0875 0.251563 0.0875 0.251563 0.065625
6 0.421875 0.384375 0.421875 0.414062 0.43125 0.414062 0.43125 0.409375 0.432813 0.407813 0.439063 0.407813 0.439063 0.384375
6 0.565625 0.384375 0.565625 0.414062 0.576563 0.414062 0.576563 0.407813 0.578125 0.40625 0.582812 0.40625 0.582812 0.384375
6 0.603125 0.034375 0.603125 0.0640625 0.607813 0.0640625 0.609375 0.0625 0.615625 0.0625 0.61875 0.059375 0.61875 0.034375
6 0.778125 0.696875 0.778125 0.726562 0.785937 0.726562 0.785937 0.721875 0.7875 0.720312 0.789062 0.720312 0.790625 0.71875 0.790625 0.714063 0.792188 0.7125 0.792188 0.696875
5 0.496875 0.553125 0.496875 0.607813 0.5375 0.607813 0.5375 0.6 0.539062 0.598437 0.539062 0.5875 0.540625 0.585938 0.545313 0.585938 0.545313 0.553125
6 0.290625 0.803125 0.290625 0.825 0.296875 0.825 0.298438 0.823438 0.298438 0.821875 0.3 0.820312 0.3 0.814062 0.301562 0.8125 0.301562 0.810938 0.303125 0.809375 0.307813 0.809375 0.307813 0.803125
6 0.821875 0.384375 0.821875 0.414062 0.835938 0.414062 0.835938 0.407813 0.8375 0.40625 0.8375 0.396875 0.839063 0.395312 0.839063 0.384375
6 0.328125 0.809375 0.328125 0.83125 0.334375 0.83125 0.3375 0.828125 0.3375 0.823438 0.339063 0.821875 0.339063 0.809375
6 0.309375 0.659375 0.309375 0.682813 0.326562 0.682813 0.326562 0.659375
6 0.578125 0.384375 0.578125 0.414062 0.592188 0.414062 0.592188 0.398438 0.59375 0.396875 0.59375 0.384375
6 0.659375 0.684375 0.659375 0.714063 0.673437 0.714063 0.673437 0.704687 0.675 0.703125 0.675 0.684375
6 0.453125 0.046875 0.453125 0.075 0.459375 0.075 0.460938 0.0734375 0.4625 0.0734375 0.464063 0.071875 0.470313 0.071875 0.470313 0.046875
6 0.340625 0.809375 0.340625 0.839063 0.348437 0.839063 0.348437 0.83125 0.35 0.829687 0.35 0.826563 0.351562 0.825 0.351562 0.820312 0.353125 0.81875 0.357812 0.81875 0.357812 0.809375
6 0.621875 0.034375 0.621875 0.0640625 0.6375 0.0640625 0.6375 0.034375
6 0.759375 0.696875 0.759375 0.720312 0.775 0.720312 0.775 0.7125 0.776563 0.710938 0.776563 0.70625 0.778125 0.704687 0.782812 0.704687 0.782812 0.696875
6 0.328125 0.659375 0.328125 0.68125 0.339063 0.68125 0.339063 0.659375
6 0.584375 0.678125 0.584375 0.707812 0.595312 0.707812 0.595312 0.703125 0.596875 0.701563 0.601562 0.701563 0.601562 0.678125
5 0.259375 0.253125 0.259375 0.307813 0.295312 0.307813 0.295312 0.253125
6 0.196875 0.384375 0.196875 0.407813 0.214062 0.407813 0.214062 0.384375
6 0.353125 0.815625 0.353125 0.839063 0.3625 0.839063 0.3625 0.829687 0.364062 0.828125 0.364062 0.815625
6 0.115625 0.071875 0.115625 0.101562 0.129688 0.101562 0.129688 0.096875 0.13125 0.0953125 0.13125 0.08125 0.129688 0.0796875 0.129688 0.071875
6 0.878125 0.384375 0.878125 0.414062 0.892187 0.414062 0.892187 0.398438 0.89375 0.396875 0.89375 0.384375
6 0.409375 0.665625 0.409375 0.689062 0.415625 0.689062 0.417188 0.6875 0.41875 0.6875 0.420312 0.685938 0.426562 0.685938 0.426562 0.665625
5 0.321875 0.253125 0.321875 0.307813 0.357812 0.307813 0.357812 0.301562 0.359375 0.3 0.364062 0.3 0.364062 0.290625 0.359375 0.290625 0.357812 0.289062 0.357812 0.278125 0.359375 0.276563 0.364062 0.276563 0.364062 0.273438 0.359375 0.273438 0.357812 0.271875 0.359375 0.270312 0.364062 0.270312 0.364062 0.253125
5 0.359375 0.253125 0.359375 0.307813 0.390625 0.307813 0.390625 0.301562 0.392188 0.3 0.392188 0.253125
6 0.765625 0.384375 0.765625 0.414062 0.78125 0.414062 0.78125 0.407813 0.782812 0.40625 0.782812 0.4 0.784375 0.398438 0.789062 0.398438 0.789062 0.384375
6 0.184375 0.384375 0.184375 0.407813 0.201562 0.407813 0.201562 0.384375
6 0.384375 0.053125 0.384375 0.0828125 0.398438 0.0828125 0.398438 0.078125 0.4 0.0765625 0.4 0.053125
6 0.628125 0.684375 0.628125 0.714063 0.639063 0.714063 0.639063 0.709375 0.640625 0.707812 0.640625 0.70625 0.642187 0.704687 0.642187 0.698438 0.64375 0.696875 0.64375 0.684375
6 0.246875 0.059375 0.246875 0.0890625 0.253125 0.0890625 0.254687 0.0875 0.264062 0.0875 0.264062 0.059375
6 0.340625 0.053125 0.340625 0.0828125 0.346875 0.0828125 0.348437 0.08125 0.35 0.08125 0.353125 0.078125 0.357812 0.078125 0.357812 0.053125
6 0.440625 0.384375 0.440625 0.414062 0.445312 0.414062 0.445312 0.409375 0.451562 0.403125 0.451562 0.384375
6 0.509375 0.834375 0.509375 0.857813 0.526563 0.857813 0.526563 0.834375
6 0.628125 0.384375 0.628125 0.414062 0.64375 0.414062 0.64375 0.403125 0.645312 0.401563 0.645312 0.384375
6 0.228125 0.384375 0.228125 0.407813 0.235938 0.407813 0.235938 0.403125 0.2375 0.401563 0.2375 0.384375
6 0.678125 0.384375 0.678125 0.414062 0.69375 0.414062 0.69375 0.40625 0.695312 0.404687 0.695312 0.384375
6 0.553125 0.834375 0.553125 0.864062 0.5625 0.864062 0.5625 0.859375 0.564062 0.857813 0.564062 0.853125 0.565625 0.851562 0.570312 0.851562 0.570312 0.834375
6 0.803125 0.384375 0.803125 0.414062 0.817187 0.414062 0.817187 0.409375 0.81875 0.407813 0.81875 0.39375 0.820312 0.392188 0.820312 0.384375
5 0.615625 0.571875 0.615625 0.60625 0.625 0.60625 0.626562 0.607813 0.628125 0.607813 0.629687 0.60625 0.634375 0.60625 0.635938 0.604688 0.6375 0.604688 0.639063 0.603125 0.645312 0.603125 0.645312 0.571875
5 0.228125 0.253125 0.228125 0.307813 0.257812 0.307813 0.257812 0.278125 0.259375 0.276563 0.264062 0.276563 0.264062 0.253125
6 0.859375 0.384375 0.859375 0.414062 0.873438 0.414062 0.873438 0.409375 0.875 0.407813 0.875 0.384375
6 0.471875 0.828125 0.471875 0.851562 0.48125 0.851562 0.48125 0.845312 0.482812 0.84375 0.482812 0.834375 0.484375 0.832812 0.489062 0.832812 0.489062 0.828125
6 0.303125 0.384375 0.303125 0.40625 0.307813 0.40625 0.309375 0.404687 0.310937 0.404687 0.3125 0.403125 0.314063 0.403125 0.315625 0.401563 0.320312 0.401563 0.320312 0.395312 0.315625 0.395312 0.314063 0.39375 0.314063 0.384375
6 0.496875 0.834375 0.496875 0.857813 0.514063 0.857813 0.514063 0.834375
6 0.503125 0.384375 0.503125 0.414062 0.509375 0.414062 0.509375 0.409375 0.5125 0.40625 0.5125 0.404687 0.514063 0.403125 0.514063 0.398438 0.515625 0.396875 0.520312 0.396875 0.520312 0.384375
6 0.609375 0.846875 0.609375 0.867188 0.61875 0.867188 0.620313 0.865625 0.626562 0.865625 0.626562 0.846875
6 0.290625 0.384375 0.290625 0.407813 0.3 0.407813 0.3 0.384375
5 0.315625 0.546875 0.315625 0.595312 0.342187 0.595312 0.342187 0.579687 0.34375 0.578125 0.34375 0.55625 0.345313 0.554688 0.345313 0.546875
6 0.484375 0.828125 0.484375 0.857813 0.490625 0.857813 0.490625 0.853125 0.492188 0.851562 0.492188 0.85 0.49375 0.848437 0.49375 0.846875 0.495313 0.845312 0.495313 0.842188 0.496875 0.840625 0.501562 0.840625 0.501562 0.828125
6 0.378125 0.665625 0.378125 0.689062 0.392188 0.689062 0.392188 0.665625
6 0.596875 0.840625 0.596875 0.870313 0.604688 0.870313 0.604688 0.865625 0.60625 0.864062 0.60625 0.859375 0.607813 0.857813 0.607813 0.853125 0.609375 0.851562 0.614062 0.851562 0.614062 0.840625
6 0.678125 0.684375 0.678125 0.714063 0.689062 0.714063 0.689062 0.709375 0.690625 0.707812 0.695312 0.707812 0.695312 0.684375
6 0.365625 0.384375 0.365625 0.40625 0.373437 0.40625 0.376563 0.403125 0.376563 0.398438 0.378125 0.396875 0.382812 0.396875 0.382812 0.392188 0.378125 0.392188 0.376563 0.390625 0.376563 0.384375
6 0.209375 0.384375 0.209375 0.407813 0.223438 0.407813 0.223438 0.384375
6 0.171875 0.065625 0.171875 0.0953125 0.195312 0.0953125 0.195312 0.0828125 0.190625 0.0828125 0.189063 0.08125 0.189063 0.0765625 0.1875 0.075 0.1875 0.065625
6 0.278125 0.803125 0.278125 0.826563 0.285937 0.826563 0.285937 0.81875 0.2875 0.817187 0.2875 0.814062 0.289062 0.8125 0.289062 0.810938 0.290625 0.809375 0.295312 0.809375 0.295312 0.803125
6 0.615625 0.684375 0.615625 0.707812 0.620313 0.707812 0.621875 0.70625 0.623438 0.70625 0.628125 0.701563 0.632812 0.701563 0.632812 0.684375
6 0.271875 0.384375 0.271875 0.407813 0.285937 0.407813 0.285937 0.384375
6 0.415625 0.821875 0.415625 0.845312 0.432813 0.845312 0.432813 0.821875
6 0.315625 0.384375 0.315625 0.40625 0.323438 0.40625 0.325 0.404687 0.332812 0.404687 0.332812 0.384375
6 0.265625 0.803125 0.265625 0.826563 0.275 0.826563 0.275 0.820312 0.276563 0.81875 0.276563 0.8125 0.278125 0.810938 0.282813 0.810938 0.282813 0.803125
6 0.415625 0.046875 0.415625 0.0828125 0.428125 0.0828125 0.428125 0.078125 0.429688 0.0765625 0.429688 0.075 0.432813 0.071875 0.432813 0.0625 0.43125 0.0609375 0.43125 0.046875
6 0.290625 0.059375 0.290625 0.0890625 0.30625 0.0890625 0.30625 0.059375
6 0.621875 0.846875 0.621875 0.876562 0.632812 0.876562 0.632812 0.871875 0.634375 0.870313 0.634375 0.86875 0.635938 0.867188 0.635938 0.8625 0.6375 0.860937 0.6375 0.846875
6 0.653125 0.846875 0.653125 0.876562 0.667188 0.876562 0.667188 0.867188 0.66875 0.865625 0.66875 0.846875
6 0.253125 0.803125 0.253125 0.826563 0.260938 0.826563 0.260938 0.821875 0.2625 0.820312 0.2625 0.814062 0.264062 0.8125 0.264062 0.803125
0 0.434375 0.671875 0.434375 0.689062 0.451562 0.689062 0.453125 0.690625 0.453125 0.695312 0.459375 0.695312 0.459375 0.690625 0.4625 0.6875 0.4625 0.684375 0.464063 0.682813 0.464063 0.68125 0.4625 0.679688 0.4625 0.671875
5 0.471875 0.553125 0.471875 0.6 0.478125 0.6 0.48125 0.603125 0.48125 0.607813 0.501562 0.607813 0.501562 0.553125
6 0.578125 0.840625 0.578125 0.870313 0.592188 0.870313 0.592188 0.8625 0.59375 0.860937 0.59375 0.85 0.595312 0.848437 0.595312 0.840625
6 0.296875 0.659375 0.296875 0.682813 0.314063 0.682813 0.314063 0.659375
6 0.390625 0.384375 0.390625 0.414062 0.401563 0.414062 0.401563 0.409375 0.40625 0.404687 0.40625 0.384375
6 0.228125 0.796875 0.228125 0.815625 0.2375 0.815625 0.239063 0.814062 0.245312 0.814062 0.245312 0.796875
6 0.209375 0.796875 0.209375 0.820312 0.215625 0.820312 0.215625 0.810938 0.217187 0.809375 0.217187 0.796875
6 0.459375 0.828125 0.459375 0.851562 0.467187 0.851562 0.467187 0.84375 0.46875 0.842188 0.46875 0.828125
6 0.253125 0.653125 0.253125 0.676562 0.276563 0.676562 0.276563 0.653125
6 0.178125 0.646875 0.178125 0.66875 0.190625 0.66875 0.192188 0.667188 0.192188 0.646875
6 0.328125 0.384375 0.328125 0.40625 0.345313 0.40625 0.345313 0.384375
6 0.428125 0.821875 0.428125 0.845312 0.432813 0.845312 0.434375 0.84375 0.445312 0.84375 0.445312 0.821875
6 0.215625 0.653125 0.215625 0.676562 0.232812 0.676562 0.232812 0.653125
7 0.703125 0.828125 0.703125 0.879687 0.717188 0.879687 0.71875 0.88125 0.73125 0.88125 0.732813 0.882812 0.735937 0.882812 0.7375 0.884375 0.7375 0.889063 0.773438 0.889063 0.773438 0.879687 0.775 0.878125 0.775 0.85625 0.776563 0.854688 0.776563 0.840625 0.775 0.839063 0.775 0.8375 0.773438 0.835938 0.773438 0.834375 0.771875 0.832812 0.771875 0.828125
6 0.234375 0.653125 0.234375 0.676562 0.242188 0.676562 0.242188 0.653125
5 0.540625 0.259375 0.540625 0.301562 0.576563 0.301562 0.576563 0.259375
6 0.440625 0.821875 0.440625 0.851562 0.448438 0.851562 0.448438 0.845312 0.453125 0.840625 0.457812 0.840625 0.457812 0.821875
6 0.203125 0.653125 0.203125 0.676562 0.220313 0.676562 0.220313 0.653125
6 0.240625 0.796875 0.240625 0.81875 0.248437 0.81875 0.253125 0.814062 0.257812 0.814062 0.257812 0.796875
6 0.215625 0.796875 0.215625 0.820312 0.232812 0.820312 0.232812 0.796875
6 0.203125 0.790625 0.203125 0.803125 0.207813 0.803125 0.209375 0.804688 0.209375 0.80625 0.210938 0.807813 0.210938 0.8125 0.2125 0.814062 0.2125 0.820312 0.214062 0.820312 0.214062 0.814062 0.215625 0.8125 0.215625 0.801562 0.217187 0.8 0.217187 0.790625
5 0.503125 0.246875 0.503125 0.3 0.5125 0.3 0.514063 0.298438 0.526563 0.298438 0.526563 0.246875
6 0.240625 0.653125 0.240625 0.676562 0.254687 0.676562 0.254687 0.653125
5 0.528125 0.259375 0.528125 0.301562 0.576563 0.301562 0.576563 0.259375
6 0.384375 0.665625 0.384375 0.685938 0.392188 0.685938 0.39375 0.684375 0.39375 0.665625
6 0.190625 0.646875 0.190625 0.664062 0.195312 0.664062 0.2 0.66875 0.201562 0.66875 0.203125 0.670313 0.207813 0.670313 0.207813 0.646875
6 0.253125 0.653125 0.253125 0.676562 0.270312 0.676562 0.270312 0.670313 0.271875 0.66875 0.276563 0.66875 0.276563 0.653125
5 0.503125 0.253125 0.503125 0.301562 0.551562 0.301562 0.551562 0.253125
6 0.190625 0.790625 0.190625 0.820312 0.201562 0.820312 0.201562 0.815625 0.203125 0.814062 0.203125 0.803125 0.204688 0.801562 0.204688 0.790625
0 0.534375 0.265625 0.534375 0.301562 0.582812 0.301562 0.582812 0.265625
