8 0.503125 0.628125 0.503125 0.735937 0.5125 0.735937 0.514063 0.734375 0.515625 0.735937 0.515625 0.7375 0.517187 0.739062 0.517187 0.740625 0.51875 0.742188 0.51875 0.74375 0.520312 0.745313 0.520312 0.759375 0.51875 0.760938 0.51875 0.765625 0.517187 0.767187 0.517187 0.771875 0.515625 0.773438 0.515625 0.775 0.514063 0.776563 0.514063 0.779688 0.5125 0.78125 0.5125 0.79375 0.514063 0.795313 0.514063 0.804688 0.5125 0.80625 0.5125 0.820312 0.510938 0.821875 0.510938 0.823438 0.507812 0.826563 0.503125 0.826563 0.503125 0.926562 0.526563 0.926562 0.526563 0.921875 0.528125 0.920313 0.546875 0.920313 0.548437 0.91875 0.553125 0.91875 0.554688 0.917188 0.55625 0.917188 0.557813 0.915625 0.559375 0.915625 0.560938 0.917188 0.564062 0.917188 0.565625 0.91875 0.570312 0.91875 0.571875 0.920313 0.582812 0.920313 0.582812 0.85625 0.576563 0.85625 0.575 0.857813 0.573438 0.857813 0.571875 0.859375 0.571875 0.860937 0.570312 0.8625 0.570312 0.864062 0.564062 0.870313 0.5625 0.870313 0.560938 0.871875 0.560938 0.876562 0.559375 0.878125 0.55625 0.875 0.55625 0.839063 0.557813 0.8375 0.557813 0.83125 0.559375 0.829687 0.559375 0.828125 0.565625 0.821875 0.56875 0.821875 0.570312 0.820312 0.570312 0.817187 0.571875 0.815625 0.571875 0.795313 0.573438 0.79375 0.573438 0.778125 0.575 0.776563 0.575 0.7625 0.576563 0.760938 0.576563 0.754687 0.578125 0.753125 0.582812 0.753125 0.582812 0.628125 0.546875 0.628125 0.546875 0.634375 0.545313 0.635938 0.545313 0.6375 0.54375 0.639063 0.54375 0.640625 0.542188 0.642187 0.542188 0.64375 0.540625 0.645312 0.540625 0.65625 0.5375 0.659375 0.535937 0.659375 0.534375 0.660937 0.53125 0.657812 0.53125 0.65 0.529688 0.648438 0.529688 0.642187 0.528125 0.640625 0.528125 0.635938 0.526563 0.634375 0.526563 0.628125
8 0.695312 0.882812 0.684375 0.89375 0.684375 0.895312 0.682813 0.896875 0.684375 0.898438 0.684375 0.9 0.685938 0.901563 0.685938 0.903125 0.689062 0.90625 0.690625 0.90625 0.692187 0.907812 0.701563 0.907812 0.701563 0.882812 0.695312 0.882812 0.614062 0.773438 0.614062 0.776563 0.609375 0.776563 0.609375 0.770312 0.614062 0.770312 0.617188 0.767187 0.617188 0.765625 0.61875 0.764063 0.61875 0.74375 0.620313 0.742188 0.620313 0.725 0.621875 0.723437 0.621875 0.715625 0.623438 0.714063 0.623438 0.710938 0.625 0.709375 0.625 0.707812 0.626562 0.70625 0.626562 0.704687 0.629687 0.701563 0.629687 0.7 0.628125 0.698438 0.628125 0.692187 0.629687 0.690625 0.629687 0.685938 0.628125 0.684375 0.629687 0.682813 0.629687 0.670313 0.634375 0.665625 0.639063 0.670313 0.639063 0.671875 0.640625 0.673437 0.640625 0.690625 0.639063 0.692187 0.639063 0.696875 0.6375 0.698438 0.6375 0.7 0.635938 0.701563 0.635938 0.703125 0.6375 0.704687 0.6375 0.707812 0.639063 0.709375 0.639063 0.717188 0.640625 0.71875 0.640625 0.728125 0.639063 0.729688 0.639063 0.734375 0.6375 0.735937 0.6375 0.7375 0.635938 0.739062 0.635938 0.740625 0.634375 0.742188 0.634375 0.746875 0.632812 0.748438 0.632812 0.7625 0.63125 0.764063 0.63125 0.795313 0.629687 0.796875 0.629687 0.80625 0.628125 0.807813 0.628125 0.809375 0.625 0.8125 0.625 0.814062 0.623438 0.815625 0.623438 0.817187 0.621875 0.81875 0.621875 0.820312 0.620313 0.821875 0.620313 0.823438 0.61875 0.825 0.61875 0.826563 0.617188 0.828125 0.617188 0.829687 0.614062 0.832812 0.609375 0.832812 0.609375 0.920313 0.621875 0.920313 0.623438 0.91875 0.64375 0.91875 0.645312 0.917188 0.660937 0.917188 0.6625 0.915625 0.664062 0.915625 0.665625 0.914062 0.665625 0.9125 0.667188 0.910937 0.667188 0.909375 0.66875 0.907812 0.66875 0.903125 0.670313 0.901563 0.670313 0.898438 0.671875 0.896875 0.671875 0.892187 0.670313 0.890625 0.670313 0.846875 0.671875 0.845312 0.671875 0.839063 0.673437 0.8375 0.673437 0.834375 0.676562 0.83125 0.676562 0.829687 0.679688 0.826563 0.68125 0.826563 0.68125 0.825 0.682813 0.823438 0.682813 0.821875 0.684375 0.820312 0.684375 0.804688 0.685938 0.803125 0.685938 0.784375 0.6875 0.782812 0.6875 0.773438 0.689062 0.771875 0.689062 0.75 0.690625 0.748438 0.690625 0.7375 0.692187 0.735937 0.692187 0.728125 0.69375 0.726562 0.69375 0.717188 0.695312 0.715625 0.695312 0.704687 0.696875 0.703125 0.701563 0.703125 0.701563 0.65625 0.696875 0.65625 0.695312 0.654688 0.695312 0.642187 0.69375 0.640625 0.69375 0.629687 0.692187 0.628125 0.692187 0.609375 0.609375 0.609375 0.609375 0.770312 0.609375 0.776563 0.609375 0.773438 0.614062 0.773438
8 0.553125 0.646875 0.553125 0.79375 0.559375 0.79375 0.560938 0.792188 0.5625 0.792188 0.564062 0.790625 0.56875 0.790625 0.571875 0.79375 0.571875 0.810938 0.560938 0.821875 0.553125 0.821875 0.553125 0.91875 0.567187 0.91875 0.56875 0.920313 0.592188 0.920313 0.59375 0.91875 0.60625 0.91875 0.607813 0.917188 0.609375 0.917188 0.610937 0.915625 0.621875 0.915625 0.623438 0.917188 0.639063 0.917188 0.639063 0.867188 0.634375 0.867188 0.632812 0.86875 0.632812 0.871875 0.63125 0.873438 0.63125 0.88125 0.629687 0.882812 0.629687 0.889063 0.628125 0.890625 0.628125 0.892187 0.625 0.895312 0.623438 0.895312 0.621875 0.896875 0.620313 0.896875 0.615625 0.892187 0.615625 0.879687 0.614062 0.878125 0.614062 0.876562 0.615625 0.875 0.615625 0.870313 0.617188 0.86875 0.617188 0.860937 0.61875 0.859375 0.61875 0.848437 0.620313 0.846875 0.620313 0.840625 0.621875 0.839063 0.621875 0.832812 0.626562 0.828125 0.628125 0.828125 0.628125 0.825 0.629687 0.823438 0.629687 0.81875 0.63125 0.817187 0.63125 0.807813 0.629687 0.80625 0.629687 0.795313 0.63125 0.79375 0.63125 0.782812 0.632812 0.78125 0.632812 0.778125 0.634375 0.776563 0.639063 0.776563 0.639063 0.646875 0.607813 0.646875 0.607813 0.660937 0.609375 0.6625 0.609375 0.673437 0.607813 0.675 0.604688 0.671875 0.604688 0.670313 0.601562 0.670313 0.6 0.671875 0.6 0.675 0.598437 0.676562 0.598437 0.685938 0.6 0.6875 0.6 0.692187 0.601562 0.69375 0.601562 0.698438 0.603125 0.7 0.603125 0.714063 0.601562 0.715625 0.601562 0.71875 0.6 0.720312 0.6 0.728125 0.596875 0.73125 0.59375 0.728125 0.59375 0.720312 0.592188 0.71875 0.592188 0.717188 0.590625 0.715625 0.590625 0.70625 0.589063 0.704687 0.5875 0.704687 0.585938 0.703125 0.585938 0.695312 0.584375 0.69375 0.584375 0.685938 0.585938 0.684375 0.585938 0.68125 0.584375 0.679688 0.584375 0.670313 0.582812 0.66875 0.582812 0.659375 0.58125 0.657812 0.58125 0.646875
8 0.190625 0.665625 0.190625 0.746875 0.195312 0.746875 0.198437 0.75 0.198437 0.764063 0.196875 0.765625 0.196875 0.78125 0.198437 0.782812 0.198437 0.815625 0.196875 0.817187 0.196875 0.825 0.195312 0.826563 0.190625 0.826563 0.190625 0.926562 0.276563 0.926562 0.276563 0.85625 0.26875 0.85625 0.267188 0.857813 0.267188 0.8625 0.265625 0.864062 0.265625 0.865625 0.264062 0.867188 0.2625 0.867188 0.2625 0.86875 0.260938 0.870313 0.260938 0.884375 0.2625 0.885938 0.2625 0.898438 0.264062 0.9 0.264062 0.901563 0.265625 0.903125 0.259375 0.909375 0.25625 0.90625 0.25625 0.864062 0.257812 0.8625 0.257812 0.851562 0.259375 0.85 0.259375 0.825 0.2625 0.821875 0.264062 0.821875 0.264062 0.815625 0.265625 0.814062 0.265625 0.7875 0.267188 0.785937 0.267188 0.771875 0.26875 0.770312 0.26875 0.767187 0.271875 0.764063 0.276563 0.764063 0.276563 0.739062 0.271875 0.739062 0.270312 0.7375 0.270312 0.732813 0.26875 0.73125 0.26875 0.682813 0.267188 0.68125 0.267188 0.665625 0.2375 0.665625 0.2375 0.676562 0.235938 0.678125 0.235938 0.679688 0.232812 0.682813 0.232812 0.689062 0.23125 0.690625 0.23125 0.692187 0.229687 0.69375 0.229687 0.7 0.228125 0.701563 0.228125 0.704687 0.226562 0.70625 0.225 0.70625 0.223438 0.704687 0.221875 0.704687 0.220313 0.70625 0.21875 0.70625 0.217187 0.707812 0.215625 0.707812 0.214062 0.709375 0.210938 0.709375 0.207813 0.70625 0.207813 0.704687 0.20625 0.703125 0.20625 0.696875 0.204688 0.695312 0.204688 0.665625
8 0.640625 0.83125 0.640625 0.84375 0.639063 0.845312 0.639063 0.853125 0.6375 0.854688 0.6375 0.857813 0.635938 0.859375 0.635938 0.865625 0.634375 0.867188 0.634375 0.86875 0.632812 0.870313 0.632812 0.875 0.63125 0.876562 0.63125 0.88125 0.629687 0.882812 0.629687 0.890625 0.625 0.895312 0.625 0.9 0.623438 0.901563 0.623438 0.904688 0.620313 0.907812 0.620313 0.909375 0.61875 0.910937 0.61875 0.914062 0.620313 0.914062 0.621875 0.915625 0.625 0.915625 0.626562 0.917188 0.645312 0.917188 0.645312 0.83125 0.640625 0.83125 0.584375 0.5625 0.585938 0.560938 0.5875 0.560938 0.589063 0.559375 0.589063 0.554688 0.590625 0.553125 0.590625 0.55 0.589063 0.548437 0.589063 0.525 0.590625 0.523438 0.598437 0.521875 0.6 0.523438 0.6 0.532812 0.601562 0.534375 0.601562 0.5375 0.603125 0.539062 0.603125 0.554688 0.604688 0.55625 0.604688 0.5625 0.60625 0.564062 0.60625 0.5875 0.604688 0.589063 0.604688 0.598437 0.60625 0.6 0.60625 0.604688 0.604688 0.60625 0.604688 0.61875 0.60625 0.620313 0.60625 0.628125 0.604688 0.629687 0.604688 0.634375 0.603125 0.635938 0.603125 0.640625 0.601562 0.642187 0.601562 0.654688 0.6 0.65625 0.6 0.6625 0.598437 0.664062 0.598437 0.665625 0.596875 0.667188 0.596875 0.66875 0.595312 0.670313 0.595312 0.685938 0.596875 0.6875 0.596875 0.690625 0.598437 0.692187 0.598437 0.7 0.6 0.701563 0.6 0.703125 0.598437 0.704687 0.598437 0.71875 0.596875 0.720312 0.596875 0.726562 0.595312 0.728125 0.592188 0.728125 0.590625 0.726562 0.589063 0.728125 0.5875 0.728125 0.585938 0.729688 0.582812 0.729688 0.58125 0.728125 0.58125 0.721875 0.579687 0.720312 0.579687 0.7125 0.58125 0.710938 0.58125 0.698438 0.582812 0.696875 0.582812 0.665625 0.58125 0.664062 0.58125 0.651563 0.579687 0.65 0.579687 0.634375 0.578125 0.632812 0.578125 0.620313 0.576563 0.61875 0.576563 0.604688 0.575 0.603125 0.575 0.598437 0.573438 0.596875 0.573438 0.595312 0.571875 0.59375 0.571875 0.592188 0.570312 0.590625 0.570312 0.589063 0.56875 0.5875 0.56875 0.584375 0.567187 0.582812 0.567187 0.576563 0.565625 0.575 0.565625 0.56875 0.564062 0.567187 0.564062 0.51875 0.560938 0.515625 0.560938 0.509375 0.553125 0.509375 0.553125 0.91875 0.565625 0.91875 0.567187 0.920313 0.601562 0.920313 0.603125 0.91875 0.60625 0.91875 0.607813 0.917188 0.609375 0.917188 0.610937 0.915625 0.6125 0.915625 0.6125 0.86875 0.614062 0.867188 0.614062 0.859375 0.615625 0.857813 0.615625 0.846875 0.617188 0.845312 0.617188 0.834375 0.61875 0.832812 0.61875 0.829687 0.620313 0.828125 0.620313 0.826563 0.621875 0.825 0.621875 0.823438 0.628125 0.817187 0.628125 0.814062 0.629687 0.8125 0.629687 0.792188 0.63125 0.790625 0.63125 0.779688 0.632812 0.778125 0.632812 0.7625 0.634375 0.760938 0.634375 0.753125 0.635938 0.751562 0.635938 0.746875 0.6375 0.745313 0.6375 0.739062 0.639063 0.7375 0.639063 0.73125 0.6375 0.729688 0.6375 0.720312 0.639063 0.71875 0.639063 0.7125 0.640625 0.710938 0.645312 0.710938 0.645312 0.664062 0.640625 0.664062 0.639063 0.6625 0.639063 0.660937 0.6375 0.659375 0.6375 0.65 0.635938 0.648438 0.635938 0.632812 0.634375 0.63125 0.634375 0.614062 0.632812 0.6125 0.632812 0.60625 0.63125 0.604688 0.63125 0.603125 0.629687 0.601562 0.629687 0.6 0.626562 0.596875 0.626562 0.595312 0.623438 0.592188 0.623438 0.5875 0.621875 0.585938 0.621875 0.573438 0.620313 0.571875 0.620313 0.521875 0.615625 0.517187 0.604688 0.517187 0.603125 0.51875 0.6 0.51875 0.598437 0.520312 0.598437 0.521875 0.590625 0.523438 0.590625 0.51875 0.589063 0.51875 0.5875 0.520312 0.585938 0.520312 0.584375 0.521875 0.584375 0.528125 0.582812 0.529688 0.582812 0.54375 0.58125 0.545313 0.58125 0.55625 0.582812 0.557813 0.582812 0.560938 0.584375 0.5625
8 0.378125 0.653125 0.378125 0.746875 0.382812 0.746875 0.384375 0.745313 0.384375 0.74375 0.3875 0.740625 0.3875 0.7375 0.390625 0.734375 0.39375 0.7375 0.39375 0.739062 0.396875 0.742188 0.396875 0.74375 0.398438 0.745313 0.398438 0.748438 0.396875 0.75 0.396875 0.75625 0.395312 0.757812 0.395312 0.759375 0.39375 0.760938 0.39375 0.765625 0.392188 0.767187 0.392188 0.76875 0.389062 0.771875 0.3875 0.771875 0.385938 0.773438 0.384375 0.773438 0.382812 0.775 0.378125 0.775 0.378125 0.779688 0.384375 0.779688 0.385938 0.78125 0.385938 0.782812 0.3875 0.784375 0.3875 0.7875 0.389062 0.789062 0.389062 0.792188 0.390625 0.79375 0.390625 0.8 0.392188 0.801562 0.390625 0.803125 0.390625 0.810938 0.389062 0.8125 0.389062 0.817187 0.3875 0.81875 0.3875 0.823438 0.385938 0.825 0.385938 0.828125 0.382812 0.83125 0.378125 0.83125 0.378125 0.926562 0.442187 0.926562 0.442187 0.91875 0.440625 0.917188 0.440625 0.9125 0.439063 0.910937 0.439063 0.867188 0.440625 0.865625 0.440625 0.839063 0.442187 0.8375 0.442187 0.832812 0.44375 0.83125 0.44375 0.829687 0.445312 0.828125 0.445312 0.825 0.446875 0.823438 0.446875 0.81875 0.448438 0.817187 0.448438 0.814062 0.45 0.8125 0.45 0.809375 0.451562 0.807813 0.451562 0.8 0.453125 0.798437 0.453125 0.785937 0.454688 0.784375 0.454688 0.773438 0.45625 0.771875 0.45625 0.76875 0.459375 0.765625 0.464063 0.765625 0.464063 0.721875 0.459375 0.721875 0.457812 0.720312 0.459375 0.71875 0.464063 0.71875 0.464063 0.704687 0.459375 0.704687 0.457812 0.703125 0.457812 0.69375 0.45625 0.692187 0.45625 0.675 0.457812 0.673437 0.457812 0.66875 0.459375 0.667188 0.464063 0.667188 0.464063 0.653125
8 0.459375 0.615625 0.459375 0.642187 0.457812 0.64375 0.457812 0.65 0.45625 0.651563 0.45625 0.657812 0.453125 0.660937 0.451562 0.660937 0.45 0.659375 0.45 0.654688 0.448438 0.653125 0.448438 0.65 0.446875 0.648438 0.446875 0.640625 0.448438 0.639063 0.446875 0.6375 0.446875 0.628125 0.445312 0.626562 0.445312 0.623438 0.440625 0.623438 0.440625 0.74375 0.445312 0.74375 0.445312 0.742188 0.446875 0.740625 0.446875 0.734375 0.448438 0.732813 0.448438 0.73125 0.451562 0.728125 0.454688 0.728125 0.459375 0.732813 0.459375 0.735937 0.460938 0.7375 0.460938 0.742188 0.4625 0.74375 0.4625 0.757812 0.460938 0.759375 0.460938 0.760938 0.454688 0.767187 0.454688 0.76875 0.45 0.773438 0.448438 0.773438 0.446875 0.775 0.440625 0.775 0.440625 0.778125 0.445312 0.778125 0.448438 0.78125 0.448438 0.785937 0.45 0.7875 0.45 0.790625 0.451562 0.792188 0.451562 0.809375 0.45 0.810938 0.45 0.814062 0.448438 0.815625 0.448438 0.820312 0.446875 0.821875 0.446875 0.823438 0.445312 0.825 0.440625 0.825 0.440625 0.926562 0.492188 0.926562 0.492188 0.921875 0.49375 0.920313 0.495313 0.920313 0.496875 0.91875 0.526563 0.91875 0.526563 0.864062 0.521875 0.864062 0.51875 0.867188 0.51875 0.86875 0.517187 0.870313 0.517187 0.879687 0.515625 0.88125 0.515625 0.884375 0.514063 0.885938 0.514063 0.889063 0.510938 0.892187 0.510938 0.89375 0.509375 0.895312 0.503125 0.895312 0.501562 0.89375 0.501562 0.892187 0.5 0.890625 0.5 0.870313 0.501562 0.86875 0.501562 0.846875 0.503125 0.845312 0.503125 0.8375 0.504687 0.835938 0.504687 0.832812 0.507812 0.829687 0.507812 0.828125 0.509375 0.826563 0.509375 0.823438 0.510938 0.821875 0.510938 0.8125 0.5125 0.810938 0.5125 0.804688 0.514063 0.803125 0.514063 0.795313 0.515625 0.79375 0.515625 0.776563 0.517187 0.775 0.517187 0.770312 0.51875 0.76875 0.51875 0.765625 0.521875 0.7625 0.526563 0.7625 0.526563 0.732813 0.521875 0.732813 0.51875 0.729688 0.51875 0.723437 0.517187 0.721875 0.517187 0.7125 0.51875 0.710938 0.51875 0.685938 0.517187 0.684375 0.517187 0.682813 0.51875 0.68125 0.51875 0.673437 0.520312 0.671875 0.520312 0.670313 0.521875 0.66875 0.526563 0.66875 0.526563 0.629687 0.521875 0.629687 0.520312 0.628125 0.520312 0.621875 0.51875 0.620313 0.51875 0.615625 0.473437 0.615625 0.473437 0.625 0.471875 0.626562 0.470313 0.626562 0.46875 0.625 0.46875 0.623438 0.467187 0.621875 0.467187 0.615625
8 0.321875 0.634375 0.321875 0.732813 0.326562 0.732813 0.332812 0.739062 0.332812 0.740625 0.334375 0.742188 0.334375 0.757812 0.332812 0.759375 0.332812 0.7625 0.33125 0.764063 0.33125 0.767187 0.329688 0.76875 0.329688 0.770312 0.328125 0.771875 0.321875 0.771875 0.321875 0.853125 0.326562 0.853125 0.328125 0.854688 0.328125 0.865625 0.326562 0.867188 0.321875 0.867188 0.321875 0.932813 0.401563 0.932813 0.401563 0.925 0.390625 0.925 0.384375 0.91875 0.384375 0.917188 0.382812 0.915625 0.382812 0.914062 0.38125 0.9125 0.38125 0.910937 0.379687 0.909375 0.379687 0.89375 0.378125 0.892187 0.378125 0.878125 0.379687 0.876562 0.379687 0.854688 0.38125 0.853125 0.38125 0.8375 0.382812 0.835938 0.382812 0.829687 0.384375 0.828125 0.384375 0.826563 0.385938 0.825 0.385938 0.823438 0.3875 0.821875 0.3875 0.81875 0.389062 0.817187 0.389062 0.809375 0.390625 0.807813 0.390625 0.798437 0.392188 0.796875 0.392188 0.784375 0.39375 0.782812 0.39375 0.771875 0.395312 0.770312 0.395312 0.767187 0.396875 0.765625 0.401563 0.765625 0.401563 0.634375
8 0.253125 0.640625 0.253125 0.73125 0.259375 0.73125 0.264062 0.726562 0.265625 0.726562 0.267188 0.728125 0.267188 0.73125 0.26875 0.732813 0.26875 0.7625 0.267188 0.764063 0.267188 0.770312 0.265625 0.771875 0.265625 0.773438 0.264062 0.775 0.264062 0.810938 0.2625 0.8125 0.2625 0.821875 0.260938 0.823438 0.260938 0.826563 0.259375 0.828125 0.259375 0.829687 0.257812 0.83125 0.253125 0.83125 0.253125 0.932813 0.323438 0.932813 0.323438 0.928125 0.326562 0.925 0.339063 0.925 0.339063 0.85625 0.325 0.85625 0.321875 0.853125 0.321875 0.845312 0.320312 0.84375 0.320312 0.835938 0.321875 0.834375 0.321875 0.828125 0.323438 0.826563 0.323438 0.823438 0.325 0.821875 0.325 0.81875 0.326562 0.817187 0.326562 0.810938 0.328125 0.809375 0.328125 0.792188 0.329688 0.790625 0.329688 0.773438 0.33125 0.771875 0.33125 0.76875 0.334375 0.765625 0.339063 0.765625 0.339063 0.640625
8 0.128125 0.871875 0.132812 0.871875 0.132812 0.870313 0.128125 0.870313 0.128125 0.871875 0.128125 0.88125 0.128125 0.932813 0.198437 0.932813 0.198437 0.925 0.196875 0.923437 0.196875 0.921875 0.19375 0.91875 0.19375 0.917188 0.192188 0.915625 0.192188 0.910937 0.190625 0.909375 0.190625 0.878125 0.192188 0.876562 0.192188 0.860937 0.19375 0.859375 0.19375 0.834375 0.195312 0.832812 0.195312 0.823438 0.196875 0.821875 0.196875 0.8 0.198437 0.798437 0.198437 0.785937 0.2 0.784375 0.2 0.773438 0.201562 0.771875 0.201562 0.76875 0.203125 0.767187 0.207813 0.767187 0.207813 0.609375 0.135937 0.609375 0.135937 0.651563 0.134375 0.653125 0.134375 0.675 0.132812 0.676562 0.128125 0.676562 0.128125 0.678125 0.132812 0.678125 0.134375 0.679688 0.134375 0.684375 0.135937 0.685938 0.135937 0.7 0.1375 0.701563 0.135937 0.703125 0.135937 0.709375 0.132812 0.7125 0.128125 0.7125 0.128125 0.732813 0.132812 0.732813 0.134375 0.734375 0.134375 0.753125 0.132812 0.754687 0.128125 0.754687 0.128125 0.795313 0.132812 0.795313 0.135937 0.798437 0.139062 0.798437 0.148438 0.807813 0.148438 0.810938 0.15 0.8125 0.15 0.817187 0.151562 0.81875 0.151562 0.84375 0.15 0.845312 0.15 0.853125 0.148438 0.854688 0.148438 0.86875 0.146875 0.870313 0.146875 0.882812 0.148438 0.884375 0.148438 0.901563 0.146875 0.903125 0.146875 0.904688 0.145313 0.90625 0.139062 0.90625 0.135937 0.903125 0.135937 0.901563 0.1375 0.9 0.1375 0.895312 0.135937 0.89375 0.135937 0.892187 0.134375 0.890625 0.134375 0.882812 0.132812 0.88125 0.128125 0.88125
8 0.059375 0.559375 0.059375 0.951563 0.139062 0.951563 0.139062 0.921875 0.134375 0.921875 0.128125 0.915625 0.128125 0.914062 0.126563 0.9125 0.126563 0.904688 0.125 0.903125 0.125 0.885938 0.126563 0.884375 0.126563 0.86875 0.128125 0.867188 0.128125 0.829687 0.129688 0.828125 0.129688 0.814062 0.13125 0.8125 0.13125 0.79375 0.132812 0.792188 0.132812 0.78125 0.134375 0.779688 0.139062 0.779688 0.139062 0.559375
8 0.685938 0.895312 0.685938 0.9 0.6875 0.901563 0.6875 0.903125 0.689062 0.904688 0.695312 0.904688 0.695312 0.890625 0.690625 0.890625 0.685938 0.895312 0.671875 0.840625 0.671875 0.851562 0.670313 0.853125 0.670313 0.896875 0.66875 0.898438 0.66875 0.903125 0.667188 0.904688 0.667188 0.909375 0.665625 0.910937 0.665625 0.9125 0.6625 0.915625 0.660937 0.915625 0.659375 0.917188 0.642187 0.917188 0.640625 0.91875 0.609375 0.91875 0.609375 0.83125 0.614062 0.83125 0.617188 0.828125 0.617188 0.826563 0.620313 0.823438 0.620313 0.821875 0.621875 0.820312 0.621875 0.817187 0.623438 0.815625 0.623438 0.814062 0.628125 0.809375 0.628125 0.807813 0.629687 0.80625 0.629687 0.798437 0.63125 0.796875 0.623438 0.767187 0.623438 0.742188 0.625 0.740625 0.625 0.720312 0.626562 0.71875 0.626562 0.715625 0.628125 0.714063 0.628125 0.709375 0.609375 0.709375 0.609375 0.782812 0.615625 0.782812 0.620313 0.778125 0.620313 0.76875 0.621875 0.767187 0.623438 0.767187 0.63125 0.796875 0.63125 0.7875 0.629687 0.785937 0.629687 0.764063 0.63125 0.7625 0.63125 0.746875 0.632812 0.745313 0.632812 0.74375 0.634375 0.742188 0.634375 0.740625 0.635938 0.739062 0.635938 0.7375 0.6375 0.735937 0.6375 0.734375 0.639063 0.732813 0.639063 0.73125 0.640625 0.729688 0.640625 0.728125 0.642187 0.726562 0.640625 0.725 0.640625 0.71875 0.639063 0.717188 0.639063 0.709375 0.695312 0.709375 0.695312 0.7625 0.690625 0.7625 0.689062 0.764063 0.689062 0.770312 0.6875 0.771875 0.6875 0.78125 0.685938 0.782812 0.685938 0.801562 0.684375 0.803125 0.684375 0.820312 0.682813 0.821875 0.682813 0.823438 0.68125 0.825 0.68125 0.826563 0.675 0.832812 0.675 0.834375 0.673437 0.835938 0.673437 0.839063 0.671875 0.840625
8 0.190625 0.596875 0.190625 0.820312 0.196875 0.820312 0.198437 0.821875 0.198437 0.823438 0.2 0.825 0.2 0.826563 0.201562 0.828125 0.2 0.829687 0.2 0.840625 0.196875 0.84375 0.196875 0.845312 0.195312 0.846875 0.190625 0.846875 0.190625 0.857813 0.195312 0.857813 0.196875 0.859375 0.196875 0.860937 0.198437 0.8625 0.198437 0.8875 0.2 0.889063 0.2 0.890625 0.198437 0.892187 0.198437 0.904688 0.195312 0.907812 0.190625 0.907812 0.190625 0.982813 0.276563 0.982813 0.276563 0.917188 0.271875 0.917188 0.26875 0.920313 0.26875 0.923437 0.267188 0.925 0.267188 0.926562 0.265625 0.928125 0.264062 0.928125 0.260938 0.925 0.260938 0.923437 0.259375 0.921875 0.259375 0.920313 0.25625 0.917188 0.25625 0.9125 0.254687 0.910937 0.254687 0.895312 0.253125 0.89375 0.253125 0.889063 0.254687 0.8875 0.254687 0.864062 0.25625 0.8625 0.25625 0.846875 0.257812 0.845312 0.257812 0.826563 0.259375 0.825 0.259375 0.823438 0.260938 0.821875 0.260938 0.81875 0.2625 0.817187 0.2625 0.8125 0.264062 0.810938 0.264062 0.796875 0.265625 0.795313 0.265625 0.776563 0.267188 0.775 0.267188 0.767187 0.26875 0.765625 0.26875 0.759375 0.270312 0.757812 0.270312 0.740625 0.26875 0.739062 0.26875 0.690625 0.267188 0.689062 0.267188 0.660937 0.26875 0.659375 0.26875 0.607813 0.270312 0.60625 0.270312 0.596875 0.217187 0.596875 0.217187 0.607813 0.21875 0.609375 0.21875 0.61875 0.220313 0.620313 0.220313 0.626562 0.221875 0.628125 0.221875 0.63125 0.223438 0.632812 0.223438 0.639063 0.225 0.640625 0.225 0.64375 0.226562 0.645312 0.226562 0.646875 0.228125 0.646875 0.229687 0.648438 0.232812 0.648438 0.234375 0.65 0.234375 0.65625 0.235938 0.657812 0.235938 0.667188 0.234375 0.66875 0.234375 0.676562 0.228125 0.682813 0.228125 0.690625 0.226562 0.692187 0.225 0.692187 0.220313 0.696875 0.220313 0.698438 0.21875 0.7 0.21875 0.701563 0.217187 0.703125 0.217187 0.704687 0.215625 0.70625 0.2125 0.70625 0.207813 0.701563 0.207813 0.696875 0.20625 0.695312 0.20625 0.690625 0.204688 0.689062 0.204688 0.667188 0.20625 0.665625 0.20625 0.645312 0.204688 0.64375 0.204688 0.620313 0.20625 0.61875 0.20625 0.610937 0.207813 0.609375 0.207813 0.607813 0.2125 0.603125 0.2125 0.596875
8 0.5625 0.914062 0.567187 0.91875 0.571875 0.91875 0.573438 0.920313 0.582812 0.920313 0.582812 0.84375 0.576563 0.84375 0.575 0.845312 0.575 0.848437 0.573438 0.85 0.573438 0.851562 0.570312 0.854688 0.570312 0.85625 0.56875 0.857813 0.56875 0.864062 0.567187 0.865625 0.567187 0.878125 0.565625 0.879687 0.565625 0.907812 0.564062 0.909375 0.564062 0.9125 0.5625 0.914062 0.55625 0.917188 0.55625 0.90625 0.554688 0.904688 0.554688 0.86875 0.55625 0.867188 0.55625 0.85625 0.557813 0.854688 0.557813 0.840625 0.559375 0.839063 0.559375 0.835938 0.564062 0.83125 0.565625 0.83125 0.56875 0.828125 0.570312 0.828125 0.571875 0.826563 0.571875 0.825 0.573438 0.823438 0.573438 0.807813 0.571875 0.80625 0.571875 0.798437 0.573438 0.796875 0.573438 0.775 0.575 0.773438 0.575 0.75625 0.576563 0.754687 0.576563 0.745313 0.578125 0.74375 0.582812 0.74375 0.582812 0.620313 0.578125 0.620313 0.576563 0.61875 0.576563 0.607813 0.575 0.60625 0.575 0.601562 0.573438 0.6 0.573438 0.598437 0.571875 0.596875 0.571875 0.595312 0.56875 0.592188 0.56875 0.590625 0.567187 0.589063 0.567187 0.582812 0.565625 0.58125 0.565625 0.571875 0.564062 0.570312 0.564062 0.546875 0.51875 0.546875 0.51875 0.553125 0.520312 0.554688 0.520312 0.559375 0.521875 0.560938 0.521875 0.564062 0.523438 0.565625 0.523438 0.567187 0.526563 0.570312 0.526563 0.576563 0.528125 0.576563 0.528125 0.573438 0.529688 0.571875 0.529688 0.570312 0.532812 0.567187 0.534375 0.567187 0.535937 0.56875 0.535937 0.570312 0.5375 0.571875 0.5375 0.578125 0.540625 0.58125 0.540625 0.584375 0.5375 0.5875 0.535937 0.5875 0.534375 0.589063 0.526563 0.589063 0.525 0.5875 0.515625 0.5875 0.514063 0.585938 0.514063 0.584375 0.5125 0.582812 0.5125 0.58125 0.510938 0.579687 0.510938 0.576563 0.509375 0.575 0.509375 0.573438 0.507812 0.571875 0.507812 0.570312 0.50625 0.56875 0.50625 0.565625 0.504687 0.564062 0.504687 0.55625 0.503125 0.554688 0.503125 0.546875 0.496875 0.546875 0.496875 0.839063 0.501562 0.839063 0.503125 0.8375 0.503125 0.835938 0.504687 0.834375 0.504687 0.832812 0.50625 0.83125 0.50625 0.828125 0.507812 0.826563 0.507812 0.823438 0.509375 0.821875 0.509375 0.820312 0.510938 0.81875 0.510938 0.814062 0.5125 0.8125 0.5125 0.809375 0.514063 0.807813 0.515625 0.809375 0.515625 0.810938 0.517187 0.8125 0.517187 0.81875 0.51875 0.820312 0.51875 0.832812 0.517187 0.834375 0.517187 0.839063 0.510938 0.845312 0.510938 0.853125 0.504687 0.859375 0.504687 0.864062 0.501562 0.867188 0.496875 0.867188 0.496875 0.920313 0.507812 0.920313 0.510938 0.923437 0.5125 0.923437 0.514063 0.925 0.517187 0.925 0.51875 0.926562 0.517187 0.928125 0.514063 0.928125 0.5125 0.929688 0.496875 0.929688 0.496875 0.951563 0.582812 0.951563 0.582812 0.929688 0.571875 0.929688 0.570312 0.93125 0.55625 0.93125 0.554688 0.929688 0.553125 0.929688 0.551562 0.928125 0.55 0.928125 0.548437 0.926562 0.548437 0.921875 0.55 0.920313 0.551562 0.920313 0.553125 0.91875 0.554688 0.91875 0.55625 0.917188
8 0.253125 0.584375 0.253125 0.790625 0.259375 0.790625 0.2625 0.79375 0.2625 0.804688 0.264062 0.80625 0.264062 0.809375 0.2625 0.810938 0.2625 0.821875 0.260938 0.823438 0.260938 0.828125 0.259375 0.829687 0.259375 0.83125 0.257812 0.832812 0.253125 0.832812 0.253125 0.998438 0.332812 0.998438 0.332812 0.93125 0.326562 0.93125 0.323438 0.928125 0.323438 0.925 0.326562 0.921875 0.332812 0.921875 0.332812 0.857813 0.325 0.857813 0.320312 0.853125 0.320312 0.835938 0.321875 0.834375 0.321875 0.828125 0.323438 0.826563 0.323438 0.823438 0.325 0.821875 0.325 0.820312 0.326562 0.81875 0.326562 0.817187 0.328125 0.815625 0.332812 0.815625 0.332812 0.584375 0.279687 0.584375 0.279687 0.590625 0.278125 0.592188 0.275 0.592188 0.273438 0.590625 0.273438 0.584375
8 0.734375 0.509375 0.734375 0.579687 0.739062 0.579687 0.742188 0.582812 0.742188 0.590625 0.746875 0.595312 0.746875 0.603125 0.748438 0.604688 0.748438 0.60625 0.75 0.607813 0.75 0.609375 0.751562 0.610937 0.751562 0.614062 0.759375 0.614062 0.760938 0.615625 0.7625 0.615625 0.765625 0.61875 0.767187 0.61875 0.771875 0.623438 0.771875 0.626562 0.76875 0.629687 0.767187 0.629687 0.7625 0.634375 0.7625 0.635938 0.757812 0.640625 0.75 0.640625 0.748438 0.642187 0.748438 0.682813 0.746875 0.684375 0.746875 0.6875 0.745313 0.689062 0.745313 0.692187 0.74375 0.69375 0.74375 0.695312 0.742188 0.696875 0.742188 0.698438 0.740625 0.7 0.734375 0.7 0.734375 0.926562 0.801562 0.926562 0.801562 0.91875 0.784375 0.91875 0.782812 0.917188 0.78125 0.917188 0.779688 0.915625 0.779688 0.914062 0.78125 0.9125 0.78125 0.910937 0.784375 0.907812 0.785937 0.907812 0.7875 0.90625 0.801562 0.90625 0.801562 0.882812 0.7875 0.882812 0.784375 0.879687 0.784375 0.878125 0.782812 0.876562 0.782812 0.867188 0.78125 0.865625 0.782812 0.864062 0.782812 0.851562 0.784375 0.85 0.784375 0.840625 0.785937 0.839063 0.785937 0.834375 0.7875 0.832812 0.7875 0.828125 0.789062 0.826563 0.789062 0.825 0.790625 0.823438 0.790625 0.821875 0.792188 0.820312 0.792188 0.81875 0.79375 0.817187 0.79375 0.815625 0.796875 0.8125 0.801562 0.8125 0.801562 0.757812 0.796875 0.757812 0.79375 0.754687 0.79375 0.751562 0.792188 0.75 0.792188 0.742188 0.790625 0.740625 0.790625 0.690625 0.792188 0.689062 0.792188 0.684375 0.79375 0.682813 0.79375 0.676562 0.796875 0.673437 0.801562 0.673437 0.801562 0.61875 0.796875 0.61875 0.792188 0.614062 0.792188 0.610937 0.790625 0.609375 0.790625 0.6 0.789062 0.598437 0.789062 0.590625 0.7875 0.589063 0.7875 0.578125 0.789062 0.576563 0.789062 0.573438 0.790625 0.571875 0.790625 0.567187 0.792188 0.565625 0.792188 0.559375 0.790625 0.557813 0.790625 0.553125 0.789062 0.551562 0.789062 0.546875 0.7875 0.545313 0.7875 0.54375 0.784375 0.540625 0.784375 0.53125 0.782812 0.529688 0.782812 0.520312 0.78125 0.51875 0.78125 0.509375
8 0.321875 0.640625 0.321875 0.842188 0.326562 0.842188 0.329688 0.845312 0.329688 0.848437 0.33125 0.85 0.33125 0.853125 0.329688 0.854688 0.329688 0.867188 0.328125 0.86875 0.328125 0.870313 0.326562 0.871875 0.321875 0.871875 0.321875 0.896875 0.326562 0.896875 0.328125 0.898438 0.328125 0.9 0.329688 0.901563 0.329688 0.904688 0.328125 0.90625 0.328125 0.909375 0.329688 0.910937 0.329688 0.91875 0.328125 0.920313 0.328125 0.921875 0.33125 0.925 0.332812 0.925 0.334375 0.926562 0.334375 0.928125 0.332812 0.929688 0.328125 0.929688 0.326562 0.93125 0.321875 0.93125 0.321875 0.998438 0.401563 0.998438 0.401563 0.928125 0.395312 0.928125 0.39375 0.926562 0.390625 0.926562 0.3875 0.923437 0.3875 0.921875 0.382812 0.917188 0.382812 0.915625 0.38125 0.914062 0.38125 0.910937 0.379687 0.909375 0.379687 0.857813 0.38125 0.85625 0.38125 0.839063 0.382812 0.8375 0.382812 0.829687 0.384375 0.828125 0.384375 0.826563 0.385938 0.825 0.385938 0.823438 0.3875 0.821875 0.3875 0.820312 0.389062 0.81875 0.389062 0.809375 0.390625 0.807813 0.390625 0.798437 0.392188 0.796875 0.392188 0.784375 0.39375 0.782812 0.39375 0.770312 0.395312 0.76875 0.395312 0.767187 0.396875 0.765625 0.401563 0.765625 0.401563 0.640625 0.35625 0.640625 0.35625 0.651563 0.357812 0.653125 0.357812 0.65625 0.359375 0.657812 0.359375 0.667188 0.360938 0.66875 0.360938 0.68125 0.359375 0.682813 0.359375 0.690625 0.353125 0.696875 0.353125 0.7 0.351562 0.701563 0.351562 0.707812 0.35 0.709375 0.35 0.721875 0.351562 0.723437 0.351562 0.726562 0.348437 0.729688 0.34375 0.729688 0.342187 0.73125 0.339063 0.73125 0.3375 0.729688 0.3375 0.707812 0.335938 0.70625 0.335938 0.703125 0.334375 0.701563 0.334375 0.698438 0.332812 0.696875 0.332812 0.682813 0.334375 0.68125 0.334375 0.66875 0.335938 0.667188 0.335938 0.660937 0.3375 0.659375 0.3375 0.648438 0.335938 0.646875 0.335938 0.640625
8 0.73125 0.914062 0.73125 0.920313 0.753125 0.920313 0.753125 0.915625 0.739062 0.915625 0.7375 0.914062 0.73125 0.914062 0.729688 0.907812 0.73125 0.90625 0.742188 0.90625 0.74375 0.904688 0.757812 0.904688 0.759375 0.903125 0.765625 0.903125 0.767187 0.901563 0.767187 0.9 0.76875 0.898438 0.76875 0.88125 0.770312 0.879687 0.770312 0.878125 0.771875 0.876562 0.776563 0.876562 0.776563 0.66875 0.771875 0.66875 0.771875 0.670313 0.770312 0.671875 0.770312 0.679688 0.76875 0.68125 0.76875 0.6875 0.767187 0.689062 0.767187 0.71875 0.76875 0.720312 0.76875 0.734375 0.767187 0.735937 0.767187 0.751562 0.765625 0.753125 0.765625 0.754687 0.764063 0.75625 0.764063 0.757812 0.7625 0.759375 0.7625 0.7625 0.760938 0.764063 0.760938 0.767187 0.759375 0.76875 0.75625 0.765625 0.75625 0.757812 0.754687 0.75625 0.754687 0.720312 0.753125 0.71875 0.753125 0.709375 0.751562 0.707812 0.751562 0.70625 0.75 0.704687 0.75 0.703125 0.748438 0.701563 0.748438 0.696875 0.746875 0.695312 0.746875 0.660937 0.748438 0.659375 0.748438 0.657812 0.746875 0.65625 0.746875 0.632812 0.745313 0.63125 0.745313 0.626562 0.74375 0.625 0.74375 0.621875 0.742188 0.620313 0.742188 0.61875 0.740625 0.617188 0.776563 0.534375 0.771875 0.534375 0.767187 0.539062 0.767187 0.546875 0.765625 0.548437 0.765625 0.55 0.764063 0.55 0.764063 0.546875 0.7625 0.545313 0.764063 0.54375 0.764063 0.5375 0.742188 0.507812 0.739062 0.504687 0.729688 0.504687 0.728125 0.503125 0.726562 0.503125 0.725 0.504687 0.71875 0.504687 0.715625 0.501562 0.715625 0.496875 0.709375 0.496875 0.709375 0.501562 0.710938 0.503125 0.710938 0.507812 0.71875 0.515625 0.71875 0.526563 0.720312 0.528125 0.720312 0.53125 0.721875 0.532812 0.721875 0.535937 0.723437 0.5375 0.723437 0.54375 0.721875 0.545313 0.721875 0.553125 0.723437 0.554688 0.723437 0.567187 0.725 0.56875 0.725 0.58125 0.726562 0.582812 0.726562 0.584375 0.725 0.585938 0.725 0.590625 0.726562 0.592188 0.73125 0.592188 0.732813 0.590625 0.734375 0.590625 0.735937 0.592188 0.7375 0.592188 0.739062 0.59375 0.742188 0.590625 0.742188 0.582812 0.74375 0.58125 0.74375 0.564062 0.745313 0.5625 0.745313 0.559375 0.746875 0.557813 0.745313 0.55625 0.745313 0.545313 0.74375 0.54375 0.74375 0.528125 0.742188 0.526563 0.742188 0.507812 0.764063 0.5375 0.7625 0.535937 0.7625 0.532812 0.760938 0.53125 0.760938 0.514063 0.75625 0.509375 0.75625 0.507812 0.757812 0.50625 0.759375 0.50625 0.760938 0.504687 0.7625 0.504687 0.764063 0.503125 0.765625 0.503125 0.767187 0.504687 0.76875 0.504687 0.771875 0.507812 0.776563 0.507812 0.776563 0.534375 0.740625 0.617188 0.735937 0.617188 0.734375 0.61875 0.732813 0.61875 0.728125 0.623438 0.728125 0.625 0.726562 0.626562 0.726562 0.629687 0.725 0.63125 0.725 0.632812 0.723437 0.634375 0.723437 0.635938 0.720312 0.639063 0.717188 0.639063 0.714063 0.642187 0.714063 0.64375 0.7125 0.645312 0.7125 0.653125 0.710938 0.654688 0.710938 0.657812 0.709375 0.659375 0.709375 0.660937 0.710938 0.6625 0.710938 0.664062 0.709375 0.665625 0.709375 0.667188 0.707812 0.66875 0.704687 0.665625 0.704687 0.65625 0.703125 0.654688 0.703125 0.65 0.704687 0.648438 0.704687 0.645312 0.703125 0.64375 0.703125 0.640625 0.701563 0.639063 0.701563 0.635938 0.696875 0.63125 0.696875 0.629687 0.695312 0.628125 0.695312 0.623438 0.69375 0.621875 0.69375 0.620313 0.692187 0.61875 0.692187 0.617188 0.690625 0.615625 0.690625 0.610937 0.689062 0.609375 0.689062 0.604688 0.6875 0.603125 0.6875 0.6 0.685938 0.598437 0.685938 0.596875 0.684375 0.595312 0.684375 0.59375 0.682813 0.592188 0.682813 0.570312 0.68125 0.56875 0.68125 0.532812 0.679688 0.53125 0.679688 0.528125 0.678125 0.526563 0.678125 0.525 0.671875 0.525 0.671875 0.751562 0.676562 0.751562 0.676562 0.746875 0.678125 0.745313 0.678125 0.742188 0.679688 0.740625 0.679688 0.720312 0.68125 0.71875 0.68125 0.715625 0.682813 0.714063 0.682813 0.710938 0.684375 0.709375 0.684375 0.70625 0.6875 0.703125 0.6875 0.698438 0.685938 0.696875 0.6875 0.695312 0.6875 0.69375 0.690625 0.690625 0.692187 0.692187 0.692187 0.69375 0.69375 0.695312 0.69375 0.698438 0.692187 0.7 0.692187 0.703125 0.695312 0.70625 0.695312 0.71875 0.69375 0.720312 0.69375 0.726562 0.692187 0.728125 0.692187 0.7375 0.690625 0.739062 0.690625 0.759375 0.689062 0.760938 0.689062 0.76875 0.6875 0.770312 0.6875 0.775 0.685938 0.776563 0.685938 0.79375 0.6875 0.795313 0.6875 0.796875 0.685938 0.798437 0.685938 0.820312 0.684375 0.821875 0.684375 0.823438 0.68125 0.826563 0.679688 0.826563 0.678125 0.828125 0.671875 0.828125 0.671875 0.920313 0.696875 0.920313 0.696875 0.915625 0.7 0.9125 0.701563 0.9125 0.70625 0.907812 0.7125 0.907812 0.714063 0.909375 0.71875 0.909375 0.720312 0.907812 0.729688 0.907812
8 0.184375 0.621875 0.184375 0.740625 0.189063 0.740625 0.190625 0.739062 0.190625 0.735937 0.192188 0.734375 0.192188 0.732813 0.196875 0.728125 0.198437 0.729688 0.198437 0.73125 0.201562 0.734375 0.201562 0.7375 0.203125 0.739062 0.203125 0.757812 0.201562 0.759375 0.201562 0.764063 0.2 0.765625 0.2 0.785937 0.198437 0.7875 0.198437 0.817187 0.195312 0.820312 0.19375 0.81875 0.19375 0.803125 0.192188 0.801562 0.192188 0.78125 0.190625 0.779688 0.190625 0.771875 0.189063 0.770312 0.184375 0.770312 0.184375 0.926562 0.251563 0.926562 0.251563 0.621875
