7 0.315625 0.678125 0.315625 0.70625 0.325 0.70625 0.329688 0.710938 0.329688 0.720312 0.35625 0.720312 0.35625 0.7125 0.357812 0.710938 0.357812 0.707812 0.35625 0.70625 0.35625 0.678125
7 0.403125 0.678125 0.403125 0.714063 0.451562 0.714063 0.451562 0.678125
7 0.621875 0.678125 0.621875 0.714063 0.66875 0.714063 0.66875 0.678125
6 0.421875 0.115625 0.421875 0.132812 0.43125 0.132812 0.43125 0.115625
7 0.534375 0.678125 0.534375 0.714063 0.58125 0.714063 0.58125 0.678125
7 0.359375 0.678125 0.359375 0.714063 0.407813 0.714063 0.407813 0.678125
7 0.671875 0.678125 0.671875 0.714063 0.720312 0.714063 0.720312 0.678125
6 0.578125 0.321875 0.578125 0.33125 0.589063 0.33125 0.589063 0.321875
6 0.553125 0.321875 0.553125 0.339063 0.560938 0.339063 0.560938 0.329688 0.5625 0.328125 0.5625 0.321875
7 0.490625 0.678125 0.490625 0.714063 0.539062 0.714063 0.539062 0.678125
6 0.315625 0.115625 0.315625 0.132812 0.325 0.132812 0.325 0.115625
6 0.265625 0.109375 0.265625 0.132812 0.276563 0.132812 0.276563 0.109375
6 0.521875 0.321875 0.521875 0.339063 0.532812 0.339063 0.532812 0.329688 0.534375 0.328125 0.539062 0.328125 0.539062 0.321875
6 0.546875 0.115625 0.546875 0.132812 0.554688 0.132812 0.559375 0.128125 0.564062 0.128125 0.564062 0.115625
7 0.578125 0.678125 0.578125 0.714063 0.625 0.714063 0.625 0.678125
6 0.565625 0.321875 0.565625 0.339063 0.576563 0.339063 0.576563 0.321875
6 0.390625 0.115625 0.390625 0.132812 0.398438 0.132812 0.398438 0.115625
7 0.446875 0.678125 0.446875 0.714063 0.495313 0.714063 0.495313 0.678125
6 0.665625 0.321875 0.665625 0.339063 0.673437 0.339063 0.673437 0.321875
6 0.278125 0.321875 0.278125 0.339063 0.284375 0.339063 0.284375 0.33125 0.285937 0.329688 0.285937 0.321875
6 0.409375 0.115625 0.409375 0.132812 0.426562 0.132812 0.426562 0.115625
6 0.615625 0.321875 0.615625 0.339063 0.623438 0.339063 0.623438 0.321875
6 0.515625 0.321875 0.515625 0.339063 0.526563 0.339063 0.526563 0.321875
6 0.465625 0.321875 0.465625 0.339063 0.476562 0.339063 0.476562 0.321875
6 0.390625 0.321875 0.390625 0.339063 0.398438 0.339063 0.398438 0.321875
6
6 0.678125 0.321875 0.678125 0.339063 0.689062 0.339063 0.689062 0.321875
6 0.290625 0.321875 0.290625 0.339063 0.301562 0.339063 0.301562 0.321875
6 0.234375 0.509375 0.234375 0.526563 0.24375 0.526563 0.24375 0.509375
6 0.628125 0.321875 0.628125 0.339063 0.639063 0.339063 0.639063 0.321875
6 0.603125 0.115625 0.603125 0.132812 0.609375 0.132812 0.609375 0.13125 0.610937 0.129688 0.610937 0.115625
6 0.328125 0.115625 0.328125 0.132812 0.339063 0.132812 0.339063 0.115625
6 0.346875 0.321875 0.346875 0.339063 0.357812 0.339063 0.357812 0.328125 0.359375 0.326562 0.364062 0.326562 0.364062 0.321875
6 0.403125 0.115625 0.403125 0.132812 0.414062 0.132812 0.414062 0.115625
6 0.559375 0.115625 0.559375 0.132812 0.565625 0.132812 0.56875 0.129688 0.56875 0.126563 0.570312 0.125 0.570312 0.115625
6 0.271875 0.109375 0.271875 0.132812 0.282813 0.132812 0.282813 0.109375
6 0.503125 0.321875 0.503125 0.339063 0.510938 0.339063 0.510938 0.321875
6 0.653125 0.115625 0.653125 0.13125 0.659375 0.13125 0.6625 0.128125 0.6625 0.115625
6 0.715625 0.509375 0.715625 0.523438 0.726562 0.523438 0.726562 0.509375
6 0.634375 0.509375 0.634375 0.525 0.640625 0.525 0.64375 0.521875 0.64375 0.515625 0.645312 0.514063 0.645312 0.509375
6 0.728125 0.321875 0.728125 0.339063 0.739062 0.339063 0.739062 0.321875
6 0.634375 0.321875 0.634375 0.339063 0.64375 0.339063 0.64375 0.321875
6 0.340625 0.321875 0.340625 0.339063 0.351562 0.339063 0.351562 0.321875
5 0.396875 0.615625 0.396875 0.657812 0.404687 0.657812 0.404687 0.651563 0.40625 0.65 0.40625 0.615625
6 0.665625 0.509375 0.665625 0.523438 0.676562 0.523438 0.676562 0.509375
6 0.321875 0.509375 0.321875 0.526563 0.33125 0.526563 0.33125 0.509375
6 0.421875 0.321875 0.421875 0.332812 0.432813 0.332812 0.432813 0.321875
6 0.465625 0.115625 0.465625 0.13125 0.471875 0.13125 0.473437 0.129688 0.473437 0.115625
6 0.621875 0.115625 0.621875 0.139062 0.628125 0.139062 0.628125 0.134375 0.634375 0.128125 0.639063 0.128125 0.639063 0.115625
6
6 0.715625 0.321875 0.715625 0.339063 0.723437 0.339063 0.723437 0.321875
6 0.628125 0.509375 0.628125 0.523438 0.639063 0.523438 0.639063 0.509375
6 0.409375 0.321875 0.409375 0.339063 0.41875 0.339063 0.41875 0.332812 0.420312 0.33125 0.420312 0.321875
6 0.546875 0.509375 0.546875 0.526563 0.55625 0.526563 0.55625 0.51875 0.557813 0.517187 0.557813 0.509375
6 0.478125 0.115625 0.478125 0.129688 0.489062 0.129688 0.489062 0.115625
6 0.684375 0.321875 0.684375 0.339063 0.69375 0.339063 0.69375 0.321875
6 0.284375 0.509375 0.284375 0.526563 0.29375 0.526563 0.29375 0.517187 0.292188 0.515625 0.292188 0.509375
6 0.371875 0.321875 0.371875 0.332812 0.382812 0.332812 0.382812 0.321875
6 0.665625 0.115625 0.665625 0.13125 0.671875 0.13125 0.671875 0.129688 0.673437 0.128125 0.673437 0.115625
5 0.440625 0.440625 0.440625 0.460938 0.445312 0.460938 0.446875 0.459375 0.448438 0.459375 0.448438 0.454688 0.45 0.453125 0.45 0.440625
6 0.609375 0.509375 0.609375 0.526563 0.620313 0.526563 0.620313 0.509375
6 0.503125 0.509375 0.503125 0.526563 0.514063 0.526563 0.514063 0.509375
6 0.403125 0.321875 0.403125 0.339063 0.414062 0.339063 0.414062 0.321875
6 0.409375 0.509375 0.409375 0.526563 0.41875 0.526563 0.41875 0.51875 0.420312 0.517187 0.420312 0.509375
6 0.684375 0.115625 0.684375 0.139062 0.689062 0.139062 0.689062 0.134375 0.69375 0.129688 0.69375 0.128125 0.695312 0.126563 0.695312 0.115625
6 0.578125 0.509375 0.578125 0.526563 0.585938 0.526563 0.585938 0.509375
6 0.340625 0.115625 0.340625 0.132812 0.351562 0.132812 0.351562 0.115625
6 0.471875 0.321875 0.471875 0.339063 0.482812 0.339063 0.482812 0.321875
6 0.353125 0.509375 0.353125 0.526563 0.360938 0.526563 0.360938 0.509375
6 0.528125 0.115625 0.528125 0.132812 0.532812 0.132812 0.5375 0.128125 0.5375 0.115625
6 0.296875 0.321875 0.296875 0.339063 0.304688 0.339063 0.304688 0.334375 0.30625 0.332812 0.30625 0.321875
6 0.378125 0.115625 0.378125 0.132812 0.389062 0.132812 0.389062 0.115625
5 0.478125 0.440625 0.478125 0.464063 0.489062 0.464063 0.489062 0.440625
5 0.434375 0.609375 0.434375 0.651563 0.440625 0.651563 0.442187 0.65 0.448438 0.65 0.45 0.648438 0.451562 0.648438 0.453125 0.646875 0.457812 0.646875 0.457812 0.609375
5 0.428125 0.434375 0.428125 0.464063 0.439063 0.464063 0.439063 0.448438 0.440625 0.446875 0.445312 0.446875 0.440625 0.446875 0.439063 0.445312 0.439063 0.434375
6 0.284375 0.115625 0.284375 0.132812 0.29375 0.132812 0.29375 0.115625
6 0.234375 0.109375 0.234375 0.115625 0.245312 0.115625 0.245312 0.109375
6 0.440625 0.509375 0.440625 0.526563 0.448438 0.526563 0.448438 0.509375
6 0.453125 0.115625 0.453125 0.13125 0.459375 0.13125 0.460938 0.129688 0.4625 0.129688 0.464063 0.128125 0.464063 0.115625
6 0.540625 0.509375 0.540625 0.526563 0.551562 0.526563 0.551562 0.509375
6 0.684375 0.509375 0.684375 0.525 0.690625 0.525 0.692187 0.523438 0.692187 0.521875 0.69375 0.520312 0.69375 0.509375
6 0.365625 0.509375 0.365625 0.526563 0.376563 0.526563 0.376563 0.509375
5 0.384375 0.615625 0.384375 0.657812 0.392188 0.657812 0.392188 0.651563 0.39375 0.65 0.39375 0.629687 0.395312 0.628125 0.395312 0.615625
6 0.615625 0.509375 0.615625 0.525 0.620313 0.525 0.623438 0.521875 0.623438 0.509375
6 0.590625 0.509375 0.590625 0.521875 0.601562 0.521875 0.601562 0.509375
6 0.303125 0.509375 0.303125 0.526563 0.310937 0.526563 0.310937 0.509375
6
6 0.334375 0.509375 0.334375 0.526563 0.345313 0.526563 0.345313 0.509375
6 0.403125 0.509375 0.403125 0.526563 0.414062 0.526563 0.414062 0.509375
6 0.584375 0.321875 0.584375 0.339063 0.59375 0.339063 0.59375 0.321875
6 0.528125 0.509375 0.528125 0.526563 0.5375 0.526563 0.5375 0.509375
6 0.303125 0.115625 0.303125 0.132812 0.314063 0.132812 0.314063 0.115625
6 0.471875 0.321875 0.471875 0.339063 0.48125 0.339063 0.48125 0.321875
5 0.384375 0.615625 0.384375 0.657812 0.392188 0.657812 0.392188 0.645312 0.39375 0.64375 0.39375 0.615625
6 0.678125 0.115625 0.678125 0.129688 0.689062 0.129688 0.689062 0.115625
6 0.703125 0.509375 0.703125 0.525 0.707812 0.525 0.710938 0.521875 0.710938 0.509375
6
6 0.571875 0.115625 0.571875 0.132812 0.582812 0.132812 0.582812 0.115625
6 0.603125 0.321875 0.603125 0.339063 0.6125 0.339063 0.6125 0.321875
6 0.321875 0.321875 0.321875 0.332812 0.332812 0.332812 0.332812 0.321875
6 0.571875 0.321875 0.571875 0.339063 0.582812 0.339063 0.582812 0.321875
6 0.390625 0.509375 0.390625 0.526563 0.398438 0.526563 0.398438 0.509375
6
6 0.590625 0.115625 0.590625 0.139062 0.595312 0.139062 0.595312 0.134375 0.598437 0.13125 0.598437 0.129688 0.6 0.128125 0.6 0.115625
6 0.559375 0.509375 0.559375 0.526563 0.570312 0.526563 0.570312 0.509375
6 0.459375 0.509375 0.459375 0.526563 0.46875 0.526563 0.46875 0.509375
6 0.315625 0.509375 0.315625 0.526563 0.326562 0.526563 0.326562 0.509375
6 0.521875 0.321875 0.521875 0.339063 0.532812 0.339063 0.532812 0.321875
6 0.615625 0.115625 0.615625 0.13125 0.626562 0.13125 0.626562 0.115625
5 0.409375 0.609375 0.409375 0.65 0.417188 0.65 0.41875 0.648438 0.420312 0.648438 0.421875 0.646875 0.432813 0.646875 0.432813 0.609375
6 0.359375 0.321875 0.359375 0.339063 0.367188 0.339063 0.367188 0.321875
6
6 0.509375 0.509375 0.509375 0.526563 0.51875 0.526563 0.51875 0.509375
6 0.240625 0.109375 0.240625 0.126563 0.245312 0.126563 0.25 0.121875 0.25 0.109375
6 0.371875 0.509375 0.371875 0.526563 0.382812 0.526563 0.382812 0.509375
5 0.453125 0.440625 0.453125 0.464063 0.460938 0.464063 0.460938 0.440625
6
6 0.571875 0.115625 0.571875 0.139062 0.576563 0.139062 0.576563 0.134375 0.58125 0.129688 0.58125 0.115625
6 0.246875 0.315625 0.246875 0.33125 0.253125 0.33125 0.25625 0.328125 0.25625 0.323438 0.257812 0.321875 0.257812 0.315625
6
6 0.540625 0.321875 0.540625 0.339063 0.548437 0.339063 0.548437 0.334375 0.55 0.332812 0.55 0.321875
6 0.440625 0.321875 0.440625 0.339063 0.45 0.339063 0.45 0.329688 0.451562 0.328125 0.451562 0.321875
6 0.490625 0.509375 0.490625 0.526563 0.501562 0.526563 0.501562 0.509375
5 0.365625 0.615625 0.365625 0.657812 0.376563 0.657812 0.376563 0.615625
11 0.646875 0.609375 0.646875 0.651563 0.675 0.651563 0.675 0.645312 0.678125 0.642187 0.682813 0.642187 0.682813 0.617188 0.678125 0.617188 0.676562 0.615625 0.676562 0.609375
6 0.596875 0.509375 0.596875 0.526563 0.60625 0.526563 0.60625 0.509375
6 0.703125 0.321875 0.703125 0.339063 0.7125 0.339063 0.7125 0.329688 0.714063 0.328125 0.714063 0.321875
6 0.653125 0.509375 0.653125 0.523438 0.659375 0.523438 0.659375 0.521875 0.660937 0.520312 0.660937 0.509375
5 0.371875 0.615625 0.371875 0.657812 0.382812 0.657812 0.382812 0.646875 0.384375 0.645312 0.389062 0.645312 0.384375 0.645312 0.382812 0.64375 0.382812 0.615625
6
6 0.371875 0.115625 0.371875 0.132812 0.382812 0.132812 0.382812 0.115625
6 0.565625 0.509375 0.565625 0.526563 0.575 0.526563 0.575 0.509375
5 0.471875 0.440625 0.471875 0.460938 0.489062 0.460938 0.489062 0.440625
5 0.353125 0.615625 0.353125 0.657812 0.359375 0.657812 0.359375 0.646875 0.360938 0.645312 0.359375 0.64375 0.359375 0.639063 0.360938 0.6375 0.360938 0.615625
6 0.421875 0.321875 0.421875 0.339063 0.429688 0.339063 0.429688 0.329688 0.43125 0.328125 0.43125 0.321875
6 0.496875 0.115625 0.496875 0.13125 0.503125 0.13125 0.50625 0.128125 0.50625 0.115625
6
6 0.421875 0.115625 0.421875 0.132812 0.432813 0.132812 0.432813 0.115625
6 0.359375 0.115625 0.359375 0.132812 0.36875 0.132812 0.36875 0.115625
6 0.490625 0.321875 0.490625 0.339063 0.5 0.339063 0.5 0.332812 0.501562 0.33125 0.501562 0.321875
6 0.453125 0.509375 0.453125 0.526563 0.464063 0.526563 0.464063 0.509375
5 0.465625 0.440625 0.465625 0.464063 0.476562 0.464063 0.476562 0.440625
5 0.278125 0.434375 0.278125 0.464063 0.2875 0.464063 0.2875 0.434375
5 0.290625 0.434375 0.290625 0.464063 0.296875 0.464063 0.296875 0.457812 0.298438 0.45625 0.298438 0.434375
6 0.240625 0.315625 0.240625 0.326562 0.251563 0.326562 0.251563 0.315625
6 0.228125 0.315625 0.228125 0.329688 0.239063 0.329688 0.239063 0.315625
2 0.240625 0.609375 0.240625 0.651563 0.289062 0.651563 0.289062 0.626562 0.284375 0.626562 0.282813 0.625 0.282813 0.609375
6 0.265625 0.321875 0.265625 0.339063 0.270312 0.339063 0.270312 0.334375 0.273438 0.33125 0.273438 0.329688 0.275 0.328125 0.275 0.321875
5 0.271875 0.240625 0.271875 0.270312 0.28125 0.270312 0.28125 0.264062 0.282813 0.2625 0.282813 0.240625
6
5 0.284375 0.615625 0.284375 0.651563 0.301562 0.651563 0.301562 0.63125 0.296875 0.63125 0.295312 0.629687 0.295312 0.615625
6 0.378125 0.321875 0.378125 0.339063 0.3875 0.339063 0.3875 0.328125 0.389062 0.326562 0.389062 0.321875
6 0.340625 0.509375 0.340625 0.526563 0.35 0.526563 0.35 0.509375
6
6 0.621875 0.115625 0.621875 0.132812 0.632812 0.132812 0.632812 0.115625
5 0.421875 0.609375 0.421875 0.65 0.429688 0.65 0.43125 0.648438 0.445312 0.648438 0.445312 0.609375
5 0.340625 0.615625 0.340625 0.657812 0.351562 0.657812 0.351562 0.615625
6 0.696875 0.115625 0.696875 0.132812 0.701563 0.132812 0.704687 0.129688 0.704687 0.121875 0.70625 0.120312 0.70625 0.115625
6
6 0.653125 0.321875 0.653125 0.339063 0.664062 0.339063 0.664062 0.321875
5 0.415625 0.434375 0.415625 0.464063 0.425 0.464063 0.425 0.44375 0.426562 0.442187 0.426562 0.434375
6
5 0.371875 0.615625 0.371875 0.657812 0.382812 0.657812 0.382812 0.651563 0.384375 0.65 0.389062 0.65 0.389062 0.642187 0.384375 0.642187 0.382812 0.640625 0.382812 0.615625
6 0.253125 0.509375 0.253125 0.526563 0.264062 0.526563 0.264062 0.520312 0.2625 0.51875 0.2625 0.509375
6 0.515625 0.115625 0.515625 0.139062 0.521875 0.139062 0.521875 0.134375 0.523438 0.132812 0.523438 0.13125 0.526563 0.128125 0.526563 0.121875 0.525 0.120312 0.525 0.115625
6 0.315625 0.321875 0.315625 0.339063 0.326562 0.339063 0.326562 0.321875
5 0.459375 0.440625 0.459375 0.460938 0.465625 0.460938 0.467187 0.459375 0.476562 0.459375 0.476562 0.440625
5 0.346875 0.434375 0.346875 0.464063 0.35625 0.464063 0.35625 0.434375
5 0.284375 0.240625 0.284375 0.270312 0.29375 0.270312 0.29375 0.2625 0.295312 0.260938 0.295312 0.240625
5 0.328125 0.615625 0.328125 0.651563 0.339063 0.651563 0.339063 0.615625
5 0.428125 0.234375 0.428125 0.270312 0.439063 0.270312 0.439063 0.234375
5 0.303125 0.434375 0.303125 0.464063 0.310937 0.464063 0.310937 0.457812 0.309375 0.45625 0.309375 0.451562 0.310937 0.45 0.310937 0.434375
5 0.309375 0.615625 0.309375 0.651563 0.31875 0.651563 0.31875 0.645312 0.317187 0.64375 0.317187 0.635938 0.31875 0.634375 0.31875 0.632812 0.317187 0.63125 0.317187 0.615625
6
5 0.296875 0.615625 0.296875 0.657812 0.314063 0.657812 0.314063 0.646875 0.309375 0.646875 0.307813 0.645312 0.307813 0.642187 0.30625 0.640625 0.30625 0.615625
5 0.296875 0.240625 0.296875 0.270312 0.30625 0.270312 0.30625 0.257812 0.307813 0.25625 0.307813 0.240625
5 0.309375 0.240625 0.309375 0.270312 0.31875 0.270312 0.31875 0.259375 0.320312 0.257812 0.31875 0.25625 0.31875 0.25 0.320312 0.248437 0.320312 0.240625
5 0.334375 0.434375 0.334375 0.464063 0.34375 0.464063 0.34375 0.434375
5 0.440625 0.234375 0.440625 0.270312 0.451562 0.270312 0.451562 0.234375
5 0.309375 0.615625 0.309375 0.657812 0.31875 0.657812 0.31875 0.65 0.320312 0.648438 0.320312 0.642187 0.31875 0.640625 0.31875 0.615625
5 0.296875 0.615625 0.296875 0.651563 0.307813 0.651563 0.307813 0.64375 0.30625 0.642187 0.30625 0.615625
6 0.271875 0.115625 0.271875 0.132812 0.282813 0.132812 0.282813 0.115625
5 0.321875 0.434375 0.321875 0.464063 0.33125 0.464063 0.33125 0.451562 0.332812 0.45 0.332812 0.446875 0.334375 0.445312 0.339063 0.445312 0.339063 0.434375
5 0.403125 0.240625 0.403125 0.270312 0.4125 0.270312 0.4125 0.25 0.414062 0.248437 0.414062 0.240625
5 0.415625 0.234375 0.415625 0.270312 0.425 0.270312 0.425 0.234375
5 0.403125 0.434375 0.403125 0.464063 0.420312 0.464063 0.420312 0.434375
5 0.359375 0.240625 0.359375 0.270312 0.370313 0.270312 0.370313 0.240625
5 0.240625 0.615625 0.240625 0.651563 0.289062 0.651563 0.289062 0.615625
5 0.359375 0.434375 0.359375 0.464063 0.370313 0.464063 0.370313 0.434375
5 0.384375 0.434375 0.384375 0.464063 0.395312 0.464063 0.395312 0.434375
