3 0.386622 0.145302 0.0118636 0.0505655
3 0.362169 0.143461 0.0110711 0.0495859
3 0.41197 0.14608 0.0135839 0.0562337
3 0.435199 0.144988 0.0143721 0.0529831
3 0.326293 0.152004 0.0277992 0.0762845
4 0.697108 0.495484 0.0126929 0.0259083
4 0.709795 0.495471 0.0118308 0.0248817
4 0.734309 0.493559 0.0105026 0.0237404
4 0.747162 0.492146 0.0111152 0.0237005
3 0.529264 0.144757 0.0273308 0.0500088
4 0.722224 0.494205 0.0102962 0.0232552
4 0.681818 0.495384 0.0147612 0.0266306
3 0.462116 0.146445 0.0159064 0.0551714
5 0.528856 0.145692 0.0296036 0.0487047
3 0.581919 0.143967 0.0524995 0.0595662
3 0.489344 0.146443 0.0134088 0.0550409
3 0.656619 0.144997 0.042462 0.0591479
4 0.181425 0.335429 0.00757895 0.0293518
4 0.167025 0.337688 0.0106043 0.0240086
3 0.363525 0.137522 0.014108 0.0585682
3 0.606663 0.319003 0.0175476 0.0580296
3 0.507779 0.144737 0.0144012 0.0521163
3 0.687172 0.143205 0.0139261 0.0550981
5 0.325939 0.152027 0.0299942 0.0750812
3 0.712903 0.14307 0.0270945 0.0552598
4 0.195599 0.333664 0.00884657 0.0315922
4 0.530008 0.494126 0.0105865 0.0321243
4 0.518287 0.497042 0.00963306 0.0259792
3 0.385571 0.137973 0.0169229 0.0624271
3 0.409821 0.136814 0.0232477 0.0596953
3 0.386622 0.145302 0.0118636 0.0505655
3 0.362169 0.143461 0.0110711 0.0495859
3 0.41197 0.14608 0.0135839 0.0562337
3 0.435199 0.144988 0.0143721 0.0529831
3 0.326293 0.152004 0.0277992 0.0762845
4 0.697108 0.495484 0.0126929 0.0259083
4 0.709795 0.495471 0.0118308 0.0248817
4 0.734309 0.493559 0.0105026 0.0237404
4 0.747162 0.492146 0.0111152 0.0237005
3 0.529264 0.144757 0.0273308 0.0500088
4 0.722224 0.494205 0.0102962 0.0232552
4 0.681818 0.495384 0.0147612 0.0266306
3 0.462116 0.146445 0.0159064 0.0551714
5 0.528856 0.145692 0.0296036 0.0487047
3 0.581919 0.143967 0.0524995 0.0595662
3 0.489344 0.146443 0.0134088 0.0550409
3 0.656619 0.144997 0.042462 0.0591479
4 0.181425 0.335429 0.00757895 0.0293518
4 0.167025 0.337688 0.0106043 0.0240086
3 0.363525 0.137522 0.014108 0.0585682
3 0.606663 0.319003 0.0175476 0.0580296
3 0.507779 0.144737 0.0144012 0.0521163
3 0.687172 0.143205 0.0139261 0.0550981
5 0.325939 0.152027 0.0299942 0.0750812
3 0.712903 0.14307 0.0270945 0.0552598
4 0.195599 0.333664 0.00884657 0.0315922
4 0.530008 0.494126 0.0105865 0.0321243
4 0.518287 0.497042 0.00963306 0.0259792
3 0.385571 0.137973 0.0169229 0.0624271
3 0.409821 0.136814 0.0232477 0.0596953
