5 0.312151 0.58911 0.0268896 0.0941835
5 0.284264 0.591472 0.0237377 0.0985512
3 0.49141 0.588574 0.023016 0.092494
5 0.351819 0.588503 0.0242998 0.0918018
3 0.468378 0.588656 0.022845 0.0924603
3 0.61204 0.984109 0.0127569 0.0282223
3 0.586727 0.984232 0.0119329 0.028846
5 0.217701 0.593644 0.0206971 0.101192
3 0.636335 0.984895 0.0123825 0.028208
5 0.241346 0.600072 0.0222456 0.116479
3 0.444699 0.587363 0.0272318 0.0922154
5 0.447045 0.59036 0.0263203 0.0971907
3 0.536385 0.983991 0.0124717 0.0289558
3 0.561451 0.984493 0.012501 0.0281075
5 0.399115 0.58807 0.0268455 0.0936143
5 0.307837 0.590644 0.021557 0.0950327
5 0.0728235 0.596046 0.0828562 0.0968731
5 0.422879 0.590484 0.0232075 0.0979462
3 0.511076 0.983861 0.0125769 0.0295872
3 0.515271 0.588754 0.0228467 0.0929875
3 0.550617 0.591738 0.0460499 0.103017
5 0.330558 0.588771 0.0214205 0.0882778
5 0.193729 0.59409 0.0191698 0.0998119
3 0.661648 0.984973 0.0117751 0.0278072
5 0.263078 0.59455 0.0181746 0.0980314
5 0.546444 0.593365 0.0368399 0.102798
5 0.356179 0.791579 0.0238639 0.0699841
5 0.345001 0.790849 0.0216089 0.0687801
3 0.486321 0.98366 0.012388 0.0292236
5 0.239294 0.588801 0.0236493 0.0935944
5 0.319411 0.596947 0.0324077 0.102639
3 0.686953 0.985134 0.0127181 0.0280754
3 0.460681 0.98396 0.0147483 0.029166
5 0.376449 0.595006 0.0235397 0.101182
3 0.311774 0.981761 0.0142589 0.0330391
3 0.605009 0.354881 0.0279583 0.052576
3 0.331274 0.582594 0.0195436 0.0808385
3 0.354296 0.582342 0.023692 0.0813917
3 0.435989 0.98313 0.013884 0.0302818
3 0.417653 0.586146 0.0292259 0.0895821
3 0.33645 0.982264 0.0136999 0.0324223
3 0.912031 0.812828 0.022644 0.125051
3 0.286739 0.9806 0.0151558 0.0352417
5 0.491852 0.587382 0.0243099 0.089327
3 0.308873 0.584798 0.0196604 0.0852723
3 0.670593 0.341592 0.0102469 0.0343043
3 0.411905 0.98284 0.0136932 0.0318394
3 0.137295 0.586479 0.0321976 0.0900495
5 0.170205 0.600708 0.0218169 0.0867607
5 0.352838 0.605872 0.0228589 0.0815769
3 0.658435 0.336462 0.0102702 0.022741
3 0.394758 0.583391 0.0328838 0.0850273
3 0.261042 0.980817 0.0157253 0.0360456
3 0.0752332 0.592226 0.0873149 0.104016
5 0.365 0.794571 0.0208866 0.0720481
5 0.321006 0.793016 0.0217844 0.0749371
3 0.570619 0.348616 0.0363926 0.0524261
3 0.361857 0.981977 0.0125877 0.0319536
3 0.644769 0.333131 0.0125081 0.015996
3 0.736234 0.984933 0.00992203 0.0274885
3 0.279217 0.354352 0.0299619 0.0484225
5 0.323687 0.600663 0.019016 0.0857397
5 0.468951 0.590698 0.0214174 0.0944251
3 0.659127 0.340381 0.0161392 0.0349776
3 0.645663 0.345782 0.039223 0.0494794
5 0.312151 0.58911 0.0268896 0.0941835
5 0.284264 0.591472 0.0237377 0.0985512
3 0.49141 0.588574 0.023016 0.092494
5 0.351819 0.588503 0.0242998 0.0918018
3 0.468378 0.588656 0.022845 0.0924603
3 0.61204 0.984109 0.0127569 0.0282223
3 0.586727 0.984232 0.0119329 0.028846
5 0.217701 0.593644 0.0206971 0.101192
3 0.636335 0.984895 0.0123825 0.028208
5 0.241346 0.600072 0.0222456 0.116479
3 0.444699 0.587363 0.0272318 0.0922154
5 0.447045 0.59036 0.0263203 0.0971907
3 0.536385 0.983991 0.0124717 0.0289558
3 0.561451 0.984493 0.012501 0.0281075
5 0.399115 0.58807 0.0268455 0.0936143
5 0.307837 0.590644 0.021557 0.0950327
5 0.0728235 0.596046 0.0828562 0.0968731
5 0.422879 0.590484 0.0232075 0.0979462
3 0.511076 0.983861 0.0125769 0.0295872
3 0.515271 0.588754 0.0228467 0.0929875
3 0.550617 0.591738 0.0460499 0.103017
5 0.330558 0.588771 0.0214205 0.0882778
5 0.193729 0.59409 0.0191698 0.0998119
3 0.661648 0.984973 0.0117751 0.0278072
5 0.263078 0.59455 0.0181746 0.0980314
5 0.546444 0.593365 0.0368399 0.102798
5 0.356179 0.791579 0.0238639 0.0699841
5 0.345001 0.790849 0.0216089 0.0687801
3 0.486321 0.98366 0.012388 0.0292236
5 0.239294 0.588801 0.0236493 0.0935944
5 0.319411 0.596947 0.0324077 0.102639
3 0.686953 0.985134 0.0127181 0.0280754
3 0.460681 0.98396 0.0147483 0.029166
5 0.376449 0.595006 0.0235397 0.101182
3 0.311774 0.981761 0.0142589 0.0330391
3 0.605009 0.354881 0.0279583 0.052576
3 0.331274 0.582594 0.0195436 0.0808385
3 0.354296 0.582342 0.023692 0.0813917
3 0.435989 0.98313 0.013884 0.0302818
3 0.417653 0.586146 0.0292259 0.0895821
3 0.33645 0.982264 0.0136999 0.0324223
3 0.912031 0.812828 0.022644 0.125051
3 0.286739 0.9806 0.0151558 0.0352417
5 0.491852 0.587382 0.0243099 0.089327
3 0.308873 0.584798 0.0196604 0.0852723
3 0.670593 0.341592 0.0102469 0.0343043
3 0.411905 0.98284 0.0136932 0.0318394
3 0.137295 0.586479 0.0321976 0.0900495
5 0.170205 0.600708 0.0218169 0.0867607
5 0.352838 0.605872 0.0228589 0.0815769
3 0.658435 0.336462 0.0102702 0.022741
3 0.394758 0.583391 0.0328838 0.0850273
3 0.261042 0.980817 0.0157253 0.0360456
3 0.0752332 0.592226 0.0873149 0.104016
5 0.365 0.794571 0.0208866 0.0720481
5 0.321006 0.793016 0.0217844 0.0749371
3 0.570619 0.348616 0.0363926 0.0524261
3 0.361857 0.981977 0.0125877 0.0319536
3 0.644769 0.333131 0.0125081 0.015996
3 0.736234 0.984933 0.00992203 0.0274885
3 0.279217 0.354352 0.0299619 0.0484225
5 0.323687 0.600663 0.019016 0.0857397
5 0.468951 0.590698 0.0214174 0.0944251
3 0.659127 0.340381 0.0161392 0.0349776
3 0.645663 0.345782 0.039223 0.0494794
