5 0.604493 0.694466 0.0423221 0.0427893
5 0.559972 0.694532 0.0412746 0.0438768
5 0.514636 0.694303 0.0405722 0.0436783
5 0.471062 0.694022 0.0407037 0.0433256
4 0.332249 0.121177 0.00994739 0.0190528
5 0.381213 0.695549 0.0406851 0.0444988
4 0.694539 0.52022 0.00827198 0.0156305
5 0.425221 0.693104 0.042697 0.0438909
4 0.418612 0.123005 0.00859127 0.0201844
4 0.319724 0.12131 0.00975537 0.0187789
4 0.381884 0.12312 0.0101958 0.0194072
4 0.281343 0.121205 0.00907459 0.0176705
5 0.649273 0.695029 0.038424 0.0425775
4 0.656163 0.123965 0.0120983 0.0214649
4 0.6081 0.125991 0.00736904 0.0175037
4 0.293584 0.121949 0.0101337 0.0168986
4 0.681245 0.520019 0.00846233 0.0154027
4 0.567787 0.124662 0.00737782 0.0188122
4 0.406872 0.123177 0.0102624 0.0193542
4 0.431194 0.122817 0.00981693 0.0204679
4 0.30665 0.122057 0.0100473 0.0170291
5 0.691619 0.694945 0.0423513 0.0441608
4 0.343246 0.119998 0.0101765 0.0210656
4 0.394192 0.122934 0.0112451 0.0198551
4 0.596352 0.126436 0.00925541 0.0165138
4 0.418676 0.517892 0.00861654 0.0147738
4 0.670958 0.124176 0.0083684 0.0199279
4 0.705428 0.519599 0.00835667 0.0164554
4 0.644013 0.519725 0.0088192 0.0159718
4 0.669399 0.123762 0.00788116 0.0194328
4 0.656697 0.519863 0.00868854 0.0147829
4 0.579902 0.125433 0.00767269 0.0172771
4 0.481406 0.124584 0.0093853 0.0188228
4 0.617545 0.125556 0.00765457 0.018061
4 0.669341 0.519623 0.00895119 0.0151529
4 0.543459 0.518927 0.00848751 0.0147229
4 0.631508 0.519872 0.00869627 0.0145535
4 0.681335 0.124008 0.00966511 0.0202541
4 0.431297 0.517638 0.00843096 0.0151799
4 0.569403 0.124614 0.00817795 0.0202769
4 0.492962 0.124599 0.00824242 0.0179301
4 0.505533 0.124722 0.00797977 0.0181791
4 0.556273 0.519355 0.00793972 0.0146902
4 0.4948 0.124692 0.00974636 0.0189277
4 0.356101 0.518048 0.00831604 0.0126526
4 0.606706 0.519204 0.00844364 0.015331
4 0.430355 0.328161 0.00697098 0.0140981
4 0.506475 0.329482 0.00983563 0.0139288
4 0.620317 0.519552 0.00828991 0.014646
4 0.593343 0.518695 0.0082304 0.0164308
4 0.530865 0.518861 0.00847263 0.0138831
4 0.717605 0.328118 0.00743723 0.0136125
4 0.47966 0.124228 0.00835419 0.0185166
4 0.305104 0.326857 0.00687141 0.0144074
4 0.492876 0.329909 0.00813818 0.0136781
4 0.292985 0.326779 0.00722933 0.015099
4 0.493854 0.518722 0.00812893 0.0130156
4 0.355215 0.112445 0.0128393 0.0448169
4 0.518724 0.124718 0.00940666 0.0187581
4 0.705505 0.32872 0.0075243 0.0138487
4 0.370261 0.121423 0.00991316 0.0186167
4 0.507167 0.124827 0.0088768 0.0190761
4 0.569813 0.518957 0.00745544 0.0156253
4 0.581893 0.519077 0.00828323 0.0152353
4 0.506826 0.518878 0.00808058 0.0126856
4 0.480127 0.329531 0.0081461 0.0142436
4 0.519446 0.518219 0.00789804 0.0139503
4 0.481206 0.518401 0.00777493 0.0139525
4 0.417275 0.32813 0.0070694 0.014525
4 0.407705 0.517077 0.00743141 0.0147245
4 0.44373 0.517591 0.00876245 0.0144421
4 0.368446 0.517775 0.00698948 0.0124521
4 0.520776 0.330445 0.00889683 0.012499
4 0.470763 0.124192 0.00943031 0.0198976
4 0.417288 0.122279 0.007864 0.021538
4 0.468583 0.518 0.00810614 0.0142349
4 0.4564 0.517403 0.00757942 0.0142098
4 0.681974 0.329744 0.00771942 0.0149578
4 0.28232 0.327394 0.00798912 0.0126983
4 0.556758 0.122985 0.011515 0.0241276
4 0.242154 0.322785 0.0213017 0.0231695
4 0.406655 0.328197 0.0073101 0.0146999
4 0.581009 0.125037 0.00898628 0.0193016
4 0.669458 0.329556 0.00899019 0.0145531
4 0.270551 0.119111 0.00989943 0.0198925
4 0.317932 0.326725 0.00767307 0.0143945
4 0.608888 0.12567 0.00957966 0.0207366
4 0.619619 0.330251 0.0100912 0.0133952
4 0.542954 0.32981 0.0104544 0.013279
4 0.395491 0.328032 0.00817184 0.0139141
4 0.692777 0.329245 0.00800476 0.0143141
4 0.366895 0.327385 0.00776577 0.0139929
4 0.556622 0.329849 0.00901651 0.0135141
4 0.294214 0.516993 0.00783772 0.013191
4 0.381206 0.327226 0.00792112 0.0148206
4 0.639982 0.121247 0.0124622 0.0384433
4 0.655003 0.328912 0.00854807 0.0144387
4 0.605405 0.329954 0.00893898 0.0136005
4 0.343697 0.518116 0.00952344 0.0126423
4 0.632283 0.33042 0.00845184 0.0135818
4 0.630124 0.120751 0.00807858 0.0365566
4 0.530649 0.330022 0.00834036 0.0128901
4 0.642728 0.329713 0.00773125 0.0140644
4 0.570417 0.330259 0.00904179 0.0127986
4 0.680093 0.124059 0.00753689 0.0184696
4 0.355559 0.32745 0.0074728 0.0140123
4 0.631442 0.118479 0.00830727 0.0399546
4 0.259568 0.115211 0.0120555 0.0263387
4 0.305661 0.516944 0.00800438 0.0136147
4 0.319136 0.51671 0.00809116 0.0139889
4 0.693467 0.122314 0.0118607 0.0244506
4 0.544814 0.124564 0.0136671 0.0481175
4 0.331181 0.517696 0.00795188 0.0127755
4 0.47018 0.328587 0.00744705 0.0150331
4 0.592153 0.329043 0.00707235 0.01361
4 0.2565 0.516037 0.00948071 0.0166719
4 0.58123 0.330056 0.00859118 0.0123917
4 0.272465 0.511851 0.0115342 0.0411507
4 0.447716 0.120858 0.0120435 0.041652
4 0.269357 0.327924 0.0123459 0.0485338
4 0.443508 0.328317 0.0081707 0.013755
4 0.454086 0.123998 0.01098 0.0418482
4 0.532983 0.122693 0.009478 0.02276
4 0.254534 0.325209 0.0103528 0.0258991
4 0.244521 0.515717 0.012178 0.0178075
4 0.282583 0.517526 0.0087925 0.013093
4 0.281126 0.325236 0.011558 0.0197489
4 0.330569 0.120832 0.00871677 0.0230463
4 0.459241 0.317089 0.0134665 0.0462821
4 0.244583 0.11997 0.0102076 0.0179595
3 0.430032 0.634798 0.0432355 0.0605854
3 0.462334 0.249484 0.01029 0.0312366
4 0.22964 0.119103 0.0127378 0.0184258
5 0.291952 0.691505 0.0449079 0.0407103
4 0.342995 0.330568 0.0112696 0.01197
4 0.391635 0.511451 0.0110761 0.0496971
4 0.295032 0.325875 0.00761194 0.0188413
3 0.46372 0.453473 0.0420197 0.0238757
4 0.692034 0.120107 0.0104883 0.027441
5 0.263534 0.634096 0.0446985 0.0464539
4 0.381036 0.518196 0.00635033 0.0155174
4 0.718088 0.324807 0.0112866 0.0246166
4 0.729503 0.323722 0.00882015 0.0237489
3 0.456237 0.453392 0.0565674 0.0270632
3 0.436572 0.448904 0.0756551 0.0393664
3 0.439251 0.249288 0.0147008 0.032147
3 0.493499 0.249436 0.0277264 0.0315115
4 0.334199 0.326655 0.00974937 0.0264023
3 0.385633 0.256358 0.0102004 0.0157708
3 0.410867 0.122261 0.00840626 0.0230659
4 0.343853 0.117865 0.00985403 0.0308382
3 0.361201 0.256738 0.0102507 0.0157905
3 0.362345 0.447134 0.0102093 0.0285849
3 0.312122 0.256122 0.0103666 0.0162172
4 0.370847 0.120994 0.0115459 0.023759
3 0.336697 0.256517 0.00986371 0.0188488
3 0.414418 0.452389 0.0174532 0.030406
4 0.717429 0.521055 0.00919876 0.0192471
3 0.33685 0.121198 0.00939431 0.023565
3 0.386975 0.448318 0.00969758 0.0326183
4 0.451444 0.124415 0.0150496 0.049335
5 0.670307 0.694647 0.0137833 0.0417847
3 0.379622 0.624851 0.0348601 0.0392929
3 0.411686 0.255206 0.0104109 0.0179781
3 0.58665 0.122993 0.00743275 0.025607
4 0.256455 0.323604 0.00959969 0.0252998
5 0.559634 0.717115 0.0424137 0.0835828
3 0.385616 0.122197 0.00911055 0.023502
3 0.47399 0.252145 0.0341804 0.0264055
3 0.436903 0.253929 0.00971899 0.021447
4 0.319286 0.325502 0.00974407 0.0194549
3 0.336865 0.452327 0.0113226 0.0392029
4 0.308008 0.325827 0.00748935 0.018584
3 0.448063 0.447118 0.0746891 0.0383654
3 0.310546 0.121397 0.00881739 0.0219619
4 0.396371 0.326661 0.00960779 0.019573
3 0.461282 0.446342 0.047723 0.035857
3 0.636857 0.123898 0.0102025 0.0399761
3 0.386524 0.453105 0.0102627 0.0280089
5 0.648579 0.713805 0.0403297 0.0753167
3 0.264603 0.633303 0.0408659 0.0547746
3 0.41169 0.248434 0.0109355 0.0317985
3 0.436646 0.122401 0.00716343 0.0266972
3 0.611122 0.123608 0.00808239 0.0280761
4 0.383023 0.326337 0.00894871 0.0192322
3 0.285213 0.44823 0.0161134 0.0265253
3 0.368381 0.627798 0.0120923 0.0384298
3 0.541387 0.827256 0.0414775 0.046471
3 0.486064 0.12306 0.00834913 0.0242889
5 0.604295 0.716938 0.0423854 0.0834383
3 0.370428 0.629496 0.0115508 0.0449341
5 0.604493 0.694466 0.0423221 0.0427893
5 0.559972 0.694532 0.0412746 0.0438768
5 0.514636 0.694303 0.0405722 0.0436783
5 0.471062 0.694022 0.0407037 0.0433256
4 0.332249 0.121177 0.00994739 0.0190528
5 0.381213 0.695549 0.0406851 0.0444988
4 0.694539 0.52022 0.00827198 0.0156305
5 0.425221 0.693104 0.042697 0.0438909
4 0.418612 0.123005 0.00859127 0.0201844
4 0.319724 0.12131 0.00975537 0.0187789
4 0.381884 0.12312 0.0101958 0.0194072
4 0.281343 0.121205 0.00907459 0.0176705
5 0.649273 0.695029 0.038424 0.0425775
4 0.656163 0.123965 0.0120983 0.0214649
4 0.6081 0.125991 0.00736904 0.0175037
4 0.293584 0.121949 0.0101337 0.0168986
4 0.681245 0.520019 0.00846233 0.0154027
4 0.567787 0.124662 0.00737782 0.0188122
4 0.406872 0.123177 0.0102624 0.0193542
4 0.431194 0.122817 0.00981693 0.0204679
4 0.30665 0.122057 0.0100473 0.0170291
5 0.691619 0.694945 0.0423513 0.0441608
4 0.343246 0.119998 0.0101765 0.0210656
4 0.394192 0.122934 0.0112451 0.0198551
4 0.596352 0.126436 0.00925541 0.0165138
4 0.418676 0.517892 0.00861654 0.0147738
4 0.670958 0.124176 0.0083684 0.0199279
4 0.705428 0.519599 0.00835667 0.0164554
4 0.644013 0.519725 0.0088192 0.0159718
4 0.669399 0.123762 0.00788116 0.0194328
4 0.656697 0.519863 0.00868854 0.0147829
4 0.579902 0.125433 0.00767269 0.0172771
4 0.481406 0.124584 0.0093853 0.0188228
4 0.617545 0.125556 0.00765457 0.018061
4 0.669341 0.519623 0.00895119 0.0151529
4 0.543459 0.518927 0.00848751 0.0147229
4 0.631508 0.519872 0.00869627 0.0145535
4 0.681335 0.124008 0.00966511 0.0202541
4 0.431297 0.517638 0.00843096 0.0151799
4 0.569403 0.124614 0.00817795 0.0202769
4 0.492962 0.124599 0.00824242 0.0179301
4 0.505533 0.124722 0.00797977 0.0181791
4 0.556273 0.519355 0.00793972 0.0146902
4 0.4948 0.124692 0.00974636 0.0189277
4 0.356101 0.518048 0.00831604 0.0126526
4 0.606706 0.519204 0.00844364 0.015331
4 0.430355 0.328161 0.00697098 0.0140981
4 0.506475 0.329482 0.00983563 0.0139288
4 0.620317 0.519552 0.00828991 0.014646
4 0.593343 0.518695 0.0082304 0.0164308
4 0.530865 0.518861 0.00847263 0.0138831
4 0.717605 0.328118 0.00743723 0.0136125
4 0.47966 0.124228 0.00835419 0.0185166
4 0.305104 0.326857 0.00687141 0.0144074
4 0.492876 0.329909 0.00813818 0.0136781
4 0.292985 0.326779 0.00722933 0.015099
4 0.493854 0.518722 0.00812893 0.0130156
4 0.355215 0.112445 0.0128393 0.0448169
4 0.518724 0.124718 0.00940666 0.0187581
4 0.705505 0.32872 0.0075243 0.0138487
4 0.370261 0.121423 0.00991316 0.0186167
4 0.507167 0.124827 0.0088768 0.0190761
4 0.569813 0.518957 0.00745544 0.0156253
4 0.581893 0.519077 0.00828323 0.0152353
4 0.506826 0.518878 0.00808058 0.0126856
4 0.480127 0.329531 0.0081461 0.0142436
4 0.519446 0.518219 0.00789804 0.0139503
4 0.481206 0.518401 0.00777493 0.0139525
4 0.417275 0.32813 0.0070694 0.014525
4 0.407705 0.517077 0.00743141 0.0147245
4 0.44373 0.517591 0.00876245 0.0144421
4 0.368446 0.517775 0.00698948 0.0124521
4 0.520776 0.330445 0.00889683 0.012499
4 0.470763 0.124192 0.00943031 0.0198976
4 0.417288 0.122279 0.007864 0.021538
4 0.468583 0.518 0.00810614 0.0142349
4 0.4564 0.517403 0.00757942 0.0142098
4 0.681974 0.329744 0.00771942 0.0149578
4 0.28232 0.327394 0.00798912 0.0126983
4 0.556758 0.122985 0.011515 0.0241276
4 0.242154 0.322785 0.0213017 0.0231695
4 0.406655 0.328197 0.0073101 0.0146999
4 0.581009 0.125037 0.00898628 0.0193016
4 0.669458 0.329556 0.00899019 0.0145531
4 0.270551 0.119111 0.00989943 0.0198925
4 0.317932 0.326725 0.00767307 0.0143945
4 0.608888 0.12567 0.00957966 0.0207366
4 0.619619 0.330251 0.0100912 0.0133952
4 0.542954 0.32981 0.0104544 0.013279
4 0.395491 0.328032 0.00817184 0.0139141
4 0.692777 0.329245 0.00800476 0.0143141
4 0.366895 0.327385 0.00776577 0.0139929
4 0.556622 0.329849 0.00901651 0.0135141
4 0.294214 0.516993 0.00783772 0.013191
4 0.381206 0.327226 0.00792112 0.0148206
4 0.639982 0.121247 0.0124622 0.0384433
4 0.655003 0.328912 0.00854807 0.0144387
4 0.605405 0.329954 0.00893898 0.0136005
4 0.343697 0.518116 0.00952344 0.0126423
4 0.632283 0.33042 0.00845184 0.0135818
4 0.630124 0.120751 0.00807858 0.0365566
4 0.530649 0.330022 0.00834036 0.0128901
4 0.642728 0.329713 0.00773125 0.0140644
4 0.570417 0.330259 0.00904179 0.0127986
4 0.680093 0.124059 0.00753689 0.0184696
4 0.355559 0.32745 0.0074728 0.0140123
4 0.631442 0.118479 0.00830727 0.0399546
4 0.259568 0.115211 0.0120555 0.0263387
4 0.305661 0.516944 0.00800438 0.0136147
4 0.319136 0.51671 0.00809116 0.0139889
4 0.693467 0.122314 0.0118607 0.0244506
4 0.544814 0.124564 0.0136671 0.0481175
4 0.331181 0.517696 0.00795188 0.0127755
4 0.47018 0.328587 0.00744705 0.0150331
4 0.592153 0.329043 0.00707235 0.01361
4 0.2565 0.516037 0.00948071 0.0166719
4 0.58123 0.330056 0.00859118 0.0123917
4 0.272465 0.511851 0.0115342 0.0411507
4 0.447716 0.120858 0.0120435 0.041652
4 0.269357 0.327924 0.0123459 0.0485338
4 0.443508 0.328317 0.0081707 0.013755
4 0.454086 0.123998 0.01098 0.0418482
4 0.532983 0.122693 0.009478 0.02276
4 0.254534 0.325209 0.0103528 0.0258991
4 0.244521 0.515717 0.012178 0.0178075
4 0.282583 0.517526 0.0087925 0.013093
4 0.281126 0.325236 0.011558 0.0197489
4 0.330569 0.120832 0.00871677 0.0230463
4 0.459241 0.317089 0.0134665 0.0462821
4 0.244583 0.11997 0.0102076 0.0179595
3 0.430032 0.634798 0.0432355 0.0605854
3 0.462334 0.249484 0.01029 0.0312366
4 0.22964 0.119103 0.0127378 0.0184258
5 0.291952 0.691505 0.0449079 0.0407103
4 0.342995 0.330568 0.0112696 0.01197
4 0.391635 0.511451 0.0110761 0.0496971
4 0.295032 0.325875 0.00761194 0.0188413
3 0.46372 0.453473 0.0420197 0.0238757
4 0.692034 0.120107 0.0104883 0.027441
5 0.263534 0.634096 0.0446985 0.0464539
4 0.381036 0.518196 0.00635033 0.0155174
4 0.718088 0.324807 0.0112866 0.0246166
4 0.729503 0.323722 0.00882015 0.0237489
3 0.456237 0.453392 0.0565674 0.0270632
3 0.436572 0.448904 0.0756551 0.0393664
3 0.439251 0.249288 0.0147008 0.032147
3 0.493499 0.249436 0.0277264 0.0315115
4 0.334199 0.326655 0.00974937 0.0264023
3 0.385633 0.256358 0.0102004 0.0157708
3 0.410867 0.122261 0.00840626 0.0230659
4 0.343853 0.117865 0.00985403 0.0308382
3 0.361201 0.256738 0.0102507 0.0157905
3 0.362345 0.447134 0.0102093 0.0285849
3 0.312122 0.256122 0.0103666 0.0162172
4 0.370847 0.120994 0.0115459 0.023759
3 0.336697 0.256517 0.00986371 0.0188488
3 0.414418 0.452389 0.0174532 0.030406
4 0.717429 0.521055 0.00919876 0.0192471
3 0.33685 0.121198 0.00939431 0.023565
3 0.386975 0.448318 0.00969758 0.0326183
4 0.451444 0.124415 0.0150496 0.049335
5 0.670307 0.694647 0.0137833 0.0417847
3 0.379622 0.624851 0.0348601 0.0392929
3 0.411686 0.255206 0.0104109 0.0179781
3 0.58665 0.122993 0.00743275 0.025607
4 0.256455 0.323604 0.00959969 0.0252998
5 0.559634 0.717115 0.0424137 0.0835828
3 0.385616 0.122197 0.00911055 0.023502
3 0.47399 0.252145 0.0341804 0.0264055
3 0.436903 0.253929 0.00971899 0.021447
4 0.319286 0.325502 0.00974407 0.0194549
3 0.336865 0.452327 0.0113226 0.0392029
4 0.308008 0.325827 0.00748935 0.018584
3 0.448063 0.447118 0.0746891 0.0383654
3 0.310546 0.121397 0.00881739 0.0219619
4 0.396371 0.326661 0.00960779 0.019573
3 0.461282 0.446342 0.047723 0.035857
3 0.636857 0.123898 0.0102025 0.0399761
3 0.386524 0.453105 0.0102627 0.0280089
5 0.648579 0.713805 0.0403297 0.0753167
3 0.264603 0.633303 0.0408659 0.0547746
3 0.41169 0.248434 0.0109355 0.0317985
3 0.436646 0.122401 0.00716343 0.0266972
3 0.611122 0.123608 0.00808239 0.0280761
4 0.383023 0.326337 0.00894871 0.0192322
3 0.285213 0.44823 0.0161134 0.0265253
3 0.368381 0.627798 0.0120923 0.0384298
3 0.541387 0.827256 0.0414775 0.046471
3 0.486064 0.12306 0.00834913 0.0242889
5 0.604295 0.716938 0.0423854 0.0834383
3 0.370428 0.629496 0.0115508 0.0449341
